0.00000000099999999996 0.00000000099999999996 0.06800575388393184650 0.02002419176687211116 0.00000000099999999996 0.91197004534919601237 0.00000000099999999996 0.00000000099999999996 0.00000000099999999996 0.00000000099999999996 0.00000000099999999996 0.00000000099999999996 
0.00000000099999999994 0.00000000099999999994 0.12146987548678307711 0.00000000099999999994 0.00000000099999999994 0.87834632864491635207 0.00000000099999999994 0.00000000099999999994 0.00000000099999999994 0.00000000099999999994 0.00018378686830057572 0.00000000099999999994 
0.00000000099999999986 0.00000000099999999986 0.00000000099999999986 0.00000000099999999986 0.00000000099999999986 0.00000000099999999986 0.02630169572547606457 0.00000000099999999986 0.97369829427452403436 0.00000000099999999986 0.00000000099999999986 0.00000000099999999986 
0.00000000099999999992 0.00000000099999999992 0.07570970362588824720 0.13642907577639168393 0.00000000099999999992 0.78670466352354007089 0.00000000099999999992 0.00000000099999999992 0.00000000099999999992 0.00000000099999999992 0.00000000099999999992 0.00115654907418018802 
0.00000000099999999972 0.00000000099999999972 0.00000100494019277910 0.99999703651199156607 0.00000000099999999972 0.00000194954781581006 0.00000000099999999972 0.00000000099999999972 0.00000000099999999972 0.00000000099999999972 0.00000000099999999972 0.00000000099999999972 
0.00000000099999999976 0.00000000099999999976 0.00000000099999999976 0.99674414487549967134 0.00000000099999999976 0.00325584512450036818 0.00000000099999999976 0.00000000099999999976 0.00000000099999999976 0.00000000099999999976 0.00000000099999999976 0.00000000099999999976 
0.00000000099999999944 0.99999998900000031110 0.00000000099999999944 0.00000000099999999944 0.00000000099999999944 0.00000000099999999944 0.00000000099999999944 0.00000000099999999944 0.00000000099999999944 0.00000000099999999944 0.00000000099999999944 0.00000000099999999944 
0.00000000099999999979 0.00000000099999999979 0.11001008587962840535 0.11092369771095103581 0.00000000099999999979 0.77906620740942067460 0.00000000099999999979 0.00000000099999999979 0.00000000099999999979 0.00000000099999999979 0.00000000099999999979 0.00000000099999999979 
0.00000000099999999917 0.99999998900000031110 0.00000000099999999917 0.00000000099999999917 0.00000000099999999917 0.00000000099999999917 0.00000000099999999917 0.00000000099999999917 0.00000000099999999917 0.00000000099999999917 0.00000000099999999917 0.00000000099999999917 
0.00000000099999999984 0.00000000099999999984 0.17905069796359618373 0.00000000099999999984 0.00000000099999999984 0.82094929203640398807 0.00000000099999999984 0.00000000099999999984 0.00000000099999999984 0.00000000099999999984 0.00000000099999999984 0.00000000099999999984 
0.00000000099999999979 0.00000000099999999979 0.11628676530460159422 0.14092802108672380923 0.00000000099999999979 0.74278520460867480946 0.00000000099999999979 0.00000000099999999979 0.00000000099999999979 0.00000000099999999979 0.00000000099999999979 0.00000000099999999979 
0.00000000099999999981 0.00000000099999999981 0.00000461400499924484 0.66586847342185329079 0.00000000099999999981 0.30376702554617446284 0.00000000099999999981 0.00000000099999999981 0.00000000099999999981 0.00000000099999999981 0.03035987902697309671 0.00000000099999999981 
0.00000000099999999986 0.00000000099999999986 0.00000000099999999986 0.68340008406638030891 0.00000000099999999986 0.31659990593361975186 0.00000000099999999986 0.00000000099999999986 0.00000000099999999986 0.00000000099999999986 0.00000000099999999986 0.00000000099999999986 
0.00000000099999999977 0.00000000099999999977 0.00000000099999999977 0.99899478207651559725 0.00000000099999999977 0.00100520792348456761 0.00000000099999999977 0.00000000099999999977 0.00000000099999999977 0.00000000099999999977 0.00000000099999999977 0.00000000099999999977 
0.00000000099999999985 0.00000000099999999985 0.00000000099999999985 0.00000000099999999985 0.00000000099999999985 0.00000000099999999985 0.00770290807285520240 0.00000000099999999985 0.90269645093036421368 0.08960063199678050538 0.00000000099999999985 0.00000000099999999985 
0.00000000099999999983 0.00000000099999999983 0.08201421121771820810 0.14664920250668667112 0.00000000099999999983 0.77133657727559523654 0.00000000099999999983 0.00000000099999999983 0.00000000099999999983 0.00000000099999999983 0.00000000099999999983 0.00000000099999999983 
0.00000000099999999977 0.00000000099999999977 0.15566456349779839163 0.08370015008020345593 0.00000000099999999977 0.74692018745234445287 0.00000000099999999977 0.00000000099999999977 0.00000000099999999977 0.01371509096965374888 0.00000000099999999977 0.00000000099999999977 
0.00000000099999999979 0.00000000099999999979 0.06661732923899447989 0.06637967557729787527 0.00000000099999999979 0.61162678597663044933 0.00000000099999999979 0.00000000099999999979 0.00000000099999999979 0.01365291651057301547 0.24172328569650414209 0.00000000099999999979 
0.00000000099999999984 0.00000000099999999984 0.08500398137099235418 0.12237557899261888861 0.00000000099999999984 0.79262043063638887297 0.00000000099999999984 0.00000000099999999984 0.00000000099999999984 0.00000000099999999984 0.00000000099999999984 0.00000000099999999984 
0.00000000099999999898 0.00000000099999999898 0.00000000099999999898 0.00000000099999999898 0.00000000099999999898 0.00000000099999999898 0.00000000099999999898 0.00000000099999999898 0.00000000099999999898 0.00000000099999999898 0.99999998899999997803 0.00000000099999999898 
0.00000000099999999940 0.99999998900000031110 0.00000000099999999940 0.00000000099999999940 0.00000000099999999940 0.00000000099999999940 0.00000000099999999940 0.00000000099999999940 0.00000000099999999940 0.00000000099999999940 0.00000000099999999940 0.00000000099999999940 
0.00000000099999999895 0.00000000099999999895 0.00000000099999999895 0.00000000099999999895 0.00000000099999999895 0.00000000099999999895 0.00000000099999999895 0.00000000099999999895 0.00000000099999999895 0.00000000099999999895 0.99999998899999997803 0.00000000099999999895 
0.00000000099999999988 0.00000000099999999988 0.00000000099999999988 0.77090630427103312705 0.00000000099999999988 0.22909368572896715577 0.00000000099999999988 0.00000000099999999988 0.00000000099999999988 0.00000000099999999988 0.00000000099999999988 0.00000000099999999988 
0.00000000099999999926 0.99999998900000020008 0.00000000099999999926 0.00000000099999999926 0.00000000099999999926 0.00000000099999999926 0.00000000099999999926 0.00000000099999999926 0.00000000099999999926 0.00000000099999999926 0.00000000099999999926 0.00000000099999999926 
0.00000000099999999932 0.00000000099999999932 0.99999998900000008906 0.00000000099999999932 0.00000000099999999932 0.00000000099999999932 0.00000000099999999932 0.00000000099999999932 0.00000000099999999932 0.00000000099999999932 0.00000000099999999932 0.00000000099999999932 
0.00000000099999999981 0.00000000099999999981 0.12821963068721722867 0.00000000099999999981 0.00000000099999999981 0.87013936631002841704 0.00000000099999999981 0.00000000099999999981 0.00000000099999999981 0.00000000099999999981 0.00164099400275435447 0.00000000099999999981 
0.00000000099999999966 0.00000000099999999966 0.09121135835931547253 0.86600466061002856488 0.00000000099999999966 0.00518447773675542907 0.00000000099999999966 0.00000000099999999966 0.00000000099999999966 0.03759949529390062273 0.00000000099999999966 0.00000000099999999966 
0.00000000099999999967 0.00000000099999999967 0.23275440134536834469 0.09040398680921195307 0.00000000099999999967 0.65999258035868213490 0.00000000099999999967 0.00000000099999999967 0.00000000099999999967 0.01684902348673760278 0.00000000099999999967 0.00000000099999999967 
0.00000000099999999986 0.02777007734828472116 0.00000000099999999986 0.00000000099999999986 0.73946292208450747907 0.00000000099999999986 0.00000000099999999986 0.00000000099999999986 0.00000000099999999986 0.23276699156720795370 0.00000000099999999986 0.00000000099999999986 
0.00000000099999999953 0.99999998900000020008 0.00000000099999999953 0.00000000099999999953 0.00000000099999999953 0.00000000099999999953 0.00000000099999999953 0.00000000099999999953 0.00000000099999999953 0.00000000099999999953 0.00000000099999999953 0.00000000099999999953 
0.00000000099999999984 0.00000000099999999984 0.00000000099999999984 0.99999995324501478322 0.00000000099999999984 0.00000003675498522395 0.00000000099999999984 0.00000000099999999984 0.00000000099999999984 0.00000000099999999984 0.00000000099999999984 0.00000000099999999984 
0.00000000099999999991 0.12762585510418264501 0.15178164990596007544 0.02770151510205744530 0.00000000099999999991 0.67918208639003052607 0.00000000099999999991 0.00000000099999999991 0.00000000099999999991 0.00553776610372855652 0.00817112139404081381 0.00000000099999999991 
0.00000471472439870714 0.00000000538781887527 0.19673739981689011835 0.00091360399026281915 0.00000000099999999998 0.75861664333079892319 0.01655384675958926355 0.00854966474559331474 0.00000000099999999998 0.00400436105547486484 0.01461975718917316036 0.00000000099999999998 
0.00000000099999999983 0.00000000099999999983 0.14297102252916116250 0.09720410595557323064 0.00000000099999999983 0.64021584799663588949 0.00000000099999999983 0.00000000099999999983 0.00000000099999999983 0.02084788435714689248 0.00348825859384399237 0.09527287456763906814 
0.00000000099999999975 0.93458578551118776101 0.00000000099999999975 0.00000000099999999975 0.00000000099999999975 0.06541420448881241079 0.00000000099999999975 0.00000000099999999975 0.00000000099999999975 0.00000000099999999975 0.00000000099999999975 0.00000000099999999975 
0.00000000099999999983 0.00000000099999999983 0.13736882295181007674 0.02554768069796943541 0.00000000099999999983 0.83708348735022053422 0.00000000099999999983 0.00000000099999999983 0.00000000099999999983 0.00000000099999999983 0.00000000099999999983 0.00000000099999999983 
0.00000000099999999985 0.00000000099999999985 0.00307351956346948486 0.74054233174875627732 0.00000000099999999985 0.24205158724770944878 0.00000000099999999985 0.00000000099999999985 0.00000000099999999985 0.00000000099999999985 0.01433255344006482794 0.00000000099999999985 
0.00000000099999999921 0.00000000099999999921 0.99999998900000008906 0.00000000099999999921 0.00000000099999999921 0.00000000099999999921 0.00000000099999999921 0.00000000099999999921 0.00000000099999999921 0.00000000099999999921 0.00000000099999999921 0.00000000099999999921 
0.00000000099999999986 0.00000000099999999986 0.11154208127605969025 0.13980781639868392063 0.00000000099999999986 0.74865009332525633834 0.00000000099999999986 0.00000000099999999986 0.00000000099999999986 0.00000000099999999986 0.00000000099999999986 0.00000000099999999986 
0.00000000099999999995 0.25278392102936469987 0.08430701256605441229 0.00298871220594824688 0.00000000099999999995 0.65992033588779641651 0.00000000099999999995 0.00000000099999999995 0.00000000099999999995 0.00000000099999999995 0.00000000099999999995 0.00000001131083638896 
0.00000000099999999984 0.14097382499868676975 0.13675827135312407234 0.08860469320497901813 0.00000000099999999984 0.61832469653393862252 0.00000000099999999984 0.00000000099999999984 0.00000000099999999984 0.00548024640502036472 0.00985826150425116003 0.00000000099999999984 
0.01981988407690899942 0.00000000099999999995 0.09815267437269804829 0.12842966228347810209 0.08383899260808645726 0.66761567469082450099 0.00000000099999999995 0.00000000099999999995 0.00000000099999999995 0.00000000099999999995 0.00000000099999999995 0.00214310596800413146 
0.00000000099999999978 0.00000000099999999978 0.00000000099999999978 0.00000000099999999978 0.80609986005632972006 0.00000000099999999978 0.00000000099999999978 0.00000000099999999978 0.00000000099999999978 0.19390012994367036847 0.00000000099999999978 0.00000000099999999978 
0.00000000099999999994 0.00000000099999999994 0.12757138054347375022 0.13648814831553651716 0.00000000099999999994 0.71265964135630732734 0.00000000099999999994 0.00000000099999999994 0.02322618975352057358 0.00000000099999999994 0.00005463303116185100 0.00000000099999999994 
0.00000000099999999971 0.00000000099999999971 0.04617091907787469057 0.95331043177943564082 0.00000000099999999971 0.00000000099999999971 0.00000000099999999971 0.00000000099999999971 0.00000000099999999971 0.00051864014268972192 0.00000000099999999971 0.00000000099999999971 
0.00000000099999999976 0.00000000099999999976 0.02695753582885382707 0.87611882621720349462 0.00000000099999999976 0.09692362895394268651 0.00000000099999999976 0.00000000099999999976 0.00000000099999999976 0.00000000099999999976 0.00000000099999999976 0.00000000099999999976 
0.00000000099999999990 0.00000000099999999990 0.00000000099999999990 0.00000000099999999990 0.97569323515718586748 0.00000000099999999990 0.02430675484281429738 0.00000000099999999990 0.00000000099999999990 0.00000000099999999990 0.00000000099999999990 0.00000000099999999990 
0.00000000099999999989 0.00000000099999999989 0.00000000099999999989 0.00000000099999999989 0.78488461398509212774 0.00000000099999999989 0.00000000099999999989 0.00000000099999999989 0.00000000099999999989 0.17344830776366004788 0.00000000099999999989 0.04166706925124800953 
0.02561296662421534004 0.00000000099999999991 0.00000000099999999991 0.00000000099999999991 0.76911271145758830503 0.00000000099999999991 0.00000000099999999991 0.00000000099999999991 0.00000000099999999991 0.14780623957119512490 0.00000000099999999991 0.05746807434700128281 
0.47008790125145782923 0.00000000099999999994 0.00000000099999999994 0.00000000099999999994 0.27139104153053755786 0.00000000099999999994 0.23872579489810721864 0.01825256604631797855 0.00000000099999999994 0.00000000099999999994 0.00000000099999999994 0.00154268927357946190 
0.22283650220768466688 0.00000000099999999998 0.00000000099999999998 0.00126493968599715218 0.58548756342218699622 0.00000000099999999998 0.05343297477158908543 0.02641346029804931758 0.00000000099999999998 0.07266395318490133370 0.00000000099999999998 0.03790060142959165990 
0.82086058801046390965 0.00000000099999999978 0.00000000099999999978 0.00000000099999999978 0.00000000099999999978 0.00000000099999999978 0.07839149504690318127 0.00000000099999999978 0.00000000099999999978 0.10074790794263309424 0.00000000099999999978 0.00000000099999999978 
0.79959759767889648785 0.00000000099999999973 0.00000000099999999973 0.00000000099999999973 0.00000000099999999973 0.00000000099999999973 0.00000000099999999973 0.00000000099999999973 0.00000000099999999973 0.20040239232110385048 0.00000000099999999973 0.00000000099999999973 
0.10752666122882564848 0.00000000099999999996 0.00000002633484368186 0.00000000099999999996 0.51422989296284571381 0.00000000099999999996 0.12070217204813582512 0.01548833319573521446 0.00000000099999999996 0.20766422851185412091 0.00000000099999999996 0.03438868071775991880 
0.75125039601286303093 0.00000000099999999964 0.00000000099999999964 0.00000000099999999964 0.00000000099999999964 0.00000000099999999964 0.00000000099999999964 0.00000000099999999964 0.00000000099999999964 0.24874959398713730740 0.00000000099999999964 0.00000000099999999964 
0.99999998900000020008 0.00000000099999999981 0.00000000099999999981 0.00000000099999999981 0.00000000099999999981 0.00000000099999999981 0.00000000099999999981 0.00000000099999999981 0.00000000099999999981 0.00000000099999999981 0.00000000099999999981 0.00000000099999999981 
0.09448243039633182072 0.00000000099999999997 0.00000000099999999997 0.02423559731481689586 0.53517765016870477712 0.00000000099999999997 0.17233902532180922496 0.00035102049454949268 0.00000000099999999997 0.13966920297858909095 0.00029220751309628996 0.03345286181210235799 
0.71204366833091570221 0.00000000099999999988 0.00000000099999999988 0.00000000099999999988 0.07287153432466733638 0.00000000099999999988 0.21508478465400535096 0.00000000469041178178 0.00000000099999999988 0.00000000099999999988 0.00000000099999999988 0.00000000099999999988 
0.00000000099999999945 0.00000000099999999945 0.00000000099999999945 0.00000000099999999945 0.00000000099999999945 0.00000000099999999945 0.00000000099999999945 0.00000000099999999945 0.00000000099999999945 0.00000000099999999945 0.99999998899999986701 0.00000000099999999945 
0.71006142099502500553 0.00000000099999999976 0.00000000099999999976 0.00000000099999999976 0.00000000099999999976 0.00000000099999999976 0.00000000099999999976 0.00000000099999999976 0.00000000099999999976 0.28993856900497538831 0.00000000099999999976 0.00000000099999999976 
0.68083134516228338562 0.00000000099999999969 0.00000000099999999969 0.00000000099999999969 0.00000000099999999969 0.00000000099999999969 0.00000000099999999969 0.00000000099999999969 0.00000000099999999969 0.31916864483771689720 0.00000000099999999969 0.00000000099999999969 
0.75557338474527724337 0.00000000099999999974 0.00000000099999999974 0.00000000099999999974 0.00000000099999999974 0.00000000099999999974 0.00000000099999999974 0.00000000099999999974 0.00000000099999999974 0.24442660525472292843 0.00000000099999999974 0.00000000099999999974 
0.76027631776288828735 0.00000000099999999976 0.00000000099999999976 0.00000000099999999976 0.00000000099999999976 0.00000000099999999976 0.00000000099999999976 0.00000000099999999976 0.00000000099999999976 0.23972367223711196771 0.00000000099999999976 0.00000000099999999976 
0.72533864262706304604 0.00000000099999999974 0.00000000099999999974 0.00000000099999999974 0.00000000099999999974 0.00000000099999999974 0.00000000099999999974 0.00000000099999999974 0.00000000099999999974 0.27466134737293718127 0.00000000099999999974 0.00000000099999999974 
0.82377180494582447068 0.00000000099999999977 0.00000000099999999977 0.00000000099999999977 0.00000000099999999977 0.00000000099999999977 0.00000000099999999977 0.00000000099999999977 0.00000000099999999977 0.17622818505417570112 0.00000000099999999977 0.00000000099999999977 
0.00000000099999999994 0.07492996569402801676 0.00000000099999999994 0.65106503008538330057 0.00000000099999999994 0.27400481713896324143 0.00000000099999999994 0.00000000099999999994 0.00000000099999999994 0.00000000099999999994 0.00000017908162561148 0.00000000099999999994 
0.00000000099999999972 0.00000000099999999972 0.03146861723387953808 0.86404508172943716993 0.00000000099999999972 0.10448629203668347021 0.00000000099999999972 0.00000000099999999972 0.00000000099999999972 0.00000000099999999972 0.00000000099999999972 0.00000000099999999972 
0.00000000099999999969 0.00000000099999999969 0.00000000099999999969 0.00001235660227287114 0.00000000099999999969 0.21903342636400829901 0.00000000099999999969 0.00000000099999999969 0.00000000099999999969 0.00000000099999999969 0.78095420803371873308 0.00000000099999999969 
0.00000000099999999944 0.99999998900000031110 0.00000000099999999944 0.00000000099999999944 0.00000000099999999944 0.00000000099999999944 0.00000000099999999944 0.00000000099999999944 0.00000000099999999944 0.00000000099999999944 0.00000000099999999944 0.00000000099999999944 
0.00000000099999999972 0.00000000099999999972 0.99999998900000020008 0.00000000099999999972 0.00000000099999999972 0.00000000099999999972 0.00000000099999999972 0.00000000099999999972 0.00000000099999999972 0.00000000099999999972 0.00000000099999999972 0.00000000099999999972 
0.00000000099999999976 0.00000000099999999976 0.34962222338935849963 0.04430288323190297722 0.00000000099999999976 0.60607488437873857645 0.00000000099999999976 0.00000000099999999976 0.00000000099999999976 0.00000000099999999976 0.00000000099999999976 0.00000000099999999976 
0.00000000099999999911 0.00000000099999999911 0.99999998900000020008 0.00000000099999999911 0.00000000099999999911 0.00000000099999999911 0.00000000099999999911 0.00000000099999999911 0.00000000099999999911 0.00000000099999999911 0.00000000099999999911 0.00000000099999999911 
0.00000000099999999985 0.01361335713618833272 0.11327114541605400044 0.07786567696702842434 0.00000000099999999985 0.79524981248072923457 0.00000000099999999985 0.00000000099999999985 0.00000000099999999985 0.00000000099999999985 0.00000000099999999985 0.00000000099999999985 
0.00000000099999999980 0.00000000099999999980 0.07933517165881631694 0.17017563241660590978 0.00000000099999999980 0.75048918692457777802 0.00000000099999999980 0.00000000099999999980 0.00000000099999999980 0.00000000099999999980 0.00000000099999999980 0.00000000099999999980 
0.00000000099999999962 0.00000000099999999962 0.05418007495496215270 0.91760937144915488695 0.00000000099999999962 0.00000000099999999962 0.00000000099999999962 0.00000000099999999962 0.00000000099999999962 0.02821054459588308305 0.00000000099999999962 0.00000000099999999962 
0.00000000099999999896 0.00000000099999999896 0.00000000099999999896 0.00000000099999999896 0.00000000099999999896 0.00000000099999999896 0.00000000099999999896 0.00000000099999999896 0.00000000099999999896 0.00000000099999999896 0.99999998899999997803 0.00000000099999999896 
0.00000000099999999978 0.00000000099999999978 0.06533922354913881958 0.75401656288624108182 0.00000000099999999978 0.14108717069816315015 0.00000000099999999978 0.00000000099999999978 0.00000000099999999978 0.03955703486645697348 0.00000000099999999978 0.00000000099999999978 
0.00000000099999999973 0.00000000099999999973 0.11893658823879775521 0.14220564782937855641 0.00000000099999999973 0.73885775493182381801 0.00000000099999999973 0.00000000099999999973 0.00000000099999999973 0.00000000099999999973 0.00000000099999999973 0.00000000099999999973 
0.00000000099999999973 0.00000000099999999973 0.00000000099999999973 0.00000000099999999973 0.83734751669871909652 0.00000000099999999973 0.00000000099999999973 0.00000000099999999973 0.00000000099999999973 0.16265247330128099201 0.00000000099999999973 0.00000000099999999973 
0.00000000099999999982 0.00000000099999999982 0.09655428992962611368 0.00000000099999999982 0.00000000099999999982 0.90344570007037394710 0.00000000099999999982 0.00000000099999999982 0.00000000099999999982 0.00000000099999999982 0.00000000099999999982 0.00000000099999999982 
0.00000000099999999986 0.00000000099999999986 0.00004304730327310216 0.68060933701169079590 0.00000000099999999986 0.31934760668503625602 0.00000000099999999986 0.00000000099999999986 0.00000000099999999986 0.00000000099999999986 0.00000000099999999986 0.00000000099999999986 
0.00000000099999999915 0.00000000099999999915 0.99999998900000020008 0.00000000099999999915 0.00000000099999999915 0.00000000099999999915 0.00000000099999999915 0.00000000099999999915 0.00000000099999999915 0.00000000099999999915 0.00000000099999999915 0.00000000099999999915 
0.00000000099999999983 0.00000000099999999983 0.10491512961760364464 0.00000000099999999983 0.00000000099999999983 0.89508486038239643001 0.00000000099999999983 0.00000000099999999983 0.00000000099999999983 0.00000000099999999983 0.00000000099999999983 0.00000000099999999983 
0.00000000099999999975 0.00000000099999999975 0.08707989183868118654 0.13570613200884615313 0.00000000099999999975 0.77721396715247281772 0.00000000099999999975 0.00000000099999999975 0.00000000099999999975 0.00000000099999999975 0.00000000099999999975 0.00000000099999999975 
0.00000000099999999992 0.00000000099999999992 0.10580138192493987459 0.00239992384871218125 0.00000000099999999992 0.88629010512786821074 0.00000000099999999992 0.00000000099999999992 0.00000000099999999992 0.00000000099999999992 0.00550858109847969252 0.00000000099999999992 
0.00000000099999999970 0.00000000099999999970 0.08631263714113028562 0.82452531424182029518 0.00000000099999999970 0.08469790536258105240 0.00000000099999999970 0.00000000099999999970 0.00000000099999999970 0.00000000099999999970 0.00446413525446851325 0.00000000099999999970 
0.00000000099999999994 0.00000000099999999994 0.00000000099999999994 0.00000000099999999994 0.94032068276216829172 0.00000000099999999994 0.05753349086192511425 0.00214581737590658229 0.00000000099999999994 0.00000000099999999994 0.00000000099999999994 0.00000000099999999994 
0.00000000099999999932 0.00000000099999999932 0.99999998900000008906 0.00000000099999999932 0.00000000099999999932 0.00000000099999999932 0.00000000099999999932 0.00000000099999999932 0.00000000099999999932 0.00000000099999999932 0.00000000099999999932 0.00000000099999999932 
0.00000000099999999942 0.00000000099999999942 0.99999998900000020008 0.00000000099999999942 0.00000000099999999942 0.00000000099999999942 0.00000000099999999942 0.00000000099999999942 0.00000000099999999942 0.00000000099999999942 0.00000000099999999942 0.00000000099999999942 
0.00000000099999999988 0.00000000099999999988 0.04173973929234869873 0.12344242288689942499 0.00000000099999999988 0.83481782882075206143 0.00000000099999999988 0.00000000099999999988 0.00000000099999999988 0.00000000099999999988 0.00000000099999999988 0.00000000099999999988 
0.00000000099999999982 0.00000000099999999982 0.00000000099999999982 0.00000000099999999982 0.00001492282566019129 0.00000000099999999982 0.31901908699186476426 0.22619782983354602690 0.35304083080894610447 0.10172732253998274798 0.00000000099999999982 0.00000000099999999982 
0.07182936500161071769 0.00000000099999999986 0.00000000099999999986 0.00000000099999999986 0.07239294575205404425 0.00000000099999999986 0.76224351601530471179 0.00000000099999999986 0.00000000099999999986 0.09353416523103066926 0.00000000099999999986 0.00000000099999999986 
0.00000000099999999963 0.00000000099999999963 0.00000000099999999963 0.00000000099999999963 0.00000000099999999963 0.00000000099999999963 0.81177463449661435568 0.00000000099999999963 0.00000000099999999963 0.18822535550338570509 0.00000000099999999963 0.00000000099999999963 
0.00000000099999999927 0.00000000099999999927 0.00000000099999999927 0.00000000099999999927 0.00000000099999999927 0.00000000099999999927 0.00000000099999999927 0.00000000099999999927 0.99999998899999997803 0.00000000099999999927 0.00000000099999999927 0.00000000099999999927 
0.00000000099999999915 0.00000000099999999915 0.00000000099999999915 0.00000000099999999915 0.00000000099999999915 0.00000000099999999915 0.00000000099999999915 0.00000000099999999915 0.99999998899999997803 0.00000000099999999915 0.00000000099999999915 0.00000000099999999915 
0.00000000099999999978 0.00000000099999999978 0.17275175555367131008 0.00000000099999999978 0.00000000099999999978 0.82610618668122537400 0.00000000099999999978 0.00000000099999999978 0.00000000099999999978 0.00000000099999999978 0.00114204876510328552 0.00000000099999999978 
0.04449088685550515315 0.00000000099999999992 0.00000000099999999992 0.00000000099999999992 0.08752561566428125606 0.00000000099999999992 0.73625265564762754078 0.01574406980754808338 0.00000000099999999992 0.11598676502503786623 0.00000000099999999992 0.00000000099999999992 
0.11536299448593514971 0.00000000099999999992 0.00000000099999999992 0.00000000099999999992 0.20823704472904486229 0.00000000099999999992 0.61392434237227033744 0.03703448234794979449 0.02303340796850236044 0.00000000099999999992 0.00000000099999999992 0.00240772209629747710 
0.00001752881146357350 0.00000000099999999988 0.00000000099999999988 0.00000000099999999988 0.04647372316183653179 0.00000000099999999988 0.72550946881233202568 0.00557017154681023734 0.00001766725998384570 0.22241143440757385474 0.00000000099999999988 0.00000000099999999988 
0.00000000099999999977 0.00000000099999999977 0.00000000099999999977 0.00000000099999999977 0.00000141070169387434 0.00000000099999999977 0.78534259103724790574 0.00000000099999999977 0.00000000099999999977 0.21465598926105841637 0.00000000099999999977 0.00000000099999999977 
0.00000000099999999966 0.00000000099999999966 0.00000000099999999966 0.00000000099999999966 0.00000000099999999966 0.00000000099999999966 0.81068053951963914283 0.00000000099999999966 0.00000000099999999966 0.18931945048036097345 0.00000000099999999966 0.00000000099999999966 
0.00000000099999999912 0.00000000099999999912 0.00000000099999999912 0.00000000099999999912 0.00000000099999999912 0.00000000099999999912 0.00000000099999999912 0.00000000099999999912 0.99999998900000008906 0.00000000099999999912 0.00000000099999999912 0.00000000099999999912 
0.00000000099999999933 0.00000000099999999933 0.00000000099999999933 0.00000000099999999933 0.00000000099999999933 0.00000000099999999933 0.00000000099999999933 0.00000000099999999933 0.99999998900000008906 0.00000000099999999933 0.00000000099999999933 0.00000000099999999933 
0.00000000099999999987 0.00000000099999999987 0.00000000099999999987 0.00000000099999999987 0.09086280385282204108 0.00000000099999999987 0.77314131368031169256 0.00000000099999999987 0.00000000099999999987 0.13599587346686639600 0.00000000099999999987 0.00000000099999999987 
0.00000000099999999961 0.00000000099999999961 0.00000000099999999961 0.00000000099999999961 0.00000000099999999961 0.00000000099999999961 0.82333504408632296467 0.00000000099999999961 0.00000000099999999961 0.17666494591367704059 0.00000000099999999961 0.00000000099999999961 
0.08421847854501442188 0.00000000099999999989 0.00000000099999999989 0.00000000099999999989 0.17124949496447361419 0.00000000099999999989 0.74429443996218636048 0.00023757852832578016 0.00000000099999999989 0.00000000099999999989 0.00000000099999999989 0.00000000099999999989 
0.00000000099999999990 0.00000000099999999990 0.00000000099999999990 0.00000000099999999990 0.10258926264113439608 0.00000000099999999990 0.62226791247532842188 0.00821229771602153581 0.03989683672101608514 0.22703368344649965671 0.00000000099999999990 0.00000000099999999990 
0.14380481331752253960 0.00000000099999999996 0.00000000099999999996 0.00000000099999999996 0.19349137332585328308 0.00000000099999999996 0.59515871600112146833 0.02387844817553362933 0.02164403633000884508 0.01979527568965320367 0.00000000099999999996 0.00222733216030714760 
0.02717726383770887807 0.00000000099999999988 0.00000000099999999988 0.00000000099999999988 0.03015986586447756343 0.00000000099999999988 0.36620353563766272487 0.24095065899499798490 0.33550866866515299813 0.00000000099999999988 0.00000000099999999988 0.00000000099999999988 
0.10838283923662025976 0.00000000099999999991 0.00000000099999999991 0.00000000099999999991 0.21572357968487726465 0.00000000099999999991 0.61202390702040665449 0.02847362081415374946 0.03539604624394214472 0.00000000099999999991 0.00000000099999999991 0.00000000099999999991 
0.09946509505690159791 0.00000000099999999994 0.00000000099999999994 0.00000000099999999994 0.20423211436239704919 0.00000000099999999994 0.66506976772670489684 0.00000245204036832976 0.03123056381362829953 0.00000000099999999994 0.00000000099999999994 0.00000000099999999994 
0.13109806680497093634 0.00000000099999999991 0.00000000099999999991 0.00000000099999999991 0.09156991965505996423 0.00000000099999999991 0.72224738867315196877 0.00007536427916789124 0.00000000099999999991 0.05500925358764927053 0.00000000099999999991 0.00000000099999999991 
0.00851439817438548463 0.00000000099999999978 0.00000000099999999978 0.00000000099999999978 0.88868665245434041999 0.00000000099999999978 0.00000000099999999978 0.00000000114716394708 0.00000000099999999978 0.10279894022411008303 0.00000000099999999978 0.00000000099999999978 
0.16010774172924735481 0.00000000099999999989 0.00000000099999999989 0.00000000099999999989 0.06402185274944069415 0.00000000099999999989 0.24690929168409089800 0.17450645456734129035 0.35445465226987971086 0.00000000099999999989 0.00000000099999999989 0.00000000099999999989 
0.14840199564289238698 0.00000000099999999998 0.00000000099999999998 0.00011584641029486871 0.51756342738132621317 0.01395879442351874791 0.11357983793459934529 0.00100101644370597406 0.00096081031709796798 0.16219546212621405168 0.00000000099999999998 0.04222280632035045611 
0.04899377975771969373 0.00000000099999999980 0.00000000099999999980 0.00000000099999999980 0.93404659961899760834 0.00000000099999999980 0.00000000099999999980 0.00000000099999999980 0.00000000099999999980 0.01695961162328290736 0.00000000099999999980 0.00000000099999999980 
0.09135505332549311019 0.00000000099999999988 0.00000000099999999988 0.00000000099999999988 0.00298604358017248283 0.00000000099999999988 0.15723780872177231527 0.20855658006602567633 0.53986450730653656738 0.00000000099999999988 0.00000000099999999988 0.00000000099999999988 
0.14416239796360441616 0.00000000099999999989 0.00000000099999999989 0.00000000099999999989 0.00912951839299907392 0.00000000099999999989 0.32016417131264812701 0.12711832402821837684 0.32366278312386909111 0.07576279917866107771 0.00000000099999999989 0.00000000099999999989 
0.16047771953766534758 0.00000000099999999992 0.00000000099999999992 0.00000000099999999992 0.04710768084413096551 0.00000000099999999992 0.26164382968501359583 0.17477861894213927996 0.31681342569285070310 0.03917871929820015281 0.00000000099999999992 0.00000000099999999992 
0.00371788214710226141 0.00000000099999999990 0.00000000099999999990 0.00000000099999999990 0.98006967921830712154 0.00000000099999999990 0.00000000099999999990 0.01621242963459070680 0.00000000099999999990 0.00000000099999999990 0.00000000099999999990 0.00000000099999999990 
0.91984322295358822430 0.00000000099999999979 0.00000000099999999979 0.00000000099999999979 0.00000000099999999979 0.00000000099999999979 0.00000000099999999979 0.00000000099999999979 0.00000000099999999979 0.08015676704641197525 0.00000000099999999979 0.00000000099999999979 
0.00600453807253285062 0.00000000099999999987 0.00000000099999999987 0.00000000099999999987 0.92625302606698212138 0.00000000099999999987 0.06774067684031921666 0.00000175102016589498 0.00000000099999999987 0.00000000099999999987 0.00000000099999999987 0.00000000099999999987 
0.00000000099999999951 0.00000000099999999951 0.00000000099999999951 0.00000000099999999951 0.00000000099999999951 0.00000000099999999951 0.00000000099999999951 0.00000000099999999951 0.99999998899999997803 0.00000000099999999951 0.00000000099999999951 0.00000000099999999951 
0.06100711311026151690 0.00000000099999999986 0.00000000099999999986 0.00000000099999999986 0.00010671675834036519 0.00000000099999999986 0.14507752555965483521 0.20355545113179626671 0.59025318643994706402 0.00000000099999999986 0.00000000099999999986 0.00000000099999999986 
0.19584785938916227099 0.00000000099999999998 0.00000000099999999998 0.00667518248947587996 0.55106762074725479383 0.00000000100391218867 0.03931433140228010603 0.05414877024653217547 0.01285192959054121467 0.10423027008899787837 0.00000000099999999998 0.03586403204184351878 
0.12200643647420457427 0.00000000099999999994 0.00000000099999999994 0.00000000099999999994 0.06281916826625015549 0.00000000099999999994 0.27852329830017408252 0.15773043550219315034 0.37892065445717804106 0.00000000099999999994 0.00000000099999999994 0.00000000099999999994 
0.13907760550393075127 0.00000000099999999988 0.00000000099999999988 0.00000000099999999988 0.04046475131811935744 0.00000000099999999988 0.25179898009546874960 0.19350195128289549018 0.37515670479958562744 0.00000000099999999988 0.00000000099999999988 0.00000000099999999988 
0.14493884086658712085 0.00000000099999999980 0.00000000099999999980 0.00000000099999999980 0.00000000099999999980 0.00000000099999999980 0.77632529487353951758 0.00000000129521619442 0.00000000099999999980 0.07873585496465709821 0.00000000099999999980 0.00000000099999999980 
0.00000000099999999954 0.00000000099999999954 0.00000000099999999954 0.00000000099999999954 0.00000000099999999954 0.00000000099999999954 0.00000000099999999954 0.00000000099999999954 0.90683326455989188286 0.09316672544010817791 0.00000000099999999954 0.00000000099999999954 
0.00000000099999999949 0.00000000099999999949 0.00000000099999999949 0.00000000099999999949 0.00000000099999999949 0.00000000099999999949 0.00000000099999999949 0.00000000099999999949 0.99999998900000008906 0.00000000099999999949 0.00000000099999999949 0.00000000099999999949 
0.00000000099999999958 0.00000000099999999958 0.00000000099999999958 0.00000000099999999958 0.00000000099999999958 0.00000000099999999958 0.00000000099999999958 0.00000000099999999958 0.99999998900000008906 0.00000000099999999958 0.00000000099999999958 0.00000000099999999958 
0.08816382203308982535 0.00000000099999999990 0.00000000099999999990 0.00000000099999999990 0.04359072909645553967 0.00000000099999999990 0.23728499321280455137 0.17690995331919479039 0.43312772663115861604 0.02092276970729676361 0.00000000099999999990 0.00000000099999999990 
0.10120390512704435793 0.00000000099999999992 0.00000000099999999992 0.00000000099999999992 0.09818595719378184206 0.00000000099999999992 0.26377760135607891678 0.13327129353010366830 0.40356123579299119086 0.00000000099999999992 0.00000000099999999992 0.00000000099999999992 
0.22042507135782304917 0.00000000099999999990 0.00000000099999999990 0.00000000099999999990 0.02381877592819929210 0.00000000099999999990 0.68443292278587819499 0.00637617767999444640 0.00000000099999999990 0.06494704524810521185 0.00000000099999999990 0.00000000099999999990 
0.12282177610953792790 0.00000000099999999989 0.00000000099999999989 0.00000000099999999989 0.03528675670568721251 0.00000000099999999989 0.24341017034887751924 0.17903784710859113605 0.35744041445556251624 0.06200302927174367734 0.00000000099999999989 0.00000000099999999989 
0.14010544632028809620 0.00000000099999999990 0.00000000099999999990 0.00000000099999999990 0.06795630760473003740 0.00000000099999999990 0.24824978417616291870 0.16548475609056226276 0.33698299340261322898 0.04122070640564342442 0.00000000099999999990 0.00000000099999999990 
0.00000015680772031855 0.00000000099999999984 0.00000000099999999984 0.00000000099999999984 0.99999983319227980783 0.00000000099999999984 0.00000000099999999984 0.00000000099999999984 0.00000000099999999984 0.00000000099999999984 0.00000000099999999984 0.00000000099999999984 
0.00000000099999999973 0.00000000099999999973 0.00000000099999999973 0.00000000099999999973 0.00000000099999999973 0.00000000099999999973 0.82650067998287934934 0.00000000099999999973 0.00000000099999999973 0.17349931001712073919 0.00000000099999999973 0.00000000099999999973 
0.96582215947301353065 0.00000000099999999981 0.00000000099999999981 0.00000000099999999981 0.00000000099999999981 0.00000000099999999981 0.00000000099999999981 0.00000000099999999981 0.00000000099999999981 0.03417783052698661339 0.00000000099999999981 0.00000000099999999981 
0.03258755461338783826 0.00000000099999999985 0.00000000099999999985 0.00000000099999999985 0.94611925329945179008 0.00000000099999999985 0.00000000099999999985 0.00000000099999999985 0.00000000099999999985 0.02129318308716039720 0.00000000099999999985 0.00000000099999999985 
0.00000000099999999955 0.00000000099999999955 0.00000000099999999955 0.00000000099999999955 0.00000000099999999955 0.00000000099999999955 0.00000000099999999955 0.00000000099999999955 0.99999998899999997803 0.00000000099999999955 0.00000000099999999955 0.00000000099999999955 
0.13495661583405860195 0.00000000099999999987 0.00000000099999999987 0.00000000099999999987 0.00000000099999999987 0.00000000099999999987 0.19586831573437082921 0.25414873461116055386 0.38048002094685023922 0.03454630587355976556 0.00000000099999999987 0.00000000099999999987 
0.12823615930088108628 0.00000000099999999993 0.00000000099999999993 0.00000000099999999993 0.08633267220408348541 0.00000000099999999993 0.36265489503653092207 0.09870885941669994834 0.26536514453770648769 0.05870226350409794847 0.00000000099999999993 0.00000000099999999993 
0.99999998900000020008 0.00000000099999999977 0.00000000099999999977 0.00000000099999999977 0.00000000099999999977 0.00000000099999999977 0.00000000099999999977 0.00000000099999999977 0.00000000099999999977 0.00000000099999999977 0.00000000099999999977 0.00000000099999999977 
