0.00000000099999999951 0.00000000099999999951 0.00000000099999999951 0.00000000099999999951 0.00000000099999999951 0.00000000099999999951 0.00000000099999999951 0.31708221796628044409 0.68291777403371944910 0.00000000099999999951 
0.87958043706283572938 0.00000000099999999996 0.00000000099999999996 0.10086282122617468149 0.00000000099999999996 0.01384049921316059771 0.00000000099999999996 0.00571623649782898938 0.00000000099999999996 0.00000000099999999996 
0.00000000099999999991 0.00000000099999999991 0.00000000099999999991 0.00000000099999999991 0.00000000099999999991 0.00000000099999999991 0.99995777440106958789 0.00004221759893044117 0.00000000099999999991 0.00000000099999999991 
0.00000000099999999992 0.00000000099999999992 0.00000000099999999992 0.00419797655620452858 0.00000000099999999992 0.00000000099999999992 0.98991305738816126603 0.00000000099999999992 0.00588895905563422816 0.00000000099999999992 
0.80804324120324866332 0.00000000099999999996 0.01242731188920113798 0.05767894723489313397 0.00000000099999999996 0.08189133011060113765 0.00000000099999999996 0.00000078294433078843 0.03995838261772519107 0.00000000099999999996 
0.84167035744119267360 0.00000000099999999997 0.01675302188153600033 0.03423470111659988879 0.00000000099999999997 0.06749121623572847117 0.00000000099999999997 0.00000000099999999997 0.03985069832494305547 0.00000000099999999997 
0.00000000099999999957 0.00000000099999999957 0.00000000099999999957 0.00000000099999999957 0.99999999100000003249 0.00000000099999999957 0.00000000099999999957 0.00000000099999999957 0.00000000099999999957 0.00000000099999999957 
0.00000000099999999929 0.00000000099999999929 0.00000000099999999929 0.00000000099999999929 0.99999999100000003249 0.00000000099999999929 0.00000000099999999929 0.00000000099999999929 0.00000000099999999929 0.00000000099999999929 
0.86419218445247480975 0.00000000099999999988 0.00000000099999999988 0.13580775749160403643 0.00000000099999999988 0.00000005105592120921 0.00000000099999999988 0.00000000099999999988 0.00000000099999999988 0.00000000099999999988 
0.00000000099999999954 0.00000000099999999954 0.00000000099999999954 0.00000000099999999954 0.99999999100000014352 0.00000000099999999954 0.00000000099999999954 0.00000000099999999954 0.00000000099999999954 0.00000000099999999954 
0.75983681356860333089 0.00000000099999999982 0.00000000099999999982 0.24016317843139681210 0.00000000099999999982 0.00000000099999999982 0.00000000099999999982 0.00000000099999999982 0.00000000099999999982 0.00000000099999999982 
0.00000000099999999945 0.00000000099999999945 0.00000000099999999945 0.00000000099999999945 0.99999999100000003249 0.00000000099999999945 0.00000000099999999945 0.00000000099999999945 0.00000000099999999945 0.00000000099999999945 
0.76496631854170382692 0.00000000099999999990 0.00279451219562283290 0.20947051406003883156 0.00000000099999999990 0.02276864920263460199 0.00000000099999999990 0.00000000099999999990 0.00000000099999999990 0.00000000099999999990 
0.82007842058061486412 0.00000000099999999991 0.00000000099999999991 0.17992157141938519560 0.00000000099999999991 0.00000000099999999991 0.00000000099999999991 0.00000000099999999991 0.00000000099999999991 0.00000000099999999991 
0.85304476821218544469 0.00000000099999999986 0.00000003855539965221 0.14531329446689936202 0.00000000099999999986 0.00164189276551564506 0.00000000099999999986 0.00000000099999999986 0.00000000099999999986 0.00000000099999999986 
0.89050810998113361094 0.00000000099999999996 0.01062148903149208456 0.00934741551293463008 0.00000000099999999996 0.06609495194800228679 0.00000000099999999996 0.02342802852643742495 0.00000000099999999996 0.00000000099999999996 
0.84670689815663946476 0.00000000099999999996 0.00000844930882800276 0.04629263983258270071 0.00000000099999999996 0.05123935605871102195 0.00000000099999999996 0.05575265164323900402 0.00000000099999999996 0.00000000099999999996 
0.00000000099999999963 0.00000000099999999963 0.00000000099999999963 0.00000000099999999963 0.99999999100000014352 0.00000000099999999963 0.00000000099999999963 0.00000000099999999963 0.00000000099999999963 0.00000000099999999963 
0.00000000099999999945 0.00000000099999999945 0.00000000099999999945 0.00000000099999999945 0.99999999100000014352 0.00000000099999999945 0.00000000099999999945 0.00000000099999999945 0.00000000099999999945 0.00000000099999999945 
0.00000000099999999920 0.00000000099999999920 0.00000000099999999920 0.00000000099999999920 0.99999999100000003249 0.00000000099999999920 0.00000000099999999920 0.00000000099999999920 0.00000000099999999920 0.00000000099999999920 
0.00000000099999999965 0.00000000099999999965 0.00000000099999999965 0.00000000099999999965 0.00000000099999999965 0.00000000099999999965 0.00000000099999999965 0.58791194019503090207 0.41208805180496910214 0.00000000099999999965 
0.86231190520231426611 0.00000000099999999991 0.00003483032907655263 0.10738438878751353778 0.00000000099999999991 0.03026886968109570100 0.00000000099999999991 0.00000000099999999991 0.00000000099999999991 0.00000000099999999991 
0.76338760595554866484 0.00000000099999999987 0.00130970995296986518 0.19303225611569108100 0.00000000099999999987 0.04227042197579056193 0.00000000099999999987 0.00000000099999999987 0.00000000099999999987 0.00000000099999999987 
0.00000000099999999934 0.00000000099999999934 0.00000000099999999934 0.00000000099999999934 0.99999999100000003249 0.00000000099999999934 0.00000000099999999934 0.00000000099999999934 0.00000000099999999934 0.00000000099999999934 
0.00000000099999999938 0.00000000099999999938 0.00000000099999999938 0.00000000099999999938 0.99999999100000014352 0.00000000099999999938 0.00000000099999999938 0.00000000099999999938 0.00000000099999999938 0.00000000099999999938 
0.00000000099999999926 0.00000000099999999926 0.00000000099999999926 0.00000000099999999926 0.99999999100000014352 0.00000000099999999926 0.00000000099999999926 0.00000000099999999926 0.00000000099999999926 0.00000000099999999926 
0.01008351330457399504 0.00008363361443161239 0.00709355657621397670 0.00000000099999999998 0.00000000099999999998 0.00324223446502680144 0.30738353415627411858 0.00000000099999999998 0.00000000099999999998 0.67211352388347955777 
0.80416680518605587746 0.00000000099999999985 0.00000000099999999985 0.19583318681394437655 0.00000000099999999985 0.00000000099999999985 0.00000000099999999985 0.00000000099999999985 0.00000000099999999985 0.00000000099999999985 
0.84830437355904153574 0.00000000099999999992 0.00000000099999999992 0.15169561844095871828 0.00000000099999999992 0.00000000099999999992 0.00000000099999999992 0.00000000099999999992 0.00000000099999999992 0.00000000099999999992 
0.00000000099999999968 0.00000000099999999968 0.00000000099999999968 0.00000000099999999968 0.99999999100000003249 0.00000000099999999968 0.00000000099999999968 0.00000000099999999968 0.00000000099999999968 0.00000000099999999968 
0.93778100128161445692 0.00000000099999999976 0.00000000099999999976 0.02922726996395123844 0.00000000099999999976 0.03299172175443431526 0.00000000099999999976 0.00000000099999999976 0.00000000099999999976 0.00000000099999999976 
0.00000000099999999937 0.00000000099999999937 0.00000000099999999937 0.00000000099999999937 0.99999999100000003249 0.00000000099999999937 0.00000000099999999937 0.00000000099999999937 0.00000000099999999937 0.00000000099999999937 
0.00000000099999999993 0.00000000099999999993 0.00000000099999999993 0.00000000099999999993 0.00000000099999999993 0.00000000099999999993 0.99968721846758223926 0.00031277353241774875 0.00000000099999999993 0.00000000099999999993 
0.00000000099999999940 0.00000000099999999940 0.00000000099999999940 0.00000000099999999940 0.00000000099999999940 0.00000000099999999940 0.00000000099999999940 0.00000000099999999940 0.99999999099999992147 0.00000000099999999940 
0.00000000099999999939 0.00000000099999999939 0.00000000099999999939 0.00000000099999999939 0.99999999100000003249 0.00000000099999999939 0.00000000099999999939 0.00000000099999999939 0.00000000099999999939 0.00000000099999999939 
0.80850230068872386280 0.00000000099999999989 0.00000000099999999989 0.17366740419851728339 0.00000000099999999989 0.01783028811275895117 0.00000000099999999989 0.00000000099999999989 0.00000000099999999989 0.00000000099999999989 
0.86311884615146927668 0.00000000099999999992 0.00592098978298802748 0.11217806059231956450 0.00000000099999999992 0.01878209747322316311 0.00000000099999999992 0.00000000099999999992 0.00000000099999999992 0.00000000099999999992 
0.80179567200082801914 0.00000000099999999992 0.00859151673553329616 0.18959491365230787818 0.00000000099999999992 0.00001789161133094161 0.00000000099999999992 0.00000000099999999992 0.00000000099999999992 0.00000000099999999992 
0.00000000099999999919 0.00000000099999999919 0.99999999100000003249 0.00000000099999999919 0.00000000099999999919 0.00000000099999999919 0.00000000099999999919 0.00000000099999999919 0.00000000099999999919 0.00000000099999999919 
0.00000000099999999948 0.00000000099999999948 0.00000000099999999948 0.00000000099999999948 0.99999999100000014352 0.00000000099999999948 0.00000000099999999948 0.00000000099999999948 0.00000000099999999948 0.00000000099999999948 
0.00000000099999999981 0.00000000099999999981 0.00000000099999999981 0.00000000099999999981 0.98198972768002423805 0.00000000099999999981 0.00000000099999999981 0.01588939217221895656 0.00212087314775680560 0.00000000099999999981 
0.00000000099999999968 0.00000000099999999968 0.00000000099999999968 0.00000000099999999968 0.00000000099999999968 0.00000000099999999968 0.00000000099999999968 0.38218461894441546622 0.61781537305558442696 0.00000000099999999968 
0.00000000099999999934 0.00000000099999999934 0.00000000099999999934 0.00000000099999999934 0.00000000099999999934 0.00000000099999999934 0.00000000099999999934 0.00000000099999999934 0.99999999099999992147 0.00000000099999999934 
0.00000000099999999914 0.00000000099999999914 0.99999999100000003249 0.00000000099999999914 0.00000000099999999914 0.00000000099999999914 0.00000000099999999914 0.00000000099999999914 0.00000000099999999914 0.00000000099999999914 
0.00000000099999999973 0.00000000099999999973 0.00000000099999999973 0.00000000099999999973 0.99999999100000003249 0.00000000099999999973 0.00000000099999999973 0.00000000099999999973 0.00000000099999999973 0.00000000099999999973 
0.87631174061884742343 0.00000000099999999999 0.00272638767048573316 0.02024202181563214409 0.00000000099999999999 0.06103753199559835280 0.00335750930284346152 0.03630665891551584229 0.00000000099999999999 0.00001814668107713122 
0.00000000099999999922 0.00000000099999999922 0.00000000099999999922 0.00000000099999999922 0.99999999100000003249 0.00000000099999999922 0.00000000099999999922 0.00000000099999999922 0.00000000099999999922 0.00000000099999999922 
0.00000000099999999967 0.00000000099999999967 0.00000000099999999967 0.00000000099999999967 0.99999999100000003249 0.00000000099999999967 0.00000000099999999967 0.00000000099999999967 0.00000000099999999967 0.00000000099999999967 
0.00000000099999999955 0.00000000099999999955 0.00000000099999999955 0.00000000099999999955 0.99999999100000014352 0.00000000099999999955 0.00000000099999999955 0.00000000099999999955 0.00000000099999999955 0.00000000099999999955 
0.00000000099999999992 0.00000000099999999992 0.00000000099999999992 0.00000000099999999992 0.00000000099999999992 0.00000000099999999992 0.99999999100000003249 0.00000000099999999992 0.00000000099999999992 0.00000000099999999992 
0.00000000099999999951 0.00000000099999999951 0.00000000099999999951 0.99999999100000014352 0.00000000099999999951 0.00000000099999999951 0.00000000099999999951 0.00000000099999999951 0.00000000099999999951 0.00000000099999999951 
0.00000000099999999971 0.00000000099999999971 0.00000000099999999971 0.99999999100000014352 0.00000000099999999971 0.00000000099999999971 0.00000000099999999971 0.00000000099999999971 0.00000000099999999971 0.00000000099999999971 
0.89762270235879038083 0.00000000099999999979 0.00000000099999999979 0.05107889936235952832 0.00000000099999999979 0.05129839127885017086 0.00000000099999999979 0.00000000099999999979 0.00000000099999999979 0.00000000099999999979 
0.81966131245799478400 0.00000000099999999987 0.00484551994234244145 0.14856515434963474265 0.00000000099999999987 0.02692800725002817905 0.00000000099999999987 0.00000000099999999987 0.00000000099999999987 0.00000000099999999987 
0.00000000099999999953 0.00000000099999999953 0.00000000099999999953 0.00000000099999999953 0.99999999100000014352 0.00000000099999999953 0.00000000099999999953 0.00000000099999999953 0.00000000099999999953 0.00000000099999999953 
0.00000000099999999949 0.00000000099999999949 0.00000000099999999949 0.00000000099999999949 0.99999999100000014352 0.00000000099999999949 0.00000000099999999949 0.00000000099999999949 0.00000000099999999949 0.00000000099999999949 
0.00000000099999999949 0.00000000099999999949 0.00000000099999999949 0.00000000099999999949 0.00000000099999999949 0.00000000099999999949 0.00000000099999999949 0.00000000099999999949 0.99999999099999992147 0.00000000099999999949 
0.70312123221528444184 0.00000000099999999991 0.01787961681086265228 0.14637800612234830311 0.00000000099999999991 0.08151421161737217036 0.00000000099999999991 0.00000000099999999991 0.05110692823413244545 0.00000000099999999991 
0.69226179497932371909 0.00000000099999999979 0.00000000099999999979 0.27270513586304878650 0.00000000099999999979 0.03503306215762762993 0.00000000099999999979 0.00000000099999999979 0.00000000099999999979 0.00000000099999999979 
0.75778338581788307060 0.00000915304905890343 0.00000000099999999997 0.00000000099999999997 0.00000000099999999997 0.02852628485725454063 0.20797165830517561069 0.00548855146018851613 0.00022096251043951775 0.00000000099999999997 
0.00000000099999999991 0.00000000099999999991 0.00000000099999999991 0.00000000099999999991 0.03522319052405573081 0.00000000099999999991 0.95940810325690162319 0.00000000099999999991 0.00000000099999999991 0.00536869921904286306 
0.04240959640116723911 0.00000000099999999987 0.00783407050977406351 0.02783918900235545987 0.92191281399139368702 0.00000432509530941957 0.00000000099999999987 0.00000000099999999987 0.00000000099999999987 0.00000000099999999987 
0.00000000099999999981 0.00000000099999999981 0.00000000099999999981 0.00000000099999999981 0.99999999100000003249 0.00000000099999999981 0.00000000099999999981 0.00000000099999999981 0.00000000099999999981 0.00000000099999999981 
0.00000000099999999995 0.00000000099999999995 0.00000000099999999995 0.00000000099999999995 0.07966530879342921534 0.00000000099999999995 0.91773248054886302771 0.00000157335234005341 0.00260063130536776098 0.00000000099999999995 
0.80433461015547591533 0.00000000099999999995 0.01471143193638256401 0.00879445754318541537 0.13159335191791687869 0.04056614344703921710 0.00000000099999999995 0.00000000099999999995 0.00000000099999999995 0.00000000099999999995 
0.07792765823245513535 0.00000547589084853126 0.00000000099999999998 0.00000000099999999998 0.00000000099999999998 0.00000000099999999998 0.28605149493169268471 0.01755473480492991678 0.00000000099999999998 0.61846063114007365780 
0.84076515228028458893 0.00000000099999999977 0.00000000099999999977 0.10079765361808519508 0.00000000099999999977 0.05843718710163028907 0.00000000099999999977 0.00000000099999999977 0.00000000099999999977 0.00000000099999999977 
0.73801174170445460465 0.00000000099999999974 0.00000000099999999974 0.17172990785186917351 0.00000000099999999974 0.09025834344367632267 0.00000000099999999974 0.00000000099999999974 0.00000000099999999974 0.00000000099999999974 
0.02617242832419270152 0.00000000099999999991 0.00000000099999999991 0.92153877817644880288 0.05228878649935869011 0.00000000099999999991 0.00000000099999999991 0.00000000099999999991 0.00000000099999999991 0.00000000099999999991 
0.70721446448757663283 0.00000000099999999991 0.00350499823669581101 0.07103072801961811400 0.16398450844257447812 0.05426529581353491810 0.00000000099999999991 0.00000000099999999991 0.00000000099999999991 0.00000000099999999991 
0.00000000099999999984 0.00000000099999999984 0.00000000099999999984 0.00000000099999999984 0.00000000099999999984 0.00000000099999999984 0.99722327683755018768 0.00000000099999999984 0.00277671516244978574 0.00000000099999999984 
0.98758374458828590559 0.00000000099999999991 0.00000000099999999991 0.00054167397731509539 0.00000000099999999991 0.01187457443439914051 0.00000000099999999991 0.00000000099999999991 0.00000000099999999991 0.00000000099999999991 
0.00476979750195549376 0.02997390933875034372 0.00000983131813416639 0.00015016380805416810 0.15770678264756909925 0.00000001338250252225 0.26511006507607831617 0.00000000099999999999 0.01592139185001638715 0.52635804407693942419 
0.65619627256128176818 0.00000000099999999996 0.00788227346250404415 0.18238799843946712498 0.12733260858948355909 0.02339038526848007463 0.00000000099999999996 0.00000000099999999996 0.00281045767878357593 0.00000000099999999996 
0.00000000099999999982 0.00000000099999999982 0.01985474023461577045 0.02751358841399594024 0.91848070046698859770 0.03415096488439986477 0.00000000099999999982 0.00000000099999999982 0.00000000099999999982 0.00000000099999999982 
0.65130255086140076415 0.00000000099999999998 0.00000000099999999998 0.00000000099999999998 0.33877369399154000362 0.00000019917817504134 0.00992354560801811565 0.00000000099999999998 0.00000000099999999998 0.00000000536086629337 
0.72224528353628381083 0.00000000099999999998 0.02242145946486877317 0.22687715004660014007 0.00000000099999999998 0.00138529689243557666 0.00000000099999999998 0.00000000099999999998 0.00000000099999999998 0.02707080505981180815 
0.94819021359182964481 0.00000000099999999990 0.00000000099999999990 0.00336738615267688458 0.00000000099999999990 0.04844239325549365427 0.00000000099999999990 0.00000000099999999990 0.00000000099999999990 0.00000000099999999990 
0.76142048680136864558 0.00000000099999999975 0.00000000099999999975 0.15103051793006763703 0.00000000099999999975 0.08754898826856390148 0.00000000099999999975 0.00000000099999999975 0.00000000099999999975 0.00000000099999999975 
0.00000000099999999997 0.00000000099999999997 0.00000000165526192878 0.00123586574238713923 0.97046769404970989470 0.00000000099999999997 0.02677425289389926202 0.00152218065874167442 0.00000000099999999997 0.00000000099999999997 
0.00000000099999999994 0.00000000099999999994 0.00000000099999999994 0.00000000099999999994 0.00000000099999999994 0.00000000099999999994 0.99304241927514780297 0.00695757272485201823 0.00000000099999999994 0.00000000099999999994 
0.00000000099999999932 0.00000000099999999932 0.00000000099999999932 0.00000000099999999932 0.99999999100000003249 0.00000000099999999932 0.00000000099999999932 0.00000000099999999932 0.00000000099999999932 0.00000000099999999932 
0.70029146546473908241 0.00000000099999999991 0.00000000099999999991 0.17245689322810181521 0.00000000099999999991 0.01368450805390709034 0.00000000099999999991 0.00000000099999999991 0.11356712725325215918 0.00000000099999999991 
0.83449190685125695932 0.00000000099999999988 0.00000000099999999988 0.16536961319958271011 0.00000000099999999988 0.00013847294916042997 0.00000000099999999988 0.00000000099999999988 0.00000000099999999988 0.00000000099999999988 
0.83705190062596868117 0.00000000099999999998 0.03475456733050419356 0.04936063389773799603 0.00905604588561497933 0.04508630791238324442 0.00000000099999999998 0.00008968742494405864 0.02460085392284698871 0.00000000099999999998 
0.00000000099999999941 0.00000000099999999941 0.00000000099999999941 0.99999999100000003249 0.00000000099999999941 0.00000000099999999941 0.00000000099999999941 0.00000000099999999941 0.00000000099999999941 0.00000000099999999941 
0.85348470270868159737 0.00000000099999999992 0.00000000099999999992 0.12791039820514102376 0.00000000099999999992 0.01860489208617747969 0.00000000099999999992 0.00000000099999999992 0.00000000099999999992 0.00000000099999999992 
0.00000000099999999997 0.00000000099999999997 0.00000000099999999997 0.00000000099999999997 0.09807828459725657921 0.00000000099999999997 0.88826503230502340536 0.01320991209438155539 0.00044676500333832453 0.00000000099999999997 
0.65140813291517063455 0.00000000099999999991 0.01412879043723591112 0.16610847342199580590 0.14421746683173725101 0.02413713139386048506 0.00000000099999999991 0.00000000099999999991 0.00000000099999999991 0.00000000099999999991 
0.77934955698202046381 0.00000000099999999997 0.00000000099999999997 0.11773493949901105149 0.00000000099999999997 0.00000000538096993567 0.09586681249971565344 0.00702475251550573575 0.00000000099999999997 0.00002392912277737836 
0.00000000099999999984 0.00000000099999999984 0.00000000099999999984 0.00000000099999999984 0.00000000099999999984 0.00000000099999999984 0.99674292805967923403 0.00000000099999999984 0.00000000099999999984 0.00325706394032065916 
0.00000000099999999985 0.00000000099999999985 0.00000000099999999985 0.11079336748359217002 0.00000000099999999985 0.00000000099999999985 0.00000000099999999985 0.20135558928579952442 0.68785103623060828149 0.00000000099999999985 
0.77564093511169662776 0.02383881904439364222 0.01385952036810291291 0.15098864001867859375 0.00000000099999999996 0.03567208045712835091 0.00000000099999999996 0.00000000099999999996 0.00000000099999999996 0.00000000099999999996 
0.73594055963284066291 0.00000000099999999994 0.01401443417809087461 0.12553877717783867851 0.00000000099999999994 0.07164041420891505141 0.00000000099999999994 0.00000000099999999994 0.05286580980231479071 0.00000000099999999994 
0.79974308081448752805 0.00000000099999999995 0.01446442927950668950 0.07778970939418544672 0.00000000099999999995 0.07639400814512881110 0.00000000099999999995 0.03160876736669156889 0.00000000099999999995 0.00000000099999999995 
0.00000000099999999973 0.00000000099999999973 0.00000000099999999973 0.00000000099999999973 0.95391923704914738380 0.00000000099999999973 0.00000000099999999973 0.00000000099999999973 0.04608075495085280776 0.00000000099999999973 
0.00000000099999999932 0.00000000099999999932 0.00000000099999999932 0.00000000099999999932 0.00000000099999999932 0.00000000099999999932 0.00000000099999999932 0.01366353447587051115 0.98633645752412957286 0.00000000099999999932 
0.00000000099999999969 0.00000000099999999969 0.00000000099999999969 0.00000000099999999969 0.00000000099999999969 0.00000000099999999969 0.00000000099999999969 0.00000000101052394342 0.99999999098947611742 0.00000000099999999969 
0.00000000099999999952 0.00000000099999999952 0.00000000099999999952 0.00000000099999999952 0.00000000099999999952 0.00000000099999999952 0.00000000099999999952 0.00648101624989415055 0.99351897575010583719 0.00000000099999999952 
0.00207492145162434510 0.00000000099999999993 0.00000000099999999993 0.00000000099999999993 0.00000000099999999993 0.00000000099999999993 0.00000000099999999993 0.36597442891308040736 0.63195064263529532322 0.00000000099999999993 
0.00000000099999999959 0.00000000099999999959 0.00000000099999999959 0.00000000099999999959 0.00000000099999999959 0.00000000099999999959 0.00000000099999999959 0.18388921860380710860 0.81611077339619297888 0.00000000099999999959 
0.00000000099999999983 0.00000000099999999983 0.00000000099999999983 0.00000000099999999983 0.00000000099999999983 0.00000000099999999983 0.00000000099999999983 0.87715672819786227876 0.12284326380213771157 0.00000000099999999983 
0.00000000099999999946 0.00000000099999999946 0.00000000099999999946 0.00000000099999999946 0.00000000099999999946 0.00000000099999999946 0.00000000099999999946 0.08963187848518910927 0.91036811351481083943 0.00000000099999999946 
0.00000000099999999937 0.00000000099999999937 0.00000000099999999937 0.00000000099999999937 0.00000000099999999937 0.00000000099999999937 0.00000000099999999937 0.11975664311964731579 0.88024334888035260516 0.00000000099999999937 
0.00000000099999999984 0.00000000099999999984 0.00000000099999999984 0.00000000099999999984 0.00000000099999999984 0.00000000099999999984 0.00000000099999999984 0.70135587674146093740 0.29864411525853906682 0.00000000099999999984 
0.00000000099999999946 0.00000000099999999946 0.00000000099999999946 0.00000000099999999946 0.00000000099999999946 0.00000000099999999946 0.00000000099999999946 0.07667468345132902319 0.92332530854867100878 0.00000000099999999946 
0.00000000099999999991 0.00000000099999999991 0.00000000099999999991 0.00000000099999999991 0.00000000099999999991 0.00000000099999999991 0.00000000099999999991 0.63014195907460202051 0.36985803292539781717 0.00000000099999999991 
0.00000000099999999996 0.00000001372872925156 0.00000000099999999996 0.00000000099999999996 0.00000000099999999996 0.00866104952249865424 0.93192064043947597796 0.00000916350242841131 0.05940912780686778000 0.00000000099999999996 
0.00000000099999999943 0.00000000099999999943 0.00000000099999999943 0.00000000099999999943 0.00000000099999999943 0.00000000099999999943 0.00000000099999999943 0.05931660462364637260 0.94068338737635348590 0.00000000099999999943 
0.00000000099999999934 0.00000000099999999934 0.00000000099999999934 0.00000000099999999934 0.00000000099999999934 0.00000000099999999934 0.00000000099999999934 0.00000000506155471974 0.99999998693844516229 0.00000000099999999934 
0.00000000099999999957 0.00000000099999999957 0.00000000099999999957 0.00000000099999999957 0.00000000099999999957 0.00000000099999999957 0.00000000099999999957 0.24062864310535311829 0.75937134889464674714 0.00000000099999999957 
0.00000000099999999963 0.00000000099999999963 0.00000000099999999963 0.00000000099999999963 0.00000000099999999963 0.00000000099999999963 0.00000000099999999963 0.66732592712418803416 0.33267406487581185903 0.00000000099999999963 
0.00000000099999999951 0.00000000099999999951 0.00000000099999999951 0.00000000099999999951 0.00000000099999999951 0.00000000099999999951 0.00000000099999999951 0.23331889152556833933 0.76668110047443172039 0.00000000099999999951 
0.00000000099999999968 0.00000000099999999968 0.00000000099999999968 0.00000000099999999968 0.00000000099999999968 0.00000000099999999968 0.00000000099999999968 0.58628820589376029471 0.41371178610623970950 0.00000000099999999968 
0.00000000099999999938 0.00000000099999999938 0.00000000099999999938 0.00000000099999999938 0.00000000099999999938 0.00000000099999999938 0.00000000099999999938 0.22663118135377363638 0.77336881064622631232 0.00000000099999999938 
0.00000000099999999945 0.00000000099999999945 0.00000000099999999945 0.00000000099999999945 0.00000000099999999945 0.00000000099999999945 0.00000000099999999945 0.20682070005447597549 0.79317929194552394545 0.00000000099999999945 
0.00000000099999999952 0.00000000099999999952 0.00000000099999999952 0.00000000099999999952 0.00000000099999999952 0.00000000099999999952 0.00000000099999999952 0.43331582787248346111 0.56668416412751654310 0.00000000099999999952 
0.00000000099999999975 0.00218210569707539669 0.00000000099999999975 0.00000000099999999975 0.00000000099999999975 0.00000000099999999975 0.00000000099999999975 0.00000000099999999975 0.00000000099999999975 0.99781788630292456155 
0.00000015028973917264 0.00000000099999999994 0.00000000099999999994 0.00000000099999999994 0.00000000099999999994 0.00000000099999999994 0.52379718506763717212 0.01804852943284197125 0.00000000099999999994 0.45815412920978182409 
0.00000000099999999971 0.01651472066794524782 0.00000000099999999971 0.00000000099999999971 0.00000000099999999971 0.00000000099999999971 0.00000000099999999971 0.00000000099999999971 0.00000000099999999971 0.98348527133205476680 
0.00000000099999999995 0.00000000099999999995 0.00059075478503972884 0.00000000099999999995 0.00000000099999999995 0.00000000099999999995 0.25231137349805499159 0.00061807239537817302 0.00000000099999999995 0.74647979332152702980 
0.00000000099999999985 0.00000000099999999985 0.00000000099999999985 0.00000000099999999985 0.00000000099999999985 0.99999999100000014352 0.00000000099999999985 0.00000000099999999985 0.00000000099999999985 0.00000000099999999985 
0.00000000099999999983 0.00000000099999999983 0.00000000099999999983 0.00000000099999999983 0.00000000099999999983 0.00000000099999999983 0.24001069245602824065 0.00000000099999999983 0.00000000099999999983 0.75998929954397187458 
0.00000000099999999985 0.00000000099999999985 0.00000000099999999985 0.00000000099999999985 0.00000000099999999985 0.00000000099999999985 0.99999999099999992147 0.00000000099999999985 0.00000000099999999985 0.00000000099999999985 
0.00000000099999999979 0.00000000099999999979 0.00000000099999999979 0.00000000099999999979 0.00000000099999999979 0.00000000099999999979 0.99999999100000003249 0.00000000099999999979 0.00000000099999999979 0.00000000099999999979 
0.00000000099999999987 0.00000000099999999987 0.00000000099999999987 0.00000000099999999987 0.00000000099999999987 0.00000000099999999987 0.95652433019924443247 0.00000000099999999987 0.04347566180075539827 0.00000000099999999987 
0.00000000099999999975 0.00786973911783748342 0.00000000099999999975 0.00000000099999999975 0.00000000099999999975 0.00000000099999999975 0.00000000099999999975 0.00000000099999999975 0.00000000099999999975 0.99213025288216261099 
0.00723359230877927868 0.00334007055063074076 0.00000000099999999997 0.00000001259693389454 0.00000000099999999997 0.00000000099999999997 0.75452702966617923863 0.03877903701121346997 0.00000000099999999997 0.19612025386626333323 
0.74695399763482195343 0.00000000099999999985 0.00000000099999999985 0.23795319598492870039 0.00000000099999999985 0.01509279938024943313 0.00000000099999999985 0.00000000099999999985 0.00000000099999999985 0.00000000099999999985 
0.00000000099999999983 0.00000000099999999983 0.00000000099999999983 0.00000000099999999983 0.00000000099999999983 0.00000000099999999983 0.99999999099999992147 0.00000000099999999983 0.00000000099999999983 0.00000000099999999983 
0.00000000099999999993 0.00000000099999999993 0.00000000099999999993 0.00000000099999999993 0.00000000099999999993 0.00000000099999999993 0.43480884265361219310 0.00150026443988325359 0.00011872082354246814 0.56357216608296201166 
0.00000000099999999984 0.01410752640433898461 0.00000000099999999984 0.00000000099999999984 0.00000000099999999984 0.00000000099999999984 0.00000000099999999984 0.00000000099999999984 0.00000000099999999984 0.98589246559566101613 
0.00000000099999999991 0.00000000210355521170 0.00000000099999999991 0.00000000099999999991 0.00000000099999999991 0.00000000099999999991 0.29931214687663482144 0.00000000099999999991 0.00000000099999999991 0.70068784401981010213 
0.00000000099999999990 0.00000000099999999990 0.00000000099999999990 0.00000000099999999990 0.00000000099999999990 0.00000000099999999990 0.96489284846493805770 0.03510714353506188407 0.00000000099999999990 0.00000000099999999990 
0.77272880858622960965 0.00000000099999999984 0.00000342965857295707 0.22312486773251205552 0.00000000099999999984 0.00414288802268552182 0.00000000099999999984 0.00000000099999999984 0.00000000099999999984 0.00000000099999999984 
0.77521473531927853617 0.00000000099999999984 0.00000005674153266493 0.22478127720599300199 0.00000000099999999984 0.00000392473319591873 0.00000000099999999984 0.00000000099999999984 0.00000000099999999984 0.00000000099999999984 
0.00000000099999999988 0.00000000099999999988 0.00000000099999999988 0.00000000099999999988 0.00000000099999999988 0.00000000099999999988 0.49076970759157323432 0.00000000099999999988 0.01883636013094001915 0.49039392527748665307 
0.00000000099999999986 0.03340411719233862820 0.00000000099999999986 0.00000000099999999986 0.00000000099999999986 0.00000000099999999986 0.00000000099999999986 0.00000000099999999986 0.00000000099999999986 0.96659587480766151479 
0.00000000099999999995 0.00000000099999999995 0.00000000099999999995 0.00850384120821961673 0.00000000099999999995 0.00000000099999999995 0.71966352498026631146 0.00000000099999999995 0.03976295052365523552 0.23206967728785871108 
0.00000000099999999990 0.00000000099999999990 0.00000000099999999990 0.00000000099999999990 0.00000000099999999990 0.00000000099999999990 0.28891776001124291895 0.00000000099999999990 0.00000000099999999990 0.71108223198875697424 
0.00000000099999999991 0.00000000099999999991 0.00000000099999999991 0.00000000099999999991 0.00000000099999999991 0.00000000099999999991 0.96200382654688365580 0.00317679553224480948 0.03481937092087141611 0.00000000099999999991 
0.75685245783547505649 0.00000000099999999984 0.00105050992368350559 0.23800032192550554799 0.00000000099999999984 0.00409670431533602775 0.00000000099999999984 0.00000000099999999984 0.00000000099999999984 0.00000000099999999984 
0.75975507720136348233 0.00000000099999999986 0.00000000099999999986 0.22681260850322587652 0.00000000099999999986 0.01343230729541075238 0.00000000099999999986 0.00000000099999999986 0.00000000099999999986 0.00000000099999999986 
0.00000000099999999978 0.00000000099999999978 0.00000000099999999978 0.00000000099999999978 0.00000000099999999978 0.99999999100000003249 0.00000000099999999978 0.00000000099999999978 0.00000000099999999978 0.00000000099999999978 
0.00000000099999999980 0.03052889571014783324 0.00000000099999999980 0.00000000099999999980 0.00000000099999999980 0.00000000099999999980 0.00000000099999999980 0.00000000099999999980 0.00000000099999999980 0.96947109628985228547 
0.00000000099999999984 0.02046046264407040335 0.00000000099999999984 0.00000000099999999984 0.00000000099999999984 0.00000000099999999984 0.00000000099999999984 0.00000000099999999984 0.00000000099999999984 0.97953952935592969453 
0.00000000099999999978 0.00169703346986592603 0.00000000099999999978 0.00000000099999999978 0.00000000099999999978 0.00000000099999999978 0.00000000099999999978 0.00000000099999999978 0.00000000099999999978 0.99830295853013395480 
0.00000000099999999980 0.02242571098281496630 0.00000000099999999980 0.00000000099999999980 0.00000000099999999980 0.00000000099999999980 0.00000000099999999980 0.00000000099999999980 0.00000000099999999980 0.97757428101718502056 
0.00000000099999999990 0.00068490397665573767 0.00000000099999999990 0.00000000099999999990 0.00000000099999999990 0.00000000099999999990 0.28406616654332195182 0.00004668418587235691 0.00000000099999999990 0.71520223929415005504 
0.00000000099999999987 0.00000000099999999987 0.00000000099999999987 0.00000000099999999987 0.00000000099999999987 0.00000000099999999987 0.46485400948726551817 0.00000000099999999987 0.00738715863010867401 0.52775882488262582104 
0.00000000099999999995 0.00000000099999999995 0.00000000099999999995 0.00000000099999999995 0.00000000099999999995 0.00000000099999999995 0.94937620065055372542 0.05028572660788921400 0.00000000099999999995 0.00033806574155703027 
0.00000000099999999986 0.00000000099999999986 0.00000000099999999986 0.00000000099999999986 0.00000000099999999986 0.00000000099999999986 0.28035512581773430751 0.00000000099999999986 0.00000000099999999986 0.71964486618226575221 
0.73847123577313711351 0.00000000099999999983 0.00000649095918599684 0.25806014597083865025 0.00000000099999999983 0.00346212129683823528 0.00000000099999999983 0.00000000099999999983 0.00000000099999999983 0.00000000099999999983 
0.00000000099999999994 0.00000000099999999994 0.00000000099999999994 0.00000000099999999994 0.00000000099999999994 0.00000000099999999994 0.96516858488029089180 0.03483140711970914016 0.00000000099999999994 0.00000000099999999994 
0.77533018767371808533 0.00000000099999999990 0.00000000099999999990 0.21638799129029692714 0.00000000099999999990 0.00828181403598517683 0.00000000099999999990 0.00000000099999999990 0.00000000099999999990 0.00000000099999999990 
0.74662209783300859112 0.00000000099999999980 0.01391610450082348197 0.23945751245591540002 0.00000000099999999980 0.00000427921025259260 0.00000000099999999980 0.00000000099999999980 0.00000000099999999980 0.00000000099999999980 
0.01918115068540207982 0.00000000099999999985 0.00000000099999999985 0.00000092808558106302 0.00000000099999999985 0.98081791422901687394 0.00000000099999999985 0.00000000099999999985 0.00000000099999999985 0.00000000099999999985 
0.00000000099999999979 0.00000000099999999979 0.00000000099999999979 0.00000000099999999979 0.00000000099999999979 0.99999999100000014352 0.00000000099999999979 0.00000000099999999979 0.00000000099999999979 0.00000000099999999979 
0.00000000099999999973 0.01111756549073075750 0.00000000099999999973 0.00000000099999999973 0.00000000099999999973 0.00000000099999999973 0.00000000099999999973 0.00000000099999999973 0.00000000099999999973 0.98888242650926927446 
0.00000000099999999973 0.01659683704458105036 0.00000000099999999973 0.00000000099999999973 0.00000000099999999973 0.00000000099999999973 0.00000000099999999973 0.00000000099999999973 0.00000000099999999973 0.98340315495541907875 
0.00000000099999999980 0.01658579435061720633 0.00000000099999999980 0.00000000099999999980 0.00000000099999999980 0.00000000099999999980 0.00000000099999999980 0.00000000099999999980 0.00000000099999999980 0.98341419764938287074 
0.00000000099999999991 0.00000000099999999991 0.00000000099999999991 0.00000000099999999991 0.00000000099999999991 0.00000000099999999991 0.48250602314644980284 0.01622065994070425593 0.00000000099999999991 0.50127330991284591022 
0.00000000099999999989 0.00000008045927707930 0.00000000099999999989 0.00000000099999999989 0.00000000099999999989 0.00000000099999999989 0.23001391077501676108 0.00000000099999999989 0.00000000099999999989 0.76998600176570608511 
0.80329151999510162163 0.00000000099999999986 0.00456952527517297345 0.18951612856839816779 0.00000000099999999986 0.00262282016132748142 0.00000000099999999986 0.00000000099999999986 0.00000000099999999986 0.00000000099999999986 
0.84917236675418261704 0.00000000099999999989 0.00000000099999999989 0.15068364007373707958 0.00000000099999999989 0.00014398617208054762 0.00000000099999999989 0.00000000099999999989 0.00000000099999999989 0.00000000099999999989 
0.00000000099999999979 0.02126566726826840600 0.00000000099999999979 0.00000000099999999979 0.00000000099999999979 0.00000000099999999979 0.00000000099999999979 0.00000000099999999979 0.00000000099999999979 0.97873432473173160862 
0.00000000099999999986 0.01508153689251379159 0.00000000099999999986 0.00000000099999999986 0.00000000099999999986 0.00000000099999999986 0.00000000099999999986 0.00000000099999999986 0.00000000099999999986 0.98491845510748621262 
0.01480299427869363749 0.00000000099999999996 0.00608941531621042670 0.00000001443182937320 0.00000000099999999996 0.00000000099999999996 0.71018999404629623573 0.00000000099999999996 0.03876184397771651607 0.23015573394925387118 
0.00000000099999999994 0.00000000099999999994 0.00000000099999999994 0.00000000099999999994 0.00000000099999999994 0.00000000099999999994 0.41319514687507402639 0.01626852862393386723 0.00000000099999999994 0.57053631750099198516 
0.00000000099999999991 0.00000000099999999991 0.00000000099999999991 0.00000000099999999991 0.00000000099999999991 0.00000000099999999991 0.26574392358401510705 0.00000033435282584982 0.00000000099999999991 0.73425573506315910954 
0.82540834779909932895 0.00000000099999999986 0.00000000099999999986 0.17459164420090095282 0.00000000099999999986 0.00000000099999999986 0.00000000099999999986 0.00000000099999999986 0.00000000099999999986 0.00000000099999999986 
0.87072212535198201255 0.00000000099999999987 0.00000000099999999987 0.12927786664801829697 0.00000000099999999987 0.00000000099999999987 0.00000000099999999987 0.00000000099999999987 0.00000000099999999987 0.00000000099999999987 
0.00000000099999999996 0.00278596978498752606 0.00000000099999999996 0.00000000099999999996 0.00000000099999999996 0.02284603126421720989 0.30707391198081313011 0.00000000099999999996 0.02811136317769378362 0.63918271879228827359 
