0.00000000099999999935 0.00000000099999999935 0.00000000099999999935 0.00000000099999999935 0.00000000099999999935 0.99999998900000008906 0.00000000099999999935 0.00000000099999999935 0.00000000099999999935 0.00000000099999999935 0.00000000099999999935 0.00000000099999999935 
0.00000000099999999993 0.00000000099999999993 0.10557087540237589107 0.00000000099999999993 0.00000000099999999993 0.00456854924951319991 0.01194110964826676675 0.00000000099999999993 0.00000000099999999993 0.87791945769984403025 0.00000000099999999993 0.00000000099999999993 
0.00000000099999999979 0.00000000099999999979 0.00000000099999999979 0.99999243328354570082 0.00000755671645440560 0.00000000099999999979 0.00000000099999999979 0.00000000099999999979 0.00000000099999999979 0.00000000099999999979 0.00000000099999999979 0.00000000099999999979 
0.00000000099999999984 0.00000000099999999984 0.00000000099999999984 0.75687299899959770144 0.24312699100040235933 0.00000000099999999984 0.00000000099999999984 0.00000000099999999984 0.00000000099999999984 0.00000000099999999984 0.00000000099999999984 0.00000000099999999984 
0.00000000099999999992 0.00000000099999999992 0.06021559865725303884 0.00000000099999999992 0.00000000099999999992 0.03763398049460758149 0.08721718586376482618 0.00000000099999999992 0.00000000099999999992 0.81493322698437464791 0.00000000099999999992 0.00000000099999999992 
0.00000000099999999996 0.00000000099999999996 0.03811729123324224949 0.00000000099999999996 0.00000000099999999996 0.03653030352930830560 0.07410506331554636561 0.00000000099999999996 0.00000000099999999996 0.85124733392190321535 0.00000000099999999996 0.00000000099999999996 
0.00000000099999999914 0.00000000099999999914 0.00000000099999999914 0.00000000099999999914 0.00000000099999999914 0.00000000099999999914 0.00000000099999999914 0.00000000099999999914 0.00000000099999999914 0.00000000099999999914 0.00000000099999999914 0.99999998900000008906 
0.99999998900000020008 0.00000000099999999883 0.00000000099999999883 0.00000000099999999883 0.00000000099999999883 0.00000000099999999883 0.00000000099999999883 0.00000000099999999883 0.00000000099999999883 0.00000000099999999883 0.00000000099999999883 0.00000000099999999883 
0.00000000099999999980 0.00000000099999999980 0.14062659516517805880 0.00000000099999999980 0.00000000099999999980 0.00000000099999999980 0.00000000099999999980 0.00000000099999999980 0.00000000099999999980 0.85937339483482200198 0.00000000099999999980 0.00000000099999999980 
0.00000000099999999913 0.00000000099999999913 0.00000000099999999913 0.00000000099999999913 0.00000000099999999913 0.00000000099999999913 0.00000000099999999913 0.00000000099999999913 0.00000000099999999913 0.00000000099999999913 0.00000000099999999913 0.99999998900000008906 
0.00000000099999999973 0.00000000099999999973 0.24555388600822583567 0.00000000099999999973 0.00000000099999999973 0.00000000099999999973 0.00000000099999999973 0.00000000099999999973 0.00000000099999999973 0.75444610399177425286 0.00000000099999999973 0.00000000099999999973 
0.99999998900000020008 0.00000000099999999903 0.00000000099999999903 0.00000000099999999903 0.00000000099999999903 0.00000000099999999903 0.00000000099999999903 0.00000000099999999903 0.00000000099999999903 0.00000000099999999903 0.00000000099999999903 0.00000000099999999903 
0.00000000099999999984 0.00000000099999999984 0.21150881077989058809 0.00000000099999999984 0.00000000099999999984 0.00000000099999999984 0.02304124864072954262 0.00000000099999999984 0.00000000099999999984 0.76544993157937979422 0.00000000099999999984 0.00000000099999999984 
0.00000000099999999989 0.00000000099999999989 0.18274806681098340611 0.00000000099999999989 0.00000000099999999989 0.00000000099999999989 0.00000000099999999989 0.00000000099999999989 0.00000000099999999989 0.81725192318901651589 0.00000000099999999989 0.00000000099999999989 
0.00000000099999999977 0.00000000099999999977 0.14781497951947825120 0.00000000099999999977 0.00000000099999999977 0.00000000099999999977 0.00066219124295347355 0.00000000099999999977 0.00000000099999999977 0.85152282023756842300 0.00000000099999999977 0.00000000099999999977 
0.00000000099999999995 0.00000000099999999995 0.00726102434958413381 0.00000000099999999995 0.00000000099999999995 0.01373997742944926999 0.07147286222953921908 0.00000000099999999995 0.00000000099999999995 0.90752612799142728939 0.00000000099999999995 0.00000000099999999995 
0.00000000099999999994 0.00000000099999999994 0.04849987755210331819 0.00000000099999999994 0.00000000099999999994 0.04556376436300502847 0.05036632186795933497 0.00000000099999999994 0.00000000099999999994 0.85557002821693239891 0.00000000099999999994 0.00000000099999999994 
0.99999998900000020008 0.00000000099999999938 0.00000000099999999938 0.00000000099999999938 0.00000000099999999938 0.00000000099999999938 0.00000000099999999938 0.00000000099999999938 0.00000000099999999938 0.00000000099999999938 0.00000000099999999938 0.00000000099999999938 
0.00000000099999999903 0.00000000099999999903 0.00000000099999999903 0.00000000099999999903 0.00000000099999999903 0.00000000099999999903 0.00000000099999999903 0.00000000099999999903 0.00000000099999999903 0.00000000099999999903 0.00000000099999999903 0.99999998900000008906 
0.99999998900000008906 0.00000000099999999863 0.00000000099999999863 0.00000000099999999863 0.00000000099999999863 0.00000000099999999863 0.00000000099999999863 0.00000000099999999863 0.00000000099999999863 0.00000000099999999863 0.00000000099999999863 0.00000000099999999863 
0.00000000099999999952 0.00000000099999999952 0.00000000099999999952 0.00000000099999999952 0.00000000099999999952 0.99999998900000008906 0.00000000099999999952 0.00000000099999999952 0.00000000099999999952 0.00000000099999999952 0.00000000099999999952 0.00000000099999999952 
0.00000000099999999983 0.00000000099999999983 0.10995956749034599409 0.00000000099999999983 0.00000000099999999983 0.00000000099999999983 0.02959531794387791626 0.00000000099999999983 0.00000000099999999983 0.86044510556577602500 0.00000000099999999983 0.00000000099999999983 
0.00000000099999999977 0.00000000099999999977 0.19695600294189569146 0.00000000099999999977 0.00000000099999999977 0.00000000099999999977 0.04279027844470693204 0.00000000099999999977 0.00000000099999999977 0.76025370961339733267 0.00000000099999999977 0.00000000099999999977 
0.00000000099999999891 0.00000000099999999891 0.00000000099999999891 0.00000000099999999891 0.00000000099999999891 0.00000000099999999891 0.00000000099999999891 0.00000000099999999891 0.00000000099999999891 0.00000000099999999891 0.00000000099999999891 0.99999998899999997803 
0.99999998900000020008 0.00000000099999999889 0.00000000099999999889 0.00000000099999999889 0.00000000099999999889 0.00000000099999999889 0.00000000099999999889 0.00000000099999999889 0.00000000099999999889 0.00000000099999999889 0.00000000099999999889 0.00000000099999999889 
0.99999998900000008906 0.00000000099999999877 0.00000000099999999877 0.00000000099999999877 0.00000000099999999877 0.00000000099999999877 0.00000000099999999877 0.00000000099999999877 0.00000000099999999877 0.00000000099999999877 0.00000000099999999877 0.00000000099999999877 
0.00000000099999999997 0.75854019100919345409 0.00000000099999999997 0.21385555915553403072 0.00000000099999999997 0.00000000099999999997 0.00977504548613092501 0.01195431682806566941 0.00000000099999999997 0.00000018817921166301 0.00587469334186423858 0.00000000099999999997 
0.00000000099999999977 0.00000000099999999977 0.20103153951996285964 0.00000000099999999977 0.00000000099999999977 0.00000000099999999977 0.00000000099999999977 0.00000000099999999977 0.00000000099999999977 0.79896845048003728440 0.00000000099999999977 0.00000000099999999977 
0.00000000099999999989 0.00000000099999999989 0.15720814629545873387 0.00000000099999999989 0.00000000099999999989 0.00000000099999999989 0.00000000099999999989 0.00000000099999999989 0.00000000099999999989 0.84279184370454118813 0.00000000099999999989 0.00000000099999999989 
0.00000000099999999944 0.00000000099999999944 0.00000000099999999944 0.00000000099999999944 0.00000000099999999944 0.00000000099999999944 0.00000000099999999944 0.00000000099999999944 0.00000000099999999944 0.00000000099999999944 0.00000000099999999944 0.99999998899999997803 
0.00000000099999999963 0.00000000099999999963 0.04079872840214835567 0.00000000099999999963 0.00000000099999999963 0.00000000099999999963 0.03335499647420786529 0.00000000099999999963 0.00000000099999999963 0.92584626612364373521 0.00000000099999999963 0.00000000099999999963 
0.99999998900000008906 0.00000000099999999893 0.00000000099999999893 0.00000000099999999893 0.00000000099999999893 0.00000000099999999893 0.00000000099999999893 0.00000000099999999893 0.00000000099999999893 0.00000000099999999893 0.00000000099999999893 0.00000000099999999893 
0.00000000099999999982 0.00000000099999999982 0.00000000099999999982 0.99999998900000008906 0.00000000099999999982 0.00000000099999999982 0.00000000099999999982 0.00000000099999999982 0.00000000099999999982 0.00000000099999999982 0.00000000099999999982 0.00000000099999999982 
0.00000000099999999933 0.00000000099999999933 0.00000000099999999933 0.00000000099999999933 0.00000000099999999933 0.99999998900000020008 0.00000000099999999933 0.00000000099999999933 0.00000000099999999933 0.00000000099999999933 0.00000000099999999933 0.00000000099999999933 
0.99999998900000008906 0.00000000099999999891 0.00000000099999999891 0.00000000099999999891 0.00000000099999999891 0.00000000099999999891 0.00000000099999999891 0.00000000099999999891 0.00000000099999999891 0.00000000099999999891 0.00000000099999999891 0.00000000099999999891 
0.00000000099999999983 0.00000000099999999983 0.17752119931317081325 0.00000000099999999983 0.00000000099999999983 0.00000000099999999983 0.01743246028829488134 0.00000000099999999983 0.00000000099999999983 0.80504633139853432056 0.00000000099999999983 0.00000000099999999983 
0.00000000099999999986 0.00000000099999999986 0.11713609640212252483 0.00000000099999999986 0.00000000099999999986 0.00000000099999999986 0.01907519491332201542 0.00000000099999999986 0.00000000099999999986 0.86378869968455551653 0.00000000099999999986 0.00000000099999999986 
0.00000000099999999986 0.00000000099999999986 0.19223005625421149545 0.00000000099999999986 0.00000000099999999986 0.00000000099999999986 0.00000000099999999986 0.00000000099999999986 0.00000000099999999986 0.80776993374578853757 0.00000000099999999986 0.00000000099999999986 
0.07261103438139004940 0.00000000099999999999 0.00000000099999999999 0.00000000099999999999 0.00527663846900786829 0.00956585896346142349 0.33601744240936293195 0.00000000099999999999 0.00000000099999999999 0.51138045502699702727 0.02632357011264584504 0.03882499563713481122 
0.00000000099999999908 0.00000000099999999908 0.00000000099999999908 0.00000000099999999908 0.00000000099999999908 0.00000000099999999908 0.00000000099999999908 0.00000000099999999908 0.00000000099999999908 0.00000000099999999908 0.00000000099999999908 0.99999998900000008906 
0.99999998900000020008 0.00000000099999999969 0.00000000099999999969 0.00000000099999999969 0.00000000099999999969 0.00000000099999999969 0.00000000099999999969 0.00000000099999999969 0.00000000099999999969 0.00000000099999999969 0.00000000099999999969 0.00000000099999999969 
0.00000000099999999958 0.00000000099999999958 0.00000000099999999958 0.00000000099999999958 0.00000000099999999958 0.99999998900000008906 0.00000000099999999958 0.00000000099999999958 0.00000000099999999958 0.00000000099999999958 0.00000000099999999958 0.00000000099999999958 
0.00000000099999999925 0.00000000099999999925 0.00000000099999999925 0.00000000099999999925 0.00000000099999999925 0.99999998900000020008 0.00000000099999999925 0.00000000099999999925 0.00000000099999999925 0.00000000099999999925 0.00000000099999999925 0.00000000099999999925 
0.06062824136057615859 0.00000000099999999998 0.00000000099999999998 0.00000000099999999998 0.00000000099999999998 0.00920410164146691009 0.33473331451099419542 0.00000000099999999998 0.00000000099999999998 0.52807465598390579409 0.02293050201261261772 0.04442917849044416417 
0.00000000099999999932 0.00000000099999999932 0.00000000099999999932 0.00000000099999999932 0.00000000099999999932 0.00000000099999999932 0.00000000099999999932 0.00000000099999999932 0.00000000099999999932 0.00000000099999999932 0.00000000099999999932 0.99999998899999997803 
0.00000000099999999997 0.00000000099999999997 0.02209424410073244915 0.00836546010475022403 0.00000000099999999997 0.02796277344581113086 0.05807262543397843230 0.00046369462692799851 0.00000000099999999997 0.88304119628779986773 0.00000000099999999997 0.00000000099999999997 
0.99999998900000020008 0.00000000099999999871 0.00000000099999999871 0.00000000099999999871 0.00000000099999999871 0.00000000099999999871 0.00000000099999999871 0.00000000099999999871 0.00000000099999999871 0.00000000099999999871 0.00000000099999999871 0.00000000099999999871 
0.00000000099999999914 0.00000000099999999914 0.00000000099999999914 0.00000000099999999914 0.00000000099999999914 0.00000000099999999914 0.00000000099999999914 0.00000000099999999914 0.00000000099999999914 0.00000000099999999914 0.00000000099999999914 0.99999998899999997803 
0.00000000099999999921 0.00000000099999999921 0.00000000099999999921 0.00000000099999999921 0.00000000099999999921 0.00000000099999999921 0.00000000099999999921 0.00000000099999999921 0.00000000099999999921 0.00000000099999999921 0.00000000099999999921 0.99999998899999997803 
0.00000000099999999984 0.00000000099999999984 0.00000000099999999984 0.87987801782320007593 0.12012197217679997097 0.00000000099999999984 0.00000000099999999984 0.00000000099999999984 0.00000000099999999984 0.00000000099999999984 0.00000000099999999984 0.00000000099999999984 
0.00000000099999999934 0.00000000099999999934 0.99999998900000008906 0.00000000099999999934 0.00000000099999999934 0.00000000099999999934 0.00000000099999999934 0.00000000099999999934 0.00000000099999999934 0.00000000099999999934 0.00000000099999999934 0.00000000099999999934 
0.00000000099999999958 0.00000000099999999958 0.99999998900000020008 0.00000000099999999958 0.00000000099999999958 0.00000000099999999958 0.00000000099999999958 0.00000000099999999958 0.00000000099999999958 0.00000000099999999958 0.00000000099999999958 0.00000000099999999958 
0.00000000099999999966 0.00000000099999999966 0.05866608196599053943 0.00000000099999999966 0.00000000099999999966 0.00000000099999999966 0.04967704391116151835 0.00000000099999999966 0.00000000099999999966 0.89165686512284803023 0.00000000099999999966 0.00000000099999999966 
0.00000000099999999980 0.00000000099999999980 0.15121684385263203798 0.00000000099999999980 0.00000000099999999980 0.00000000099999999980 0.02800633250509318786 0.00000000099999999980 0.00000000099999999980 0.82077681464227492114 0.00000000099999999980 0.00000000099999999980 
0.99999998900000020008 0.00000000099999999925 0.00000000099999999925 0.00000000099999999925 0.00000000099999999925 0.00000000099999999925 0.00000000099999999925 0.00000000099999999925 0.00000000099999999925 0.00000000099999999925 0.00000000099999999925 0.00000000099999999925 
0.99999998900000020008 0.00000000099999999909 0.00000000099999999909 0.00000000099999999909 0.00000000099999999909 0.00000000099999999909 0.00000000099999999909 0.00000000099999999909 0.00000000099999999909 0.00000000099999999909 0.00000000099999999909 0.00000000099999999909 
0.00000000099999999946 0.00000000099999999946 0.00000000099999999946 0.00000000099999999946 0.00000000099999999946 0.99999998900000020008 0.00000000099999999946 0.00000000099999999946 0.00000000099999999946 0.00000000099999999946 0.00000000099999999946 0.00000000099999999946 
0.00000000099999999989 0.00000000099999999989 0.15096672269193006644 0.00000000099999999989 0.00000000099999999989 0.04127659994767680918 0.09070907034969695470 0.00000000099999999989 0.00000000099999999989 0.71704759901069614614 0.00000000099999999989 0.00000000099999999989 
0.00000000099999999967 0.00000000099999999967 0.27776865121454324958 0.00000000099999999967 0.00000000099999999967 0.00000000099999999967 0.03505313653447554578 0.00000000099999999967 0.00000000099999999967 0.68717820325098100120 0.00000000099999999967 0.00000000099999999967 
0.00000000099999999997 0.00000000099999999997 0.00000000099999999997 0.21504868438438426437 0.00000000099999999997 0.00091790292381151064 0.02763296622069189717 0.00000000099999999997 0.00250718777335547614 0.75389325169775678326 0.00000000099999999997 0.00000000099999999997 
0.03600372387593377826 0.00000000099999999986 0.00000000099999999986 0.00000000099999999986 0.96399626612406641435 0.00000000099999999986 0.00000000099999999986 0.00000000099999999986 0.00000000099999999986 0.00000000099999999986 0.00000000099999999986 0.00000000099999999986 
0.00000000099999999973 0.00000000099999999973 0.01494859162821835820 0.00000000099999999973 0.00000000099999999973 0.00000000099999999973 0.00000000099999999973 0.00000000099999999973 0.00000000099999999973 0.03232115846848353929 0.00000000099999999973 0.95273024090329805347 
0.19002898553397304382 0.00000000099999999967 0.00000000099999999967 0.00000000099999999967 0.00000000099999999967 0.00000000099999999967 0.00000000099999999967 0.00000000099999999967 0.00000000099999999967 0.00000000099999999967 0.00000000099999999967 0.80997100446602710022 
0.00000000099999999990 0.00000000099999999990 0.00000000099999999990 0.00000000099999999990 0.91829459932197066152 0.00000000099999999990 0.00000000099999999990 0.00000000099999999990 0.00000000099999999990 0.00000000099999999990 0.00000000099999999990 0.08170539067802957967 
0.12447640346875224471 0.00000000099999999989 0.01430418505099867628 0.00000000099999999989 0.00000000099999999989 0.00000000099999999989 0.04668955822208339240 0.00000000099999999989 0.00000000099999999989 0.81452984525816563011 0.00000000099999999989 0.00000000099999999989 
0.00000000099999999998 0.65189133572831348129 0.00000000099999999998 0.15959585434418790961 0.00941865161011294638 0.00758381836466030974 0.00000000099999999998 0.06410390730536039139 0.02644785987653139325 0.08086789773965330497 0.00009067103118018381 0.00000000099999999998 
0.00000000099999999964 0.00000000099999999964 0.10958784587547898415 0.00000000099999999964 0.00000000099999999964 0.00000000099999999964 0.05780223762734922749 0.00000000099999999964 0.00000000099999999964 0.83260990749717189718 0.00000000099999999964 0.00000000099999999964 
0.00000000099999999961 0.00000000099999999961 0.17912648421881852134 0.00000000099999999961 0.00000000099999999961 0.00000000099999999961 0.08957253172739028380 0.00000000099999999961 0.00000000099999999961 0.73130097505379110245 0.00000000099999999961 0.00000000099999999961 
0.03180182317724935398 0.00000000099999999986 0.92330512729345592948 0.00000000099999999986 0.00000000099999999986 0.00000000099999999986 0.00000000099999999986 0.00000000099999999986 0.00000000099999999986 0.02647750555157923902 0.00000000099999999986 0.01841553597771566908 
0.15534479857873065289 0.00000000099999999982 0.07856436244424480630 0.00000000099999999982 0.00000000099999999982 0.00000000099999999982 0.05527518048532873568 0.00000000099999999982 0.00000000099999999982 0.71081565049169581627 0.00000000099999999982 0.00000000099999999982 
0.00000000099999999971 0.00000000099999999971 0.00000000099999999971 0.00000000099999999971 0.99999998900000008906 0.00000000099999999971 0.00000000099999999971 0.00000000099999999971 0.00000000099999999971 0.00000000099999999971 0.00000000099999999971 0.00000000099999999971 
0.00000000099999999987 0.00000000099999999987 0.00140244871493104962 0.00000000099999999987 0.00000000099999999987 0.00000000099999999987 0.01077723014472244112 0.00000000099999999987 0.00000000099999999987 0.98782031214034649036 0.00000000099999999987 0.00000000099999999987 
0.00272324681096976131 0.54245916556176110301 0.00000000100000000000 0.03595105237668672071 0.08508963250440221282 0.00641450329737046007 0.00000000100000000000 0.01156949132123338657 0.11725440530189515376 0.00237953288845742413 0.03972065270362788725 0.15643831523359591484 
0.11591114851560944954 0.00000000099999999992 0.18914827573019948881 0.00000000099999999992 0.00000000099999999992 0.00000000099999999992 0.02265682197748197790 0.00000000099999999992 0.00000000099999999992 0.67228374577670890755 0.00000000099999999992 0.00000000099999999992 
0.00000000099999999967 0.00000000099999999967 0.00588880558391128781 0.00000000099999999967 0.00000000099999999967 0.00000000099999999967 0.04255996255018247576 0.00000000099999999967 0.00000000099999999967 0.00000000099999999967 0.00000000099999999967 0.95155122286590620995 
0.32308295463905289946 0.00000000099999999997 0.00000000099999999997 0.00000000099999999997 0.00000000099999999997 0.00000000099999999997 0.00000000099999999997 0.00000000099999999997 0.00000000099999999997 0.67691703536094693927 0.00000000099999999997 0.00000000099999999997 
0.00000000099999999997 0.01388721315896627659 0.22873169878741345107 0.00000000099999999997 0.00000000099999999997 0.00000000099999999997 0.00727430501649427644 0.01439043833536065436 0.00000000099999999997 0.73571633770176525502 0.00000000099999999997 0.00000000099999999997 
0.00000000099999999985 0.00000000099999999985 0.00269120743800359578 0.00000000099999999985 0.00000000099999999985 0.00000000099999999985 0.04965737424602228306 0.00000000099999999985 0.00000000099999999985 0.94765140931597402485 0.00000000099999999985 0.00000000099999999985 
0.00000000099999999961 0.00000000099999999961 0.15591589855766216366 0.00000000099999999961 0.00000000099999999961 0.00000000099999999961 0.08515897906478668566 0.00000000099999999961 0.00000000099999999961 0.75892511337755119705 0.00000000099999999961 0.00000000099999999961 
0.00000000099999999977 0.00000000099999999977 0.00000000099999999977 0.00000000099999999977 0.00000000099999999977 0.00000000099999999977 0.00000000099999999977 0.00000000099999999977 0.00000000099999999977 0.00000000099999999977 0.00000000099999999977 0.99999998900000008906 
0.00000000099999999986 0.00000000099999999986 0.00000000099999999986 0.99999998900000020008 0.00000000099999999986 0.00000000099999999986 0.00000000099999999986 0.00000000099999999986 0.00000000099999999986 0.00000000099999999986 0.00000000099999999986 0.00000000099999999986 
0.00000000099999999887 0.00000000099999999887 0.00000000099999999887 0.00000000099999999887 0.00000000099999999887 0.00000000099999999887 0.00000000099999999887 0.00000000099999999887 0.00000000099999999887 0.00000000099999999887 0.00000000099999999887 0.99999998900000008906 
0.00000000099999999984 0.00000000099999999984 0.17793584336402723522 0.00000000099999999984 0.00000000099999999984 0.10624521985903317978 0.01646272307565755516 0.00000000099999999984 0.00000000099999999984 0.69935620570128209650 0.00000000099999999984 0.00000000099999999984 
0.00000000099999999981 0.00000000099999999981 0.16913989948886054560 0.00000000099999999981 0.00000000099999999981 0.00000000099999999981 0.00000000099999999981 0.00000000099999999981 0.00000000099999999981 0.83086009051113951518 0.00000000099999999981 0.00000000099999999981 
0.01190413050272306345 0.00000000099999999996 0.05264951947130705467 0.00000000099999999996 0.00000000099999999996 0.02351992047523989229 0.05752390948450932656 0.00000000099999999996 0.00000000099999999996 0.85440251306622072569 0.00000000099999999996 0.00000000099999999996 
0.00000000099999999920 0.00000000099999999920 0.99999998900000008906 0.00000000099999999920 0.00000000099999999920 0.00000000099999999920 0.00000000099999999920 0.00000000099999999920 0.00000000099999999920 0.00000000099999999920 0.00000000099999999920 0.00000000099999999920 
0.00000000099999999987 0.00000000099999999987 0.13308911341614956814 0.00000000099999999987 0.00000000099999999987 0.00000000099999999987 0.01724175025503943068 0.00000000099999999987 0.00000000099999999987 0.84966912732881105796 0.00000000099999999987 0.00000000099999999987 
0.00000000099999999993 0.00000000099999999993 0.00000000099999999993 0.00000000099999999993 0.89735359584988250159 0.00000509549124002667 0.00000000099999999993 0.00000000099999999993 0.00000000099999999993 0.00000000099999999993 0.00000000099999999993 0.10264129965887754115 
0.13295722307759452741 0.00000000099999999981 0.17499102877488950658 0.00000000099999999981 0.00000000099999999981 0.00000000099999999981 0.02550472307396542751 0.00000000099999999981 0.00000000099999999981 0.66654701707355046292 0.00000000099999999981 0.00000000099999999981 
0.00000000099999999995 0.00000000099999999995 0.12432210469609404624 0.09639821043743757034 0.00000000099999999995 0.00267927184390135244 0.00000000099999999995 0.00000000099999999995 0.00399585624115397515 0.77260454978141301918 0.00000000099999999995 0.00000000099999999995 
0.00000000099999999974 0.00000000099999999974 0.00000000099999999974 0.00000000099999999974 0.99999998900000008906 0.00000000099999999974 0.00000000099999999974 0.00000000099999999974 0.00000000099999999974 0.00000000099999999974 0.00000000099999999974 0.00000000099999999974 
0.00000000099999999977 0.00000000099999999977 0.11352589546886322769 0.00000000099999999977 0.00000000099999999977 0.88647409453113679145 0.00000000099999999977 0.00000000099999999977 0.00000000099999999977 0.00000000099999999977 0.00000000099999999977 0.00000000099999999977 
0.00000000099999999993 0.00000000099999999993 0.15304428614966858468 0.00000000099999999993 0.00000000099999999993 0.00000000099999999993 0.03955325488042511078 0.00000000099999999993 0.00000000099999999993 0.78326900548990530115 0.02413344548000088963 0.00000000099999999993 
0.00000000099999999991 0.00000000099999999991 0.13032883076062865002 0.00000000099999999991 0.00000000099999999991 0.04398461497912722201 0.07851958333169044291 0.00000000099999999991 0.00000000099999999991 0.74716696292855377948 0.00000000099999999991 0.00000000099999999991 
0.00000000099999999991 0.00000000099999999991 0.07921180247416030606 0.00000000099999999991 0.00000000099999999991 0.02571812257769293814 0.08024725914725690246 0.00000000099999999991 0.00000000099999999991 0.81482280780088989225 0.00000000099999999991 0.00000000099999999991 
0.95647225307817773654 0.00000000099999999965 0.00000000099999999965 0.00000000099999999965 0.00000000099999999965 0.04352773692182251852 0.00000000099999999965 0.00000000099999999965 0.00000000099999999965 0.00000000099999999965 0.00000000099999999965 0.00000000099999999965 
0.00000000099999999916 0.00000000099999999916 0.00000000099999999916 0.00000000099999999916 0.00000000099999999916 0.99999998900000008906 0.00000000099999999916 0.00000000099999999916 0.00000000099999999916 0.00000000099999999916 0.00000000099999999916 0.00000000099999999916 
0.00000000099999999954 0.00000000099999999954 0.00000000099999999954 0.00000000099999999954 0.00000000099999999954 0.99999998900000020008 0.00000000099999999954 0.00000000099999999954 0.00000000099999999954 0.00000000099999999954 0.00000000099999999954 0.00000000099999999954 
0.00000000099999999955 0.00000000099999999955 0.00000000099999999955 0.00000000099999999955 0.00000000099999999955 0.99999998900000008906 0.00000000099999999955 0.00000000099999999955 0.00000000099999999955 0.00000000099999999955 0.00000000099999999955 0.00000000099999999955 
0.00000000099999999990 0.00000000099999999990 0.00000000099999999990 0.00000000099999999990 0.00000000099999999990 0.98877835173506478661 0.00000000099999999990 0.00000000099999999990 0.00000000099999999990 0.01122163826493537304 0.00000000099999999990 0.00000000099999999990 
0.00000000099999999955 0.00000000099999999955 0.00000000099999999955 0.00000000099999999955 0.00000000099999999955 0.99999998900000020008 0.00000000099999999955 0.00000000099999999955 0.00000000099999999955 0.00000000099999999955 0.00000000099999999955 0.00000000099999999955 
0.00000000099999999980 0.00000000099999999980 0.00000000099999999980 0.00000000099999999980 0.00000000099999999980 0.99999998900000008906 0.00000000099999999980 0.00000000099999999980 0.00000000099999999980 0.00000000099999999980 0.00000000099999999980 0.00000000099999999980 
0.00000000099999999937 0.00000000099999999937 0.00000000099999999937 0.00000000099999999937 0.00000000099999999937 0.99999998900000020008 0.00000000099999999937 0.00000000099999999937 0.00000000099999999937 0.00000000099999999937 0.00000000099999999937 0.00000000099999999937 
0.00000000099999999919 0.00000000099999999919 0.00000000099999999919 0.00000000099999999919 0.00000000099999999919 0.99999998900000008906 0.00000000099999999919 0.00000000099999999919 0.00000000099999999919 0.00000000099999999919 0.00000000099999999919 0.00000000099999999919 
0.00000000099999999981 0.00000000099999999981 0.00000000099999999981 0.00000000099999999981 0.00000000099999999981 0.99999998900000020008 0.00000000099999999981 0.00000000099999999981 0.00000000099999999981 0.00000000099999999981 0.00000000099999999981 0.00000000099999999981 
0.00000000099999999940 0.00000000099999999940 0.00000000099999999940 0.00000000099999999940 0.00000000099999999940 0.99999998900000020008 0.00000000099999999940 0.00000000099999999940 0.00000000099999999940 0.00000000099999999940 0.00000000099999999940 0.00000000099999999940 
0.00363315277697905158 0.00000000099999999991 0.00000000099999999991 0.00000000099999999991 0.00000000099999999991 0.99636683722302099575 0.00000000099999999991 0.00000000099999999991 0.00000000099999999991 0.00000000099999999991 0.00000000099999999991 0.00000000099999999991 
0.00000000099999999988 0.00000000099999999988 0.00000000099999999988 0.86197027351243682425 0.00000000099999999988 0.03208169246859850915 0.00000000099999999988 0.00000000099999999988 0.10594802501896470603 0.00000000099999999988 0.00000000099999999988 0.00000000099999999988 
0.00000000099999999930 0.00000000099999999930 0.00000000099999999930 0.00000000099999999930 0.00000000099999999930 0.99999998900000020008 0.00000000099999999930 0.00000000099999999930 0.00000000099999999930 0.00000000099999999930 0.00000000099999999930 0.00000000099999999930 
0.00000000099999999922 0.00000000099999999922 0.00000000099999999922 0.00000000099999999922 0.00000000099999999922 0.99999998900000008906 0.00000000099999999922 0.00000000099999999922 0.00000000099999999922 0.00000000099999999922 0.00000000099999999922 0.00000000099999999922 
0.00000000099999999950 0.00000000099999999950 0.00000000099999999950 0.00000000099999999950 0.00000000099999999950 0.99999998900000008906 0.00000000099999999950 0.00000000099999999950 0.00000000099999999950 0.00000000099999999950 0.00000000099999999950 0.00000000099999999950 
0.00000000099999999951 0.00000000099999999951 0.00000000099999999951 0.00000000099999999951 0.00000000099999999951 0.99999998900000020008 0.00000000099999999951 0.00000000099999999951 0.00000000099999999951 0.00000000099999999951 0.00000000099999999951 0.00000000099999999951 
0.00000000099999999939 0.00000000099999999939 0.00000000099999999939 0.00000000099999999939 0.00000000099999999939 0.99999998900000008906 0.00000000099999999939 0.00000000099999999939 0.00000000099999999939 0.00000000099999999939 0.00000000099999999939 0.00000000099999999939 
0.00000000099999999957 0.00000000099999999957 0.00000000099999999957 0.00000000099999999957 0.00000000099999999957 0.99999998900000020008 0.00000000099999999957 0.00000000099999999957 0.00000000099999999957 0.00000000099999999957 0.00000000099999999957 0.00000000099999999957 
0.00000000099999999920 0.00000000099999999920 0.00000000099999999920 0.00000000099999999920 0.00000000099999999920 0.99999998900000008906 0.00000000099999999920 0.00000000099999999920 0.00000000099999999920 0.00000000099999999920 0.00000000099999999920 0.00000000099999999920 
0.00000000099999999931 0.00000000099999999931 0.00000000099999999931 0.00000000099999999931 0.00000000099999999931 0.99999998900000020008 0.00000000099999999931 0.00000000099999999931 0.00000000099999999931 0.00000000099999999931 0.00000000099999999931 0.00000000099999999931 
0.00000000099999999935 0.00000000099999999935 0.00000000099999999935 0.00000000099999999935 0.00000000099999999935 0.99999998900000008906 0.00000000099999999935 0.00000000099999999935 0.00000000099999999935 0.00000000099999999935 0.00000000099999999935 0.00000000099999999935 
0.00000000099999999954 0.00000000099999999954 0.00000000099999999954 0.00000000099999999954 0.00000000099999999954 0.00000000099999999954 0.00000000099999999954 0.99999998899999997803 0.00000000099999999954 0.00000000099999999954 0.00000000099999999954 0.00000000099999999954 
0.00000000099999999992 0.28862869666073082131 0.00000000099999999992 0.18604982125349156519 0.11183094629837893319 0.00000000099999999992 0.00000000099999999992 0.03741575743754205208 0.37607477134985656253 0.00000000099999999992 0.00000000099999999992 0.00000000099999999992 
0.00000000099999999955 0.00000000099999999955 0.00000000099999999955 0.00000000099999999955 0.00000000099999999955 0.00000000099999999955 0.00000000099999999955 0.99999998899999997803 0.00000000099999999955 0.00000000099999999955 0.00000000099999999955 0.00000000099999999955 
0.00000000099999999991 0.84137219279963881835 0.00000000099999999991 0.09384106032661695962 0.00000000099999999991 0.00000000099999999991 0.00000000099999999991 0.01614977899853315899 0.04863695987521109154 0.00000000099999999991 0.00000000099999999991 0.00000000099999999991 
0.00000000099999999976 0.00000000099999999976 0.00000000099999999976 0.00000000099999999976 0.00000000099999999976 0.00000000099999999976 0.99999998899999997803 0.00000000099999999976 0.00000000099999999976 0.00000000099999999976 0.00000000099999999976 0.00000000099999999976 
0.00000000099999999978 0.88555569728483729541 0.00000000099999999978 0.00000000099999999978 0.05379666995984224570 0.00000000099999999978 0.00000000099999999978 0.00000000099999999978 0.06064762375532070648 0.00000000099999999978 0.00000000099999999978 0.00000000099999999978 
0.00000000099999999975 0.00000000099999999975 0.00000000099999999975 0.99999998900000020008 0.00000000099999999975 0.00000000099999999975 0.00000000099999999975 0.00000000099999999975 0.00000000099999999975 0.00000000099999999975 0.00000000099999999975 0.00000000099999999975 
0.00000000099999999974 0.00000000099999999974 0.00000000099999999974 0.79983540105512584972 0.20016458894487429432 0.00000000099999999974 0.00000000099999999974 0.00000000099999999974 0.00000000099999999974 0.00000000099999999974 0.00000000099999999974 0.00000000099999999974 
0.00000000099999999977 0.00000000099999999977 0.00000000099999999977 0.99827252974772862082 0.00172746025227150522 0.00000000099999999977 0.00000000099999999977 0.00000000099999999977 0.00000000099999999977 0.00000000099999999977 0.00000000099999999977 0.00000000099999999977 
0.00000000099999999960 0.00000000099999999960 0.00000000099999999960 0.00000000099999999960 0.00000000099999999960 0.00000000099999999960 0.00000000099999999960 0.99999998900000008906 0.00000000099999999960 0.00000000099999999960 0.00000000099999999960 0.00000000099999999960 
0.00000000099999999995 0.08395999323256161939 0.00000000099999999995 0.30703549235392135763 0.34751309760298287888 0.02835810551035060356 0.00000000099999999995 0.03168740062612777214 0.19273324355407819852 0.00759471435850175326 0.00111794876147579400 0.00000000099999999995 
0.00000000099999999976 0.00000000099999999976 0.24130818536117107365 0.00000000099999999976 0.00000000099999999976 0.00000000099999999976 0.01133202686394195816 0.00000000099999999976 0.00000000099999999976 0.74735977877488701804 0.00000000099999999976 0.00000000099999999976 
0.00000000099999999974 0.00000000099999999974 0.00000000099999999974 0.95727418509583306339 0.04272580490416701821 0.00000000099999999974 0.00000000099999999974 0.00000000099999999974 0.00000000099999999974 0.00000000099999999974 0.00000000099999999974 0.00000000099999999974 
0.00000000099999999976 0.11270415033719577425 0.00000000099999999976 0.00000000099999999976 0.00000000099999999976 0.00000000099999999976 0.00000000099999999976 0.00000000099999999976 0.88729583966280423102 0.00000000099999999976 0.00000000099999999976 0.00000000099999999976 
0.00000000099999999964 0.00000000099999999964 0.00000000099999999964 0.00000000099999999964 0.00000000099999999964 0.00000000099999999964 0.00000000099999999964 0.99999998900000008906 0.00000000099999999964 0.00000000099999999964 0.00000000099999999964 0.00000000099999999964 
0.00000000099999999988 0.79603818281333116325 0.00000000099999999988 0.17760577808288718904 0.00000000099999999988 0.00000000099999999988 0.00000000099999999988 0.02379684843847158782 0.00255918266531025623 0.00000000099999999988 0.00000000099999999988 0.00000000099999999988 
0.00000000099999999973 0.00000000099999999973 0.00000000099999999973 0.99999998900000008906 0.00000000099999999973 0.00000000099999999973 0.00000000099999999973 0.00000000099999999973 0.00000000099999999973 0.00000000099999999973 0.00000000099999999973 0.00000000099999999973 
0.00000000099999999973 0.00000000099999999973 0.22526155788870408370 0.00000000099999999973 0.00000000099999999973 0.00000000099999999973 0.00209543419552697110 0.00000000099999999973 0.00000000099999999973 0.77264299891576893042 0.00000000099999999973 0.00000000099999999973 
0.00000000099999999974 0.00000000099999999974 0.22572192222094150660 0.00000000099999999974 0.00000000099999999974 0.00000000099999999974 0.00000000099999999974 0.00000000099999999974 0.00000000099999999974 0.77427806777905849867 0.00000000099999999974 0.00000000099999999974 
0.00000000099999999971 0.00000000099999999971 0.00000000099999999971 0.00000000099999999971 0.00000000099999999971 0.00000000099999999971 0.00000000099999999971 0.00000000099999999971 0.99999998900000008906 0.00000000099999999971 0.00000000099999999971 0.00000000099999999971 
0.00000000099999999972 0.00000000099999999972 0.00000000099999999972 0.00000000099999999972 0.00000000099999999972 0.00000000099999999972 0.00000000099999999972 0.99999998900000008906 0.00000000099999999972 0.00000000099999999972 0.00000000099999999972 0.00000000099999999972 
0.00000000099999999993 0.16394422335612812702 0.00834036361462254204 0.18362539969865604439 0.43140752957804967549 0.03052766438835448695 0.00000000099999999993 0.01241745939872777871 0.16973735496546135670 0.00000000099999999993 0.00000000099999999993 0.00000000099999999993 
0.00000000099999999986 0.80591178640194027771 0.00000000099999999986 0.03261069647711705571 0.08193887870842846144 0.00000000099999999986 0.00000000099999999986 0.01328319596139473230 0.06625543545111950428 0.00000000099999999986 0.00000000099999999986 0.00000000099999999986 
0.00000000099999999978 0.00000000099999999978 0.00000000099999999978 0.99999998900000020008 0.00000000099999999978 0.00000000099999999978 0.00000000099999999978 0.00000000099999999978 0.00000000099999999978 0.00000000099999999978 0.00000000099999999978 0.00000000099999999978 
0.00000000099999999976 0.00000000099999999976 0.23972260515357377009 0.00000000099999999976 0.00000000099999999976 0.00000000099999999976 0.00000120933430654589 0.00000000099999999976 0.00000000099999999976 0.76027617651211976124 0.00000000099999999976 0.00000000099999999976 
0.00000000099999999976 0.00000000099999999976 0.23142285115762042946 0.00000000099999999976 0.00000000099999999976 0.00000000099999999976 0.01387327227380247448 0.00000000099999999976 0.00000000099999999976 0.75470386756857710253 0.00000000099999999976 0.00000000099999999976 
0.00000000099999999968 0.00000000099999999968 0.00000000099999999968 0.00000000099999999968 0.00000000099999999968 0.00000000099999999968 0.99999998900000008906 0.00000000099999999968 0.00000000099999999968 0.00000000099999999968 0.00000000099999999968 0.00000000099999999968 
