0.00000000099999999997 0.00134747789604704616 0.87174700102173530158 0.12690551608221775637 0.00000000099999999997 0.00000000099999999997 0.00000000099999999997 0.00000000099999999997 
0.00000000099999999991 0.00000000099999999991 0.00000000099999999991 0.00000000099999999991 0.00000000099999999991 0.99999999271575179538 0.00000000128424829669 0.00000000099999999991 
0.00000194236864692885 0.00000000099999999995 0.92286118655062099325 0.07713686608073223872 0.00000000099999999995 0.00000000099999999995 0.00000000099999999995 0.00000000099999999995 
0.02788411140861136311 0.00983336196265172102 0.93899962705088035886 0.02328289557785649319 0.00000000099999999994 0.00000000099999999994 0.00000000099999999994 0.00000000099999999994 
0.02573411129321737795 0.01224667133716286424 0.96200319735151351708 0.00001601601810636435 0.00000000099999999996 0.00000000099999999996 0.00000000099999999996 0.00000000099999999996 
0.00000000099999999967 0.00000000099999999967 0.00000000099999999967 0.00000000099999999967 0.99999999300000008695 0.00000000099999999967 0.00000000099999999967 0.00000000099999999967 
0.00000000099999999987 0.00000000099999999987 0.88775436330681267716 0.11224563069318729824 0.00000000099999999987 0.00000000099999999987 0.00000000099999999987 0.00000000099999999987 
0.00000000099999999949 0.00000000099999999949 0.00000000099999999949 0.00000000099999999949 0.99999999300000008695 0.00000000099999999949 0.00000000099999999949 0.00000000099999999949 
0.00000000099999999990 0.00000000099999999990 0.81761920365167006786 0.18238079034832990755 0.00000000099999999990 0.00000000099999999990 0.00000000099999999990 0.00000000099999999990 
0.00000000099999999987 0.00000000099999999987 0.87929876192794731438 0.12070123207205259164 0.00000000099999999987 0.00000000099999999987 0.00000000099999999987 0.00000000099999999987 
0.00574437701779207180 0.04122777770011103876 0.93785817685450934000 0.01516966442758770246 0.00000000099999999995 0.00000000099999999995 0.00000000099999999995 0.00000000099999999995 
0.00999384125885563121 0.00401809637900313755 0.98596600651351773426 0.00002205184862365911 0.00000000099999999997 0.00000000099999999997 0.00000000099999999997 0.00000000099999999997 
0.03420292273472334832 0.00000000099999999996 0.96018275009685938315 0.00561432216841728331 0.00000000099999999996 0.00000000099999999996 0.00000000099999999996 0.00000000099999999996 
0.00000000099999999992 0.00000000099999999992 0.00000000099999999992 0.00000000099999999992 0.00000000099999999992 0.91283964506045323084 0.08716034893954671681 0.00000000099999999992 
0.00000000099999999989 0.00000000099999999989 0.92132510783796817133 0.07867488616203191509 0.00000000099999999989 0.00000000099999999989 0.00000000099999999989 0.00000000099999999989 
0.00000000099999999987 0.00072542555815457825 0.83336436165939431486 0.16591020778245119116 0.00000000099999999987 0.00000000099999999987 0.00000000099999999987 0.00000000099999999987 
0.00000000099999999991 0.00000003368032048912 0.90426983804515737031 0.09573012327452219694 0.00000000099999999991 0.00000000099999999991 0.00000000099999999991 0.00000000099999999991 
0.00000000099999999937 0.99999999300000008695 0.00000000099999999937 0.00000000099999999937 0.00000000099999999937 0.00000000099999999937 0.00000000099999999937 0.00000000099999999937 
0.00000000099999999965 0.00000000099999999965 0.00000000099999999965 0.00000000099999999965 0.99999999300000008695 0.00000000099999999965 0.00000000099999999965 0.00000000099999999965 
0.00000000099999999935 0.99999999300000008695 0.00000000099999999935 0.00000000099999999935 0.00000000099999999935 0.00000000099999999935 0.00000000099999999935 0.00000000099999999935 
0.02532060615156541544 0.00268981356484063443 0.97108332763904881002 0.00047228908252235628 0.00000000099999999999 0.00000000099999999999 0.00000000162517300694 0.00043395993684984302 
0.00000000099999999952 0.00000000099999999952 0.00000000099999999952 0.00000000099999999952 0.99999999299999997593 0.00000000099999999952 0.00000000099999999952 0.00000000099999999952 
0.00000000099999999960 0.00000000099999999960 0.00000000099999999960 0.99999999300000008695 0.00000000099999999960 0.00000000099999999960 0.00000000099999999960 0.00000000099999999960 
0.00000000099999999988 0.00200195664108769513 0.87341807642165236736 0.12457996193726002254 0.00000000099999999988 0.00000000099999999988 0.00000000099999999988 0.00000000099999999988 
0.03496574577710172271 0.01082858912411435726 0.84520842958901909459 0.10899723150976496633 0.00000000099999999992 0.00000000099999999992 0.00000000099999999992 0.00000000099999999992 
0.00000000099999999980 0.00000000099999999980 0.75141463842689004693 0.24858535557310995623 0.00000000099999999980 0.00000000099999999980 0.00000000099999999980 0.00000000099999999980 
0.00000000099999999993 0.00000000099999999993 0.00000000099999999993 0.00000000099999999993 0.03247173020267211940 0.00000000099999999993 0.00000045539824098557 0.96752780939908678004 
0.00000000099999999971 0.00000000099999999971 0.00000000099999999971 0.00000000099999999971 0.99999999299999997593 0.00000000099999999971 0.00000000099999999971 0.00000000099999999971 
0.00000000099999999995 0.00743722591474777275 0.71266117712124354977 0.15471819866306521507 0.12518339430094366227 0.00000000099999999995 0.00000000099999999995 0.00000000099999999995 
0.00000000099999999998 0.01483741726914650748 0.76739423289533992278 0.19194201162659321747 0.00148871771933310119 0.00000000099999999998 0.02433761748958724117 0.00000000099999999998 
0.10496452899708283435 0.00320386783315137558 0.74589674208643652609 0.14593485708332931683 0.00000000099999999991 0.00000000099999999991 0.00000000099999999991 0.00000000099999999991 
0.00000000099999999988 0.00000000099999999988 0.86605980167828344740 0.13394019232171661127 0.00000000099999999988 0.00000000099999999988 0.00000000099999999988 0.00000000099999999988 
0.01620354844972595257 0.02499592755240176434 0.93907626228188678663 0.00978460103105456037 0.00993965768493110247 0.00000000099999999997 0.00000000099999999997 0.00000000099999999997 
0.00000000099999999951 0.00000000099999999951 0.00000000099999999951 0.99999999300000008695 0.00000000099999999951 0.00000000099999999951 0.00000000099999999951 0.00000000099999999951 
0.00000000099999999991 0.00000000099999999991 0.89394179052278643915 0.10605820347721353625 0.00000000099999999991 0.00000000099999999991 0.00000000099999999991 0.00000000099999999991 
0.00000000099999999990 0.00848334605342115043 0.71014134552544538881 0.14053085300171022642 0.14084445141942339430 0.00000000099999999990 0.00000000099999999990 0.00000000099999999990 
0.00163593755056661819 0.00000000099999999998 0.80127497467745190107 0.09879715839191421933 0.00000000099999999998 0.00000000099999999998 0.00000141486613849144 0.09829051151392895203 
0.00000000099999999986 0.00000000099999999986 0.00000000099999999986 0.00000000099999999986 0.00000000099999999986 0.00000000099999999986 0.00000070117620378785 0.99999929282379618201 
0.00000000099999999996 0.00000431069140797204 0.85599180140392761018 0.12092025447256150861 0.00000000099999999996 0.02308362943210287219 0.00000000099999999996 0.00000000099999999996 
0.03620544929665818479 0.00405959544035035171 0.88383188478254581799 0.07590306648044570226 0.00000000099999999993 0.00000000099999999993 0.00000000099999999993 0.00000000099999999993 
0.01513160931183540371 0.00638021334919126014 0.93849719943541154432 0.03999097390356192577 0.00000000099999999994 0.00000000099999999994 0.00000000099999999994 0.00000000099999999994 
0.00000000099999999995 0.00000000099999999995 0.00000000099999999995 0.00000000099999999995 0.00000000099999999995 0.00000000099999999995 0.00000016462428702492 0.99999982937571296748 
0.05948188850616078355 0.00000000099999999995 0.00000000099999999995 0.00000000099999999995 0.00000000099999999995 0.00000000099999999995 0.00000000099999999995 0.94051810549383918492 
0.01447478153661574569 0.00000000099999999996 0.00000000099999999996 0.00000000099999999996 0.00000000099999999996 0.00000000099999999996 0.46845842025749478976 0.51706679320588944115 
0.04030998530696002641 0.00000000099999999998 0.00023629132865597734 0.00000000099999999998 0.00000000099999999998 0.00014937766575187866 0.18739946617718078459 0.77190487652145123310 
0.00097836624931013768 0.00000000099999999995 0.00000000099999999995 0.00000000099999999995 0.00000000099999999995 0.00000000099999999995 0.60995455259809061577 0.38906707615259922273 
0.01597993909993726189 0.00000000099999999992 0.00000000099999999992 0.00000000099999999992 0.00000000099999999992 0.00000000099999999992 0.54857554950072151545 0.43544450639934112468 
0.04065047153531570201 0.00000000099999999996 0.00000000099999999996 0.00369268947263943440 0.00000000099999999996 0.00000000099999999996 0.23623626381960249887 0.71942057117244229136 
0.00740386471975787875 0.00000000099999999990 0.00000000099999999990 0.00000000099999999990 0.00000000099999999990 0.00000000099999999990 0.58863220831292195623 0.40396392196732022750 
0.01081546430773821718 0.00000000099999999994 0.00000000099999999994 0.00000000099999999994 0.00000000099999999994 0.00000000099999999994 0.54017526504836210766 0.44900926564389964657 
0.03507314800870042076 0.00385754652775204595 0.01670120662912393666 0.00000000290053946974 0.00000000099999999998 0.00000000099999999998 0.23214545479385634286 0.71222263914002781338 
0.00764305441766654353 0.00000000099999999997 0.00000000099999999997 0.00000000099999999997 0.00000000099999999997 0.00000000099999999997 0.59552969382536369292 0.39682724675696984251 
0.00000000099999999966 0.99999999300000019797 0.00000000099999999966 0.00000000099999999966 0.00000000099999999966 0.00000000099999999966 0.00000000099999999966 0.00000000099999999966 
0.04708256602885677045 0.00000000099999999997 0.00000000099999999997 0.00000000099999999997 0.00000000099999999997 0.00000000099999999997 0.48509600959938165010 0.46782141937176158208 
0.04590490778229452951 0.00000000099999999993 0.00000000099999999993 0.00000000099999999993 0.00000000099999999993 0.00000000099999999993 0.52096524885780526315 0.43312983835990026549 
0.03939753219840001763 0.00391202990457708167 0.00000000099999999998 0.00000000099999999998 0.00098478723541219450 0.00000000099999999998 0.50043214165754623668 0.45527350600406429892 
0.03989990037436119685 0.00000000099999999995 0.00000000099999999995 0.00000000099999999995 0.00000000099999999995 0.00000000099999999995 0.54029405270566743802 0.41980604191997139552 
0.04138718045098740972 0.00065561051084318323 0.00000000099999999998 0.00000000099999999998 0.00000000099999999998 0.00000000099999999998 0.50328264806312650315 0.45467455697504288725 
0.03184837008045512258 0.00000000099999999995 0.00000000099999999995 0.00000000099999999995 0.00000000099999999995 0.00101179206415537206 0.52736333662187273585 0.43977649723351669442 
0.01477066193701553377 0.01181295281116851760 0.88643737620423534995 0.00000030073389952766 0.08205266604075291126 0.00000296464548362639 0.00000000100000000000 0.00492307662744454616 
0.02227092709502871692 0.00372462350547733776 0.93715417448004434409 0.03685027091944957645 0.00000000099999999993 0.00000000099999999993 0.00000000099999999993 0.00000000099999999993 
0.00000000099999999982 0.76902186654704396407 0.23097812745295612236 0.00000000099999999982 0.00000000099999999982 0.00000000099999999982 0.00000000099999999982 0.00000000099999999982 
0.00000000099999999965 0.00000000099999999965 0.00000000099999999965 0.00000000099999999965 0.99999999300000008695 0.00000000099999999965 0.00000000099999999965 0.00000000099999999965 
0.00000000099999999984 0.00000000099999999984 0.00000000099999999984 0.99999999299999997593 0.00000000099999999984 0.00000000099999999984 0.00000000099999999984 0.00000000099999999984 
0.00000000099999999945 0.00000000099999999945 0.00000000099999999945 0.99999999299999997593 0.00000000099999999945 0.00000000099999999945 0.00000000099999999945 0.00000000099999999945 
0.00000000099999999992 0.00000222212057469388 0.87364622644605038904 0.11426447568368640340 0.01208707174968847407 0.00000000099999999992 0.00000000099999999992 0.00000000099999999992 
0.00000000099999999936 0.99999999300000008695 0.00000000099999999936 0.00000000099999999936 0.00000000099999999936 0.00000000099999999936 0.00000000099999999936 0.00000000099999999936 
0.03172473817276424968 0.01733018863884351959 0.85119506168105407706 0.08673206479524850354 0.00000000099999999997 0.00000000099999999997 0.00000000099999999997 0.01301794371208973150 
0.00000000099999999982 0.00000000099999999982 0.88036333338758732125 0.11963666061241276517 0.00000000099999999982 0.00000000099999999982 0.00000000099999999982 0.00000000099999999982 
0.00000000099999999981 0.00000000099999999981 0.00000000099999999981 0.00000000099999999981 0.00000000099999999981 0.00000000099999999981 0.00000000099999999981 0.99999999300000008695 
0.00000000099999999989 0.00000000099999999989 0.89723756863165715636 0.10276242536834291619 0.00000000099999999989 0.00000000099999999989 0.00000000099999999989 0.00000000099999999989 
0.01710553724640439047 0.00000000099999999998 0.96963677881760657051 0.01325767475244311877 0.00000000518354590326 0.00000000099999999998 0.00000000099999999998 0.00000000099999999998 
0.00000000099999999947 0.00000000099999999947 0.00000000099999999947 0.99999999299999997593 0.00000000099999999947 0.00000000099999999947 0.00000000099999999947 0.00000000099999999947 
0.00000000099999999990 0.00001776838888328770 0.89859255858649578208 0.10138966802462098804 0.00000000099999999990 0.00000000099999999990 0.00000000099999999990 0.00000000099999999990 
0.00000000099999999985 0.00000000099999999985 0.91263859912302458532 0.08736139487697551498 0.00000000099999999985 0.00000000099999999985 0.00000000099999999985 0.00000000099999999985 
0.01637876039683736420 0.02407835689530539794 0.87597503262067699659 0.08356784608718041685 0.00000000099999999990 0.00000000099999999990 0.00000000099999999990 0.00000000099999999990 
0.00000000099999999996 0.00000000099999999996 0.00000000099999999996 0.00000000099999999996 0.00000000099999999996 0.00000000099999999996 0.03058006413387990771 0.96941992986612013361 
0.00000000099999999960 0.00000000099999999960 0.00000000099999999960 0.99999999300000008695 0.00000000099999999960 0.00000000099999999960 0.00000000099999999960 0.00000000099999999960 
0.00000000099999999966 0.00000000099999999966 0.00000000099999999966 0.99999999299999997593 0.00000000099999999966 0.00000000099999999966 0.00000000099999999966 0.00000000099999999966 
0.00000000099999999993 0.00000000099999999993 0.95553423508184243129 0.04446575891815748166 0.00000000099999999993 0.00000000099999999993 0.00000000099999999993 0.00000000099999999993 
0.00000000099999999986 0.00000000099999999986 0.00000000099999999986 0.00000000099999999986 0.00000000099999999986 0.36861314033909015064 0.58471667038959318496 0.04667018427131670866 
0.00000000099999999991 0.00000000099999999991 0.00000000099999999991 0.00000000099999999991 0.00000000099999999991 0.00000000099999999991 0.77313433219845295596 0.22686566180154707495 
0.00000000099999999982 0.00000000099999999982 0.00000000099999999982 0.00000000099999999982 0.00000000099999999982 0.00000000099999999982 0.96814174347440173918 0.03185825052559822235 
0.00000000099999999954 0.00000000099999999954 0.00000000099999999954 0.00000000099999999954 0.00000000099999999954 0.99999999300000008695 0.00000000099999999954 0.00000000099999999954 
0.00000000099999999947 0.00000000099999999947 0.00000000099999999947 0.00000000099999999947 0.00000000099999999947 0.99999999299999997593 0.00000000099999999947 0.00000000099999999947 
0.00000000099999999985 0.00104932121013370794 0.82026036548464720255 0.17869030830521920317 0.00000000099999999985 0.00000000099999999985 0.00000000099999999985 0.00000000099999999985 
0.00072912616877469927 0.00000000099999999995 0.00000000099999999995 0.00000000099999999995 0.00000000099999999995 0.00000000099999999995 0.76255365303242328423 0.23671721579880194986 
0.00579813972306129650 0.00000000099999999996 0.00000000099999999996 0.00000000099999999996 0.00000000099999999996 0.03687686586653585868 0.64991479632739435068 0.30741019408300856997 
0.00515327250756799325 0.00000000099999999993 0.00000000099999999993 0.00000000099999999993 0.00000000099999999993 0.00000000099999999993 0.76855265196927802229 0.22629407052315389515 
0.00000000099999999988 0.00000000099999999988 0.00000000099999999988 0.00000000099999999988 0.00000000099999999988 0.00000000099999999988 0.79186921855156322536 0.20813077544843675004 
0.00000000099999999982 0.00000000099999999982 0.00000000099999999982 0.00000000099999999982 0.00000000099999999982 0.00000000099999999982 0.97042742293740724691 0.02957257106259282911 
0.00000000099999999944 0.00000000099999999944 0.00000000099999999944 0.00000000099999999944 0.00000000099999999944 0.99999999300000008695 0.00000000099999999944 0.00000000099999999944 
0.00000000099999999958 0.00000000099999999958 0.00000000099999999958 0.00000000099999999958 0.00000000099999999958 0.99999999300000008695 0.00000000099999999958 0.00000000099999999958 
0.00000000099999999993 0.00000000099999999993 0.00000000099999999993 0.00000000099999999993 0.00000000099999999993 0.00000000099999999993 0.75994120657589592227 0.24005878742410399762 
0.00000000099999999979 0.00000000099999999979 0.00000000099999999979 0.00000000099999999979 0.00000000099999999979 0.00000000099999999979 0.97755284264120478888 0.02244715135879523510 
0.00000000099999999992 0.00000000099999999992 0.00000000099999999992 0.00000000099999999992 0.00000000099999999992 0.00000000099999999992 0.71844378216953119765 0.28155621183046869449 
0.00000000099999999997 0.00016569805755566137 0.00000000099999999997 0.00000002520995311554 0.00000000099999999997 0.03707251777714016400 0.68096481472957359760 0.28179694122577747528 
0.00621439101944093290 0.00000000099999999997 0.00000000099999999997 0.00000000099999999997 0.00000000099999999997 0.02938646086651010986 0.64647013997859914536 0.31792900413544972205 
0.00000000099999999991 0.00000000099999999991 0.00000000099999999991 0.00000000099999999991 0.00000000099999999991 0.37159405149416790959 0.59642323247074091608 0.03198271103509114921 
0.00000029909468917328 0.00000000099999999994 0.00000000099999999994 0.00000000099999999994 0.00000000099999999994 0.04462536009785050828 0.63340983228571423602 0.32196450452174601997 
0.00000000099999999997 0.00000000099999999997 0.00000000099999999997 0.00000000099999999997 0.00000000099999999997 0.04137964033934542207 0.65012379970553246800 0.30849655495512207093 
0.00000000099999999993 0.00000000099999999993 0.00000000099999999993 0.00000000099999999993 0.00000000099999999993 0.00000000099999999993 0.75382233735250825379 0.24617765664749169385 
0.00000000099999999983 0.00000000099999999983 0.00000000099999999983 0.00000000099999999983 0.00000000099999999983 0.00000000099999999983 0.00000000099999999983 0.99999999300000008695 
0.00000000099999999992 0.00000000099999999992 0.00000000099999999992 0.00000000099999999992 0.00000000099999999992 0.38352851950183503016 0.47954331794126736632 0.13692815755689768942 
0.04836855914345723761 0.00167192838592266323 0.01299021510772850607 0.00000000099999999998 0.00000000099999999998 0.00000000099999999998 0.21357768006684299533 0.72339161429604859066 
0.00000000099999999992 0.00000000099999999992 0.00000000099999999992 0.00000000099999999992 0.00000000099999999992 0.57064680942678347453 0.40322350626615710567 0.02612967930705941549 
0.00000000099999999992 0.00000000099999999992 0.00000000099999999992 0.00000000099999999992 0.00000000099999999992 0.33619456519483942314 0.53610884618385767908 0.12769658362130295592 
0.00000000099999999994 0.00000000099999999994 0.00000000099999999994 0.00000000099999999994 0.00000000099999999994 0.33700302270409815408 0.51950918411415958342 0.14348778818174232064 
0.00179011083036839137 0.00000000099999999994 0.00000000099999999994 0.00000000099999999994 0.00000000099999999994 0.00000000099999999994 0.00000159254803780191 0.99820829162159374626 
0.01007208194963950948 0.00000000099999999995 0.00000000099999999995 0.00000000099999999995 0.00000000099999999995 0.00000000099999999995 0.53800748513176666066 0.45192042791859382556 
0.00000000099999999989 0.00000000099999999989 0.00000000099999999989 0.00000000099999999989 0.00000000099999999989 0.00000000099999999989 0.04969206151794885312 0.95030793248205114310 
0.00000000099999999965 0.00000000099999999965 0.00000000099999999965 0.00000000099999999965 0.00000000099999999965 0.99999999300000008695 0.00000000099999999965 0.00000000099999999965 
0.00000000099999999991 0.00000000099999999991 0.00000000099999999991 0.00000000099999999991 0.00000000099999999991 0.62734450062977409335 0.36974814742016587354 0.00290734695006009906 
0.03870492771427613832 0.00000000099999999998 0.00636230028955323684 0.00000000099999999998 0.00000000099999999998 0.01532093229278249855 0.19795146468336410894 0.74166037202002399464 
0.00000000099999999996 0.00000000099999999996 0.00000000099999999996 0.00000000099999999996 0.00000000099999999996 0.40703375761310867098 0.46220717818735879145 0.13075905919953251244 
0.00000000099999999990 0.00000000099999999990 0.00000000099999999990 0.00000000099999999990 0.00000000099999999990 0.40489235312058841076 0.48562461288733532738 0.10948302899207615346 
0.00000000099999999989 0.00000000099999999989 0.00000000099999999989 0.00000000099999999989 0.00000000099999999989 0.00000000099999999989 0.95141278034281751008 0.04858721365718239593 
0.00000000099999999980 0.00000000099999999980 0.00000000099999999980 0.00000000099999999980 0.00000000099999999980 0.99999999300000008695 0.00000000099999999980 0.00000000099999999980 
0.00000000099999999963 0.00000000099999999963 0.00000000099999999963 0.00000000099999999963 0.00000000099999999963 0.99999999300000008695 0.00000000099999999963 0.00000000099999999963 
0.00000000099999999969 0.00000000099999999969 0.00000000099999999969 0.00000000099999999969 0.00000000099999999969 0.99999999299999997593 0.00000000099999999969 0.00000000099999999969 
0.00000000099999999991 0.00000000099999999991 0.00000000099999999991 0.00000000099999999991 0.00000000099999999991 0.45477865378900572679 0.44020041341289828374 0.10502092779809589496 
0.00000000099999999995 0.00000000099999999995 0.00000000099999999995 0.00000000099999999995 0.00000000099999999995 0.43282971337319697813 0.42321438444639963850 0.14395589718040355254 
0.00000000099999999993 0.00000000099999999993 0.00000000099999999993 0.00000000099999999993 0.00000000099999999993 0.00000000099999999993 0.77956115852799001686 0.22043883547200984752 
0.00000000099999999991 0.00000000099999999991 0.00000000099999999991 0.00000000099999999991 0.00000000099999999991 0.37539736263911027692 0.49966602587165598326 0.12493660648923372858 
0.00000000099999999992 0.00000000099999999992 0.00000000099999999992 0.00000000099999999992 0.00000000099999999992 0.35742250393026875344 0.47968485484109729677 0.16289263622863392467 
0.00000000099999999990 0.00000000099999999990 0.00000000099999999990 0.00000000099999999990 0.00000000099999999990 0.00000000099999999990 0.00000000099999999990 0.99999999300000008695 
0.00000000099999999984 0.00000000099999999984 0.00000000099999999984 0.00000000099999999984 0.00000000099999999984 0.00000000099999999984 0.93197733417805328493 0.06802265982194669047 
0.00432894708711712567 0.00000000099999999996 0.00000000099999999996 0.00000000099999999996 0.00000000099999999996 0.00000000099999999996 0.55511117162819112458 0.44055987628469184259 
0.00000000099999999987 0.00000000099999999987 0.00000000099999999987 0.00000000099999999987 0.00000000099999999987 0.00000000099999999987 0.00000000099999999987 0.99999999300000008695 
0.00000000099999999969 0.00000000099999999969 0.00000000099999999969 0.00000000099999999969 0.00000000099999999969 0.99999999300000008695 0.00000000099999999969 0.00000000099999999969 
0.00000000099999999990 0.00000000099999999990 0.00000000099999999990 0.00000000099999999990 0.00000000099999999990 0.40651891614064583624 0.53682452922142087637 0.05665654963793322757 
0.00000000550265588678 0.00000000099999999995 0.00000000099999999995 0.00000000099999999995 0.00000000099999999995 0.27803072442958792765 0.52595050073517146672 0.19601876533258480451 
0.00509892322219009271 0.00000000099999999994 0.00000000099999999994 0.00000000099999999994 0.00000000099999999994 0.00000000099999999994 0.53701236951747310933 0.45788870226033684396 
0.01548349727229969899 0.00000000099999999997 0.00000000099999999997 0.00000000099999999997 0.00000000099999999997 0.00000000099999999997 0.47367190690175342560 0.51084459082594690926 
0.00000000099999999977 0.00000000099999999977 0.00000000099999999977 0.00000000099999999977 0.00000000099999999977 0.99999999299999997593 0.00000000099999999977 0.00000000099999999977 
0.00000000099999999990 0.00000000099999999990 0.00000000099999999990 0.00000000099999999990 0.00000000099999999990 0.54170673836014815450 0.40362428542198247605 0.05466897121786939984 
0.37711845549242867248 0.01279891191775310057 0.43386909701108417048 0.03402220155588878137 0.00890232595351923492 0.00000000100000000000 0.00000001086165761560 0.13328899620766859746 
0.99999999300000019797 0.00000000099999999965 0.00000000099999999965 0.00000000099999999965 0.00000000099999999965 0.00000000099999999965 0.00000000099999999965 0.00000000099999999965 
0.36719437000005056282 0.02520888009272902186 0.45167982130269340724 0.01188884683848519773 0.01341811556461874021 0.00000000099999999999 0.00000000099999999999 0.13060996420142320651 
0.99999999300000008695 0.00000000099999999959 0.00000000099999999959 0.00000000099999999959 0.00000000099999999959 0.00000000099999999959 0.00000000099999999959 0.00000000099999999959 
0.99999999300000008695 0.00000000099999999954 0.00000000099999999954 0.00000000099999999954 0.00000000099999999954 0.00000000099999999954 0.00000000099999999954 0.00000000099999999954 
0.99999999300000019797 0.00000000099999999947 0.00000000099999999947 0.00000000099999999947 0.00000000099999999947 0.00000000099999999947 0.00000000099999999947 0.00000000099999999947 
0.37195930285286959993 0.01430455166193215187 0.46603517283625622847 0.00089050229913249291 0.00259644596394221312 0.00000000099999999999 0.00000000099999999999 0.14421402238586722433 
0.99999999300000019797 0.00000000099999999959 0.00000000099999999959 0.00000000099999999959 0.00000000099999999959 0.00000000099999999959 0.00000000099999999959 0.00000000099999999959 
0.35541460290004051048 0.03468470614396985952 0.48227600000998199770 0.00004587425266212701 0.00713593306624265775 0.00000000099999999999 0.00000000099999999999 0.12044288162710276024 
0.99999999300000008695 0.00000000099999999947 0.00000000099999999947 0.00000000099999999947 0.00000000099999999947 0.00000000099999999947 0.00000000099999999947 0.00000000099999999947 
0.00000000099999999980 0.74778480568918348492 0.16612962988766766248 0.08608555942314899401 0.00000000099999999980 0.00000000099999999980 0.00000000099999999980 0.00000000099999999980 
0.00000000099999999993 0.00000000099999999993 0.89173115246766887498 0.10826884153233114205 0.00000000099999999993 0.00000000099999999993 0.00000000099999999993 0.00000000099999999993 
0.00000000099999999950 0.99999999300000008695 0.00000000099999999950 0.00000000099999999950 0.00000000099999999950 0.00000000099999999950 0.00000000099999999950 0.00000000099999999950 
0.00000000099999999990 0.00000000099999999990 0.00000000099999999990 0.00000000099999999990 0.00000000099999999990 0.41152454384210179761 0.52919944202850621728 0.05927600912939194611 
0.00000000099999999989 0.00000000099999999989 0.88397669692973035449 0.11602329707026980132 0.00000000099999999989 0.00000000099999999989 0.00000000099999999989 0.00000000099999999989 
0.02799307356598960961 0.00524254386637427235 0.92887473420360211485 0.03788964436403408076 0.00000000099999999996 0.00000000099999999996 0.00000000099999999996 0.00000000099999999996 
0.00000000099999999989 0.00000000099999999989 0.00000000099999999989 0.00000000099999999989 0.00000000099999999989 0.42996175465786090619 0.54930593728829779643 0.02073230305384123062 
0.00000000099999999959 0.00000000099999999959 0.00000000099999999959 0.00000000099999999959 0.99999999300000008695 0.00000000099999999959 0.00000000099999999959 0.00000000099999999959 
0.01520572258086782223 0.00444110624773035121 0.98035306239921893301 0.00000010477218305066 0.00000000099999999997 0.00000000099999999997 0.00000000099999999997 0.00000000099999999997 
0.00733720652794449431 0.00000000099999999995 0.00000000099999999995 0.00002906128232882597 0.00000000099999999995 0.00000000099999999995 0.49350225905727801434 0.49913146913244865743 
0.00000000099999999990 0.00000000099999999990 0.00000000099999999990 0.00000000099999999990 0.00000000099999999990 0.38553643120414521350 0.53026011081270651992 0.08420345298314839411 
0.01034617292110778623 0.00000000099999999993 0.00000000099999999993 0.00000000099999999993 0.00000000099999999993 0.00000000099999999993 0.51921354278785925018 0.47044027929103310326 
0.00000000099999999987 0.00000000099999999987 0.00000000099999999987 0.00000000099999999987 0.00000000099999999987 0.39041222012420356835 0.58162611325942681351 0.02796166161636967976 
0.01712918537281754583 0.00228521277311640857 0.00000217098512795909 0.00000000099999999997 0.00000000099999999997 0.00000000099999999997 0.45977802062948064377 0.52080540723945756287 
0.01462538451963489236 0.00000000099999999994 0.97260052636471450160 0.01277408411565068673 0.00000000099999999994 0.00000000099999999994 0.00000000099999999994 0.00000000099999999994 
0.00000000099999999988 0.00966025709104564173 0.81219860321048731322 0.17814113469846701299 0.00000000099999999988 0.00000000099999999988 0.00000000099999999988 0.00000000099999999988 
0.00263779662716651228 0.00000000099999999994 0.00000000099999999994 0.00000000099999999994 0.00000000099999999994 0.01111358235777829169 0.53753198607016794419 0.44871663094488722923 
0.00835053330001329745 0.00000000099999999992 0.00000000099999999992 0.00000000099999999992 0.00000000099999999992 0.00000000099999999992 0.48878963922875418024 0.50285982247123262034 
0.00000000099999999972 0.00000000099999999972 0.00000000099999999972 0.00000000099999999972 0.99999999300000008695 0.00000000099999999972 0.00000000099999999972 0.00000000099999999972 
0.00000000099999999987 0.00000000099999999987 0.00000000099999999987 0.00000000099999999987 0.00000000099999999987 0.33718533225717567392 0.61380675962462261097 0.04900790311820175937 
0.99999999300000008695 0.00000000099999999956 0.00000000099999999956 0.00000000099999999956 0.00000000099999999956 0.00000000099999999956 0.00000000099999999956 0.00000000099999999956 
0.05653922109456075568 0.00000000099999999993 0.00000000099999999993 0.00000000099999999993 0.00000000099999999993 0.00000000099999999993 0.00000000099999999993 0.94346077290543928218 
0.99999999300000019797 0.00000000099999999950 0.00000000099999999950 0.00000000099999999950 0.00000000099999999950 0.00000000099999999950 0.00000000099999999950 0.00000000099999999950 
0.99999999300000008695 0.00000000099999999957 0.00000000099999999957 0.00000000099999999957 0.00000000099999999957 0.00000000099999999957 0.00000000099999999957 0.00000000099999999957 
0.05332815345496223075 0.00000000099999999997 0.00000000099999999997 0.00000000099999999997 0.00000000099999999997 0.00000000099999999997 0.00000000099999999997 0.94667184054503783486 
0.99999999300000019797 0.00000000099999999976 0.00000000099999999976 0.00000000099999999976 0.00000000099999999976 0.00000000099999999976 0.00000000099999999976 0.00000000099999999976 
0.05238928560189439615 0.00000000099999999995 0.00000000099999999995 0.00000000099999999995 0.00000000099999999995 0.00000000099999999995 0.00000000099999999995 0.94761070839810568334 
0.04573625322832943624 0.00000000099999999999 0.00000024650794364706 0.00000000099999999999 0.00000000099999999999 0.00000000099999999999 0.00000142470819813046 0.95426207155552877914 
0.00000000099999999985 0.00365663291405811516 0.79083711258874977990 0.20550624949719223378 0.00000000099999999985 0.00000000099999999985 0.00000000099999999985 0.00000000099999999985 
0.03342542329576922433 0.00000000099999999995 0.95110164992261947425 0.01547281556831251598 0.00000010721329889043 0.00000000099999999995 0.00000000099999999995 0.00000000099999999995 
0.00000000099999999983 0.00714101220150481757 0.79293432056388712947 0.19992466223460822472 0.00000000099999999983 0.00000000099999999983 0.00000000099999999983 0.00000000099999999983 
0.00000000099999999991 0.00000000099999999991 0.89179499656025518206 0.10820499743974487661 0.00000000099999999991 0.00000000099999999991 0.00000000099999999991 0.00000000099999999991 
0.02496785721927344617 0.00000000133597165678 0.92896684674181329022 0.04606529070294169970 0.00000000099999999997 0.00000000099999999997 0.00000000099999999997 0.00000000099999999997 
0.00000000099999999979 0.00000000099999999979 0.00000000099999999979 0.00000000099999999979 0.00000000099999999979 0.00000000099999999979 0.00000000099999999979 0.99999999300000008695 
0.00000000099999999986 0.00000000099999999986 0.00000000099999999986 0.00000000099999999986 0.00000000099999999986 0.00000000099999999986 0.00000000099999999986 0.99999999299999997593 
0.00000000099999999954 0.00000000099999999954 0.00000000099999999954 0.99999999300000008695 0.00000000099999999954 0.00000000099999999954 0.00000000099999999954 0.00000000099999999954 
0.00000000099999999988 0.00000000099999999988 0.81942332456011612862 0.18057666943988401331 0.00000000099999999988 0.00000000099999999988 0.00000000099999999988 0.00000000099999999988 
0.00000000099999999951 0.00000000099999999951 0.00000000099999999951 0.99999999299999997593 0.00000000099999999951 0.00000000099999999951 0.00000000099999999951 0.00000000099999999951 
0.00000000099999999979 0.00000000099999999979 0.00000000099999999979 0.00000000099999999979 0.00000000099999999979 0.00000000099999999979 0.00126402621053455042 0.99873596778946538421 
0.00000000099999999984 0.00000000099999999984 0.83196817242264142767 0.16803182157735849223 0.00000000099999999984 0.00000000099999999984 0.00000000099999999984 0.00000000099999999984 
0.01963609640904685413 0.00000000099999999996 0.95763505304267326768 0.02272884554827985654 0.00000000099999999996 0.00000000099999999996 0.00000000099999999996 0.00000000099999999996 
0.00000000099999999988 0.00000000099999999988 0.88612966501247802942 0.11387032898752202925 0.00000000099999999988 0.00000000099999999988 0.00000000099999999988 0.00000000099999999988 
0.00000000099999999990 0.00000000099999999990 0.85507205662245988620 0.14492793737754011696 0.00000000099999999990 0.00000000099999999990 0.00000000099999999990 0.00000000099999999990 
0.00000000099999999973 0.00000000099999999973 0.00000000099999999973 0.00000000099999999973 0.99999999300000008695 0.00000000099999999973 0.00000000099999999973 0.00000000099999999973 
0.00000000099999999989 0.00628476339221877879 0.85306961181899432223 0.14064561978878700743 0.00000000099999999989 0.00000000099999999989 0.00000000099999999989 0.00000000099999999989 
0.00000000099999999990 0.00000000099999999990 0.86001004096393851572 0.13998995303606140417 0.00000000099999999990 0.00000000099999999990 0.00000000099999999990 0.00000000099999999990 
0.00000000099999999975 0.00000000099999999975 0.00000000099999999975 0.00000000099999999975 0.99999999300000008695 0.00000000099999999975 0.00000000099999999975 0.00000000099999999975 
0.00000000099999999993 0.00546681601925268733 0.85751991131739346841 0.13701326766335386598 0.00000000099999999993 0.00000000099999999993 0.00000000099999999993 0.00000000099999999993 
0.00000000099999999979 0.00000000099999999979 0.00000000099999999979 0.00000000099999999979 0.00000000099999999979 0.00000000099999999979 0.00000000099999999979 0.99999999300000008695 
0.00000000099999999989 0.00000000099999999989 0.00000000099999999989 0.00000000099999999989 0.00000000099999999989 0.00000000099999999989 0.00000000099999999989 0.99999999300000008695 
0.00000000099999999983 0.00000000099999999983 0.00000000099999999983 0.00000000099999999983 0.00000000099999999983 0.00000000099999999983 0.00000000099999999983 0.99999999299999997593 
0.00000000099999999982 0.00000000099999999982 0.00000000099999999982 0.00000000099999999982 0.00000000099999999982 0.00000000099999999982 0.00000000099999999982 0.99999999300000008695 
0.00000000099999999985 0.00000000099999999985 0.00000000099999999985 0.00000000099999999985 0.00000000099999999985 0.00000000099999999985 0.00000000099999999985 0.99999999300000008695 
0.00000000099999999985 0.00000000099999999985 0.00000000099999999985 0.00000000099999999985 0.00000000099999999985 0.00000000099999999985 0.00000000099999999985 0.99999999299999997593 
0.00000000099999999983 0.00000000099999999983 0.00000000099999999983 0.00000000099999999983 0.00000000099999999983 0.00000000099999999983 0.00000000099999999983 0.99999999300000008695 
0.00000000099999999983 0.00000000099999999983 0.86796421845645133075 0.13203577554354875567 0.00000000099999999983 0.00000000099999999983 0.00000000099999999983 0.00000000099999999983 
0.00000000099999999928 0.99999999300000008695 0.00000000099999999928 0.00000000099999999928 0.00000000099999999928 0.00000000099999999928 0.00000000099999999928 0.00000000099999999928 
0.00000000099999999995 0.00000000099999999995 0.91873518583359392586 0.08126480816640611893 0.00000000099999999995 0.00000000099999999995 0.00000000099999999995 0.00000000099999999995 
0.00000000099999999990 0.00000000099999999990 0.00000000099999999990 0.00000000099999999990 0.00000000099999999990 0.00000000099999999990 0.91578314342838040840 0.08421685057161953925 
0.00000000099999999985 0.00000000099999999985 0.00000000099999999985 0.00000000099999999985 0.00000000099999999985 0.04608908938851340870 0.95391090461148653201 0.00000000099999999985 
0.01801717830286708733 0.00000454690913369612 0.97019853652332221916 0.01177973426467693319 0.00000000099999999993 0.00000000099999999993 0.00000000099999999993 0.00000000099999999993 
0.00000000099999999990 0.00000000099999999990 0.00000000099999999990 0.00000000099999999990 0.00000000099999999990 0.00000000099999999990 0.93504673206327482138 0.06495326193672509851 
0.00000000099999999985 0.00000000099999999985 0.00000000099999999985 0.00000000099999999985 0.00000000099999999985 0.00000000099999999985 0.88800516179015720475 0.11199483220984264575 
0.00000000099999999984 0.00000000099999999984 0.00000000099999999984 0.00000000099999999984 0.00000000099999999984 0.00000000099999999984 0.00000000099999999984 0.99999999300000008695 
0.00000000099999999985 0.00000000099999999985 0.00000000099999999985 0.00000000099999999985 0.00000000099999999985 0.00000000099999999985 0.96056894648020407779 0.03943104751979602252 
0.00000000099999999990 0.00000000099999999990 0.00000000099999999990 0.00000000099999999990 0.00000000099999999990 0.00000000099999999990 0.93657607895494265904 0.06342391504505714983 
0.00000000099999999984 0.00000000099999999984 0.00000000099999999984 0.00000000099999999984 0.00000000099999999984 0.00000000099999999984 0.98361509196482366235 0.01638490203517635815 
0.00000000099999999991 0.00000000099999999991 0.00000000099999999991 0.00000000099999999991 0.00000000099999999991 0.06286224031376405619 0.93713775368623586370 0.00000000099999999991 
0.00000000099999999983 0.00000000099999999983 0.00000000099999999983 0.00000000099999999983 0.00000000099999999983 0.00000000099999999983 0.95008986096059977466 0.04991013303940006890 
0.00000000099999999988 0.00000000099999999988 0.00000000099999999988 0.00000000099999999988 0.00000000099999999988 0.00000000099999999988 0.93137557019906913602 0.06862442380093086713 
