0.00000000099999999971 0.99999999500000003039 0.00000000099999999971 0.00000000099999999971 0.00000000099999999971 0.00000000099999999971 
0.11220993450978727912 0.00586113419117671730 0.00000000099999999998 0.00322127764825576139 0.87870765165078024150 0.00000000099999999998 
0.00000000099999999995 0.00000000099999999995 0.00000000099999999995 0.99999999499999991937 0.00000000099999999995 0.00000000099999999995 
0.00000117280903884492 0.00000282446604926025 0.00000000099999999997 0.99396935681150311304 0.00602664391340866894 0.00000000099999999997 
0.18490206962608610186 0.04860147261998527118 0.00000000099999999999 0.00000000099999999999 0.76640668242242049324 0.00008977333150823754 
0.17704553751433271813 0.04638148271812900236 0.00000000100000000000 0.00420614646023282409 0.77236683130730543478 0.00000000100000000000 
0.00000000099999999976 0.00000000099999999976 0.00000000099999999976 0.00000000099999999976 0.00000000099999999976 0.99999999499999991937 
0.00000000099999999958 0.00000000099999999958 0.00000000099999999958 0.00000000099999999958 0.00000000099999999958 0.99999999500000003039 
0.07709907313417263541 0.00000000099999999993 0.00000000099999999993 0.00000000099999999993 0.92290092286582725567 0.00000000099999999993 
0.00000000099999999973 0.00000000099999999973 0.00000000099999999973 0.00000000099999999973 0.00000000099999999973 0.99999999499999991937 
0.02785106552780028041 0.00000000099999999989 0.00000000099999999989 0.00000000099999999989 0.97214893047219974598 0.00000000099999999989 
0.00000000099999999968 0.00000000099999999968 0.00000000099999999968 0.00000000099999999968 0.00000000099999999968 0.99999999500000003039 
0.10750665047141906572 0.00000000099999999994 0.00000000099999999994 0.00000000099999999994 0.89249334552858083924 0.00000000099999999994 
0.01125602104207879331 0.00000000099999999996 0.00000000099999999996 0.00000000099999999996 0.98874397495792121227 0.00000000099999999996 
0.09981167580372868331 0.00000000099999999992 0.00000000099999999992 0.00000000099999999992 0.90018832019627126328 0.00000000099999999992 
0.17745930530622036625 0.02741581798278280510 0.00000000099999999999 0.00007916344714845078 0.79504571126384837587 0.00000000099999999999 
0.15806454431506045122 0.05668566921248784085 0.00000000099999999999 0.00161324105770139256 0.78363654341475019738 0.00000000099999999999 
0.00000000099999999978 0.00000000099999999978 0.00000000099999999978 0.00000000099999999978 0.00000000099999999978 0.99999999499999991937 
0.00000000099999999969 0.00000000099999999969 0.00000000099999999969 0.00000000099999999969 0.00000000099999999969 0.99999999499999991937 
0.00000000099999999953 0.00000000099999999953 0.00000000099999999953 0.00000000099999999953 0.00000000099999999953 0.99999999500000003039 
0.00000000099999999978 0.99999999500000014141 0.00000000099999999978 0.00000000099999999978 0.00000000099999999978 0.00000000099999999978 
0.13233420712987192802 0.00000000099999999995 0.00000000099999999995 0.00000000099999999995 0.86766578887012801857 0.00000000099999999995 
0.13602786586362128340 0.00000000099999999992 0.00000000099999999992 0.00000000099999999992 0.86397213013637863543 0.00000000099999999992 
0.00000000099999999962 0.00000000099999999962 0.00000000099999999962 0.00000000099999999962 0.00000000099999999962 0.99999999500000003039 
0.00000000099999999963 0.00000000099999999963 0.00000000099999999963 0.00000000099999999963 0.00000000099999999963 0.99999999500000003039 
0.00000000099999999957 0.00000000099999999957 0.00000000099999999957 0.00000000099999999957 0.00000000099999999957 0.99999999499999991937 
0.00695406324250017176 0.00000000099999999999 0.57394664819431451264 0.41653844592306349393 0.00256084064012182403 0.00000000099999999999 
0.01892011576701687486 0.00000000099999999991 0.00000000099999999991 0.00000000099999999991 0.98107988023298298152 0.00000000099999999991 
0.00238549923029479638 0.00000000099999999997 0.00000000099999999997 0.00000000099999999997 0.99761449676970515021 0.00000000099999999997 
0.00000000099999999982 0.00000000099999999982 0.00000000099999999982 0.00000000099999999982 0.00000000099999999982 0.99999999500000003039 
0.16391319582472166361 0.00000000099999999987 0.00000000099999999987 0.00000000099999999987 0.83608680017527814421 0.00000000099999999987 
0.00000000099999999963 0.00000000099999999963 0.00000000099999999963 0.00000000099999999963 0.00000000099999999963 0.99999999499999991937 
0.00000000099999999997 0.00000000099999999997 0.00000000099999999997 0.99999999499999991937 0.00000000099999999997 0.00000000099999999997 
0.00000000099999999970 0.99999999500000014141 0.00000000099999999970 0.00000000099999999970 0.00000000099999999970 0.00000000099999999970 
0.00000000099999999964 0.00000000099999999964 0.00000000099999999964 0.00000000099999999964 0.00000000099999999964 0.99999999500000003039 
0.10171500901303291708 0.00000000099999999994 0.00000000099999999994 0.00000000099999999994 0.89828498698696701563 0.00000000099999999994 
0.10995509296921802955 0.00000000099999999996 0.00000000099999999996 0.00000000099999999996 0.89004490303078187541 0.00000000099999999996 
0.08244569568125628689 0.00000000099999999996 0.00000000099999999996 0.00000000099999999996 0.91755430031874374297 0.00000000099999999996 
0.42480023434429775575 0.01679007092775507137 0.01852504357438694918 0.00400163372133242358 0.40865764635707935160 0.12722537107514841903 
0.00000000099999999970 0.00000000099999999970 0.00000000099999999970 0.00000000099999999970 0.00000000099999999970 0.99999999500000003039 
0.00000000099999999988 0.01776241547946894386 0.00000000099999999988 0.00000000099999999988 0.00000000099999999988 0.98223758052053100620 
0.00000000099999999982 0.99999999500000014141 0.00000000099999999982 0.00000000099999999982 0.00000000099999999982 0.00000000099999999982 
0.00000000099999999966 0.99999999500000014141 0.00000000099999999966 0.00000000099999999966 0.00000000099999999966 0.00000000099999999966 
0.43140099752860816551 0.02049202459501985735 0.01084248816842287196 0.00000030858007719813 0.41624056480410687175 0.12102361632376502920 
0.00000000099999999984 0.00000000099999999984 0.00000000099999999984 0.00000000099999999984 0.00000000099999999984 0.99999999499999991937 
0.16838317598590929469 0.03925415461354517244 0.00642820951737426306 0.00909816080484152599 0.77683629807832976777 0.00000000099999999999 
0.00000000099999999954 0.00000000099999999954 0.00000000099999999954 0.00000000099999999954 0.00000000099999999954 0.99999999499999991937 
0.00000000099999999980 0.00000000099999999980 0.00000000099999999980 0.00000000099999999980 0.00000000099999999980 0.99999999499999991937 
0.00000000099999999973 0.00000000099999999973 0.00000000099999999973 0.00000000099999999973 0.00000000099999999973 0.99999999500000003039 
0.00000000099999999995 0.00000000099999999995 0.00000000099999999995 0.99999999500000003039 0.00000000099999999995 0.00000000099999999995 
0.00000000099999999980 0.00000000099999999980 0.00000000099999999980 0.00000000099999999980 0.99999999499999991937 0.00000000099999999980 
0.00000000099999999983 0.00000000099999999983 0.00000000099999999983 0.00000000099999999983 0.99999999500000003039 0.00000000099999999983 
0.16894524237938468580 0.00000000099999999988 0.00000000099999999988 0.00000000099999999988 0.83105475362061531630 0.00000000099999999988 
0.11584925818598808267 0.00000000099999999993 0.00000000099999999993 0.00000000099999999993 0.88415073781401198882 0.00000000099999999993 
0.00000000099999999973 0.00000000099999999973 0.00000000099999999973 0.00000000099999999973 0.00000000099999999973 0.99999999500000003039 
0.00000000099999999970 0.00000000099999999970 0.00000000099999999970 0.00000000099999999970 0.00000000099999999970 0.99999999499999991937 
0.00000000099999999976 0.99999999500000014141 0.00000000099999999976 0.00000000099999999976 0.00000000099999999976 0.00000000099999999976 
0.17766711946244395648 0.04936553825673822837 0.00000000099999999997 0.00000000961851923025 0.77296733066229850184 0.00000000099999999997 
0.11184096108166582950 0.00000000099999999987 0.00000000099999999987 0.00000000099999999987 0.88815903491833425587 0.00000000099999999987 
0.13998808497125581063 0.00750138130762565639 0.00000021153501627493 0.21689735201906956696 0.63561296916703258209 0.00000000099999999999 
0.00000000099999999994 0.00000000099999999994 0.00000000099999999994 0.96410609887779941118 0.00000000099999999994 0.03589389712220072276 
0.00238434158090352006 0.00000000099999999992 0.00000000099999999992 0.00000000099999999992 0.07533193320354543421 0.92228372221555099397 
0.00000000099999999989 0.00000000099999999989 0.00000000099999999989 0.00000000099999999989 0.00000000099999999989 0.99999999499999991937 
0.00000000099999999997 0.00057583571033101495 0.00000000099999999997 0.91843737072978703928 0.00000000099999999997 0.08098679055988201869 
0.15715719431835062370 0.00000000099999999998 0.00000000099999999998 0.00000000099999999998 0.70611609038664002735 0.13672671229500923951 
0.00425823606944206526 0.00556432334097517554 0.54598393768385178326 0.37986558159069666596 0.06432792031503413444 0.00000000099999999999 
0.16721949717340417463 0.00000000099999999987 0.00000000099999999987 0.00000000099999999987 0.83278049882659577197 0.00000000099999999987 
0.18219679153362244861 0.00000000099999999986 0.00000000099999999986 0.00000000099999999986 0.81780320446637744247 0.00000000099999999986 
0.00000000099999999993 0.00000000099999999993 0.00000000099999999993 0.00000000099999999993 0.95855714488990684252 0.04144285111009307632 
0.14622584059832702263 0.00000000099999999996 0.00000000099999999996 0.00000000099999999996 0.68751448291561434445 0.16625967348605866225 
0.00000000099999999991 0.00000000099999999991 0.00000000099999999991 0.99999999500000003039 0.00000000099999999991 0.00000000099999999991 
0.14049700152858884961 0.00000020595192689770 0.00000000099999999997 0.00000000099999999997 0.85950278951948411166 0.00000000099999999997 
0.00007587270701158198 0.00727103913178568043 0.48243619936244130919 0.34548213548937956041 0.00560582904510915653 0.15912892426427266424 
0.09638118987594791742 0.00341594618033398776 0.00000000099999999998 0.00000000099999999998 0.77140108410714625098 0.12880177783657184576 
0.04580956871610396969 0.00000000099999999989 0.00000000099999999989 0.00000000099999999989 0.03070284995100477921 0.92348757833289130126 
0.08179713859469094073 0.00000000100000000000 0.00000000100000000000 0.01294649428801942538 0.55614043215575825752 0.34911593296153126120 
0.08415846567168532022 0.00000000099999999999 0.02531914759009567389 0.00368943564252360162 0.88683294909569521103 0.00000000099999999999 
0.17850758312163744757 0.00000000099999999997 0.00000000099999999997 0.00000000099999999997 0.82149241287836249903 0.00000000099999999997 
0.18617365836664093171 0.00000000099999999986 0.00000000099999999986 0.00000000099999999986 0.81382633763335909816 0.00000000099999999986 
0.00000000099999999999 0.00000006535398875774 0.00000000099999999999 0.02737560405222801488 0.00087767646955459711 0.97174665212422861593 
0.00000000099999999997 0.00000001169622884275 0.00000000099999999997 0.99999998430377112779 0.00000000099999999997 0.00000000099999999997 
0.00000000099999999961 0.00000000099999999961 0.00000000099999999961 0.00000000099999999961 0.00000000099999999961 0.99999999500000003039 
0.09947154120907834851 0.10956669312654231108 0.00000000099999999994 0.00000000099999999994 0.79096176266437923097 0.00000000099999999994 
0.08769112085381661204 0.00000000099999999993 0.00000000099999999993 0.00000000099999999993 0.91230887514618330680 0.00000000099999999993 
0.16367446606027852285 0.03288040616312070535 0.00000000100000000000 0.00021762952500193347 0.78942452996252054920 0.01380296728907834218 
0.00000000099999999978 0.00000000099999999978 0.00000000099999999978 0.00000000099999999978 0.99999999499999991937 0.00000000099999999978 
0.10569453309700613253 0.00000000099999999996 0.00000000099999999996 0.00000000099999999996 0.89430546290299384182 0.00000000099999999996 
0.00000000099999999998 0.01253832989440114946 0.00000000099999999998 0.88840691253060410926 0.00000000099999999998 0.09905475457499467173 
0.10157331427771119914 0.00000000099999999995 0.00000000099999999995 0.00000000099999999995 0.75191203646120274851 0.14651464626108590128 
0.06168484145414385167 0.00846927795254962326 0.00002451422077050900 0.10010462673911083020 0.82971673863342509936 0.00000000099999999998 
0.00000000099999999991 0.00000000099999999991 0.00001509901735205155 0.99998489698264803049 0.00000000099999999991 0.00000000099999999991 
0.00000000099999999991 0.87995275590394650411 0.00000000099999999991 0.00000000099999999991 0.12004724009605365065 0.00000000099999999991 
0.12575430120940825351 0.00000000100000000000 0.02368576651765662636 0.00000000100000000000 0.85055941883466668063 0.00000051143826851158 
0.16929638440976216285 0.05293122235558380545 0.00000000099999999998 0.00000000099999999998 0.77777239023465405410 0.00000000099999999998 
0.18068539977297673471 0.03709195801711184098 0.00000000099999999998 0.00000000099999999998 0.78222263920991130792 0.00000000099999999998 
0.00000000099999999986 0.04372348307273049572 0.00000000099999999986 0.00000000099999999986 0.00000000099999999986 0.95627651292726945087 
0.00000000099999999962 0.99999999500000014141 0.00000000099999999962 0.00000000099999999962 0.00000000099999999962 0.00000000099999999962 
0.00000000099999999979 0.99999999500000014141 0.00000000099999999979 0.00000000099999999979 0.00000000099999999979 0.00000000099999999979 
0.00000000099999999980 0.99999999500000014141 0.00000000099999999980 0.00000000099999999980 0.00000000099999999980 0.00000000099999999980 
0.00299530602245459557 0.99071977481647000019 0.00000000099999999997 0.00000000099999999997 0.00628491616107550947 0.00000000099999999997 
0.00000000099999999979 0.99999999500000014141 0.00000000099999999979 0.00000000099999999979 0.00000000099999999979 0.00000000099999999979 
0.00000000099999999991 0.99999999500000003039 0.00000000099999999991 0.00000000099999999991 0.00000000099999999991 0.00000000099999999991 
0.00000000099999999971 0.99999999500000014141 0.00000000099999999971 0.00000000099999999971 0.00000000099999999971 0.00000000099999999971 
0.00000000099999999963 0.99999999500000014141 0.00000000099999999963 0.00000000099999999963 0.00000000099999999963 0.00000000099999999963 
0.00000000099999999991 0.99999999500000014141 0.00000000099999999991 0.00000000099999999991 0.00000000099999999991 0.00000000099999999991 
0.00000000099999999973 0.99999999500000003039 0.00000000099999999973 0.00000000099999999973 0.00000000099999999973 0.00000000099999999973 
0.00000000099999999996 0.99999843011782207913 0.00000000099999999996 0.00000000099999999996 0.00000000099999999996 0.00000156588217802377 
0.00999536653011037085 0.05508305856746106149 0.00000000099999999998 0.93492157190242852760 0.00000000099999999998 0.00000000099999999998 
0.00000000099999999970 0.99999999500000003039 0.00000000099999999970 0.00000000099999999970 0.00000000099999999970 0.00000000099999999970 
0.00000000099999999965 0.99999999500000003039 0.00000000099999999965 0.00000000099999999965 0.00000000099999999965 0.00000000099999999965 
0.00000000099999999978 0.99999999500000003039 0.00000000099999999978 0.00000000099999999978 0.00000000099999999978 0.00000000099999999978 
0.00000000099999999978 0.99999999500000014141 0.00000000099999999978 0.00000000099999999978 0.00000000099999999978 0.00000000099999999978 
0.00000000099999999972 0.99999999500000003039 0.00000000099999999972 0.00000000099999999972 0.00000000099999999972 0.00000000099999999972 
0.00000000099999999980 0.99999999500000014141 0.00000000099999999980 0.00000000099999999980 0.00000000099999999980 0.00000000099999999980 
0.00000000099999999964 0.99999999500000014141 0.00000000099999999964 0.00000000099999999964 0.00000000099999999964 0.00000000099999999964 
0.00000000099999999969 0.99999999500000003039 0.00000000099999999969 0.00000000099999999969 0.00000000099999999969 0.00000000099999999969 
0.00000000099999999971 0.99999999500000014141 0.00000000099999999971 0.00000000099999999971 0.00000000099999999971 0.00000000099999999971 
0.00000000099999999984 0.00000000099999999984 0.99999999500000003039 0.00000000099999999984 0.00000000099999999984 0.00000000099999999984 
0.00000000099999999996 0.00402347788214759122 0.38454714069350420802 0.61142937842434819107 0.00000000099999999996 0.00000000099999999996 
0.00000000099999999981 0.00000000099999999981 0.99999999499999991937 0.00000000099999999981 0.00000000099999999981 0.00000000099999999981 
0.00000000099999999996 0.00000000099999999996 0.64332048950297415768 0.35667950649702589994 0.00000000099999999996 0.00000000099999999996 
0.99999999500000014141 0.00000000099999999990 0.00000000099999999990 0.00000000099999999990 0.00000000099999999990 0.00000000099999999990 
0.00000000099999999989 0.00000000099999999989 0.62813299176289927317 0.37186700423710078445 0.00000000099999999989 0.00000000099999999989 
0.00000000099999999992 0.00000000099999999992 0.00000000099999999992 0.99999999500000003039 0.00000000099999999992 0.00000000099999999992 
0.00000000099999999989 0.00000000099999999989 0.00000000099999999989 0.99999999500000003039 0.00000000099999999989 0.00000000099999999989 
0.00000000099999999993 0.03573372017299713405 0.00000000099999999993 0.96426627582700286112 0.00000000099999999993 0.00000000099999999993 
0.00000000099999999984 0.00000000099999999984 0.99999999500000003039 0.00000000099999999984 0.00000000099999999984 0.00000000099999999984 
0.00000000099999999998 0.03343857842565735317 0.16344164335919242337 0.79630442006810775446 0.00681535614704249174 0.00000000099999999998 
0.08650502665063543317 0.00000000099999999991 0.00000000099999999991 0.00000000099999999991 0.91349496934936458281 0.00000000099999999991 
0.00000000099999999991 0.00000000099999999991 0.00000000099999999991 0.99999999500000003039 0.00000000099999999991 0.00000000099999999991 
0.00000000099999999994 0.00000000099999999994 0.44628615338896826525 0.55371384261103173685 0.00000000099999999994 0.00000000099999999994 
0.00000000099999999989 0.00000000099999999989 0.99999999500000003039 0.00000000099999999989 0.00000000099999999989 0.00000000099999999989 
0.00000000099999999993 0.00000000099999999993 0.60480211028359764924 0.39519788571640246388 0.00000000099999999993 0.00000000099999999993 
0.00000000099999999995 0.03003157926239930983 0.00000000099999999995 0.96996841673760081370 0.00000000099999999995 0.00000000099999999995 
0.08503821444274332897 0.00000000099999999990 0.00000000099999999990 0.00000000099999999990 0.91496178155725671477 0.00000000099999999990 
0.07559109820893293585 0.00000000099999999990 0.00000000099999999990 0.00000000099999999990 0.92440889779106694135 0.00000000099999999990 
0.00000000099999999993 0.00499973798084116672 0.38165232475468391371 0.61334793426447486997 0.00000000099999999993 0.00000000099999999993 
0.00000000099999999991 0.00000000099999999991 0.99999999500000003039 0.00000000099999999991 0.00000000099999999991 0.00000000099999999991 
0.00000000099999999998 0.03380362490852314994 0.17986895184798878944 0.78343297728905336719 0.00289444395443479423 0.00000000099999999998 
0.00000000099999999992 0.00000000099999999992 0.60172407387586768213 0.39827592212413220896 0.00000000099999999992 0.00000000099999999992 
0.00000000099999999995 0.03525038227352798176 0.00000000099999999995 0.96474961372647205504 0.00000000099999999995 0.00000000099999999995 
0.08931539028975798988 0.00000000099999999991 0.00000000099999999991 0.00000000099999999991 0.91068460571024201222 0.00000000099999999991 
0.09541132980478615744 0.00000000099999999991 0.00000000099999999991 0.00000000099999999991 0.90458866619521394181 0.00000000099999999991 
0.99999999500000014141 0.00000000099999999986 0.00000000099999999986 0.00000000099999999986 0.00000000099999999986 0.00000000099999999986 
0.00000000099999999987 0.00000000099999999987 0.99999999499999991937 0.00000000099999999987 0.00000000099999999987 0.00000000099999999987 
0.00000000099999999989 0.00000000099999999989 0.99999999499999991937 0.00000000099999999989 0.00000000099999999989 0.00000000099999999989 
0.00000000099999999986 0.00000000099999999986 0.99999999500000003039 0.00000000099999999986 0.00000000099999999986 0.00000000099999999986 
0.00000000099999999988 0.00000000099999999988 0.99999999499999991937 0.00000000099999999988 0.00000000099999999988 0.00000000099999999988 
0.00000000099999999993 0.00000000099999999993 0.62820937197667503504 0.37179062402332496706 0.00000000099999999993 0.00000000099999999993 
0.00000000099999999991 0.00000000099999999991 0.40762070461072302807 0.59237929138927714057 0.00000000099999999991 0.00000000099999999991 
0.00000000099999999998 0.03659798708094316733 0.00028352100994977794 0.96311848819206247185 0.00000000171704458357 0.00000000099999999998 
0.00000000099999999988 0.00000000099999999988 0.59701221061862019823 0.40298778538137969285 0.00000000099999999988 0.00000000099999999988 
0.08574746981965480908 0.00000000099999999990 0.00000000099999999990 0.00000000099999999990 0.91425252618034524854 0.00000000099999999990 
0.00000000099999999998 0.02985473114023508984 0.00000000099999999998 0.96997742715049917184 0.00016783870926580376 0.00000000099999999998 
0.08787872611411864932 0.00000000099999999995 0.00000000099999999995 0.00000000099999999995 0.91212126988588126952 0.00000000099999999995 
0.07790750517884741100 0.00000000099999999988 0.00000000099999999988 0.00000000099999999988 0.92209249082115252172 0.00000000099999999988 
0.98301795115842571793 0.00000000099999999990 0.00000000099999999990 0.00000000099999999990 0.01698204484157429459 0.00000000099999999990 
0.99999999500000014141 0.00000000099999999987 0.00000000099999999987 0.00000000099999999987 0.00000000099999999987 0.00000000099999999987 
0.00000000099999999982 0.00000000099999999982 0.99999999499999991937 0.00000000099999999982 0.00000000099999999982 0.00000000099999999982 
0.00000000099999999983 0.00000000099999999983 0.99999999499999991937 0.00000000099999999983 0.00000000099999999983 0.00000000099999999983 
0.00000000099999999986 0.00000000099999999986 0.99999999500000003039 0.00000000099999999986 0.00000000099999999986 0.00000000099999999986 
0.00000000099999999995 0.00001543026373373124 0.40472259139449651144 0.59526197534176972237 0.00000000099999999995 0.00000000099999999995 
0.00000000099999999991 0.00000000099999999991 0.65803839657818674613 0.34196159942181320046 0.00000000099999999991 0.00000000099999999991 
0.09065491440666399725 0.00000000099999999991 0.00000000099999999991 0.00000000099999999991 0.90934508159333593547 0.00000000099999999991 
0.08247201053049281472 0.00000000099999999993 0.00000000099999999993 0.00000000099999999993 0.91752798546950709024 0.00000000099999999993 
0.00000000099999999986 0.00000000099999999986 0.99999999500000003039 0.00000000099999999986 0.00000000099999999986 0.00000000099999999986 
0.00000000099999999991 0.00000000099999999991 0.99999999500000003039 0.00000000099999999991 0.00000000099999999991 0.00000000099999999991 
0.00000000099999999997 0.03209826664530053553 0.18363225985472897417 0.76545113295098876627 0.01881833854898173550 0.00000000099999999997 
0.00000000099999999997 0.00000000099999999997 0.47513603889564942628 0.52486395710435074236 0.00000000099999999997 0.00000000099999999997 
0.00000000099999999992 0.00000000099999999992 0.62717773290003597797 0.37282226309996396862 0.00000000099999999992 0.00000000099999999992 
0.06340425116754297430 0.00000000099999999992 0.00000000099999999992 0.00000000099999999992 0.93659574483245688903 0.00000000099999999992 
0.06554264158516097394 0.00000000099999999993 0.00000000099999999993 0.00000000099999999993 0.93445735441483890327 0.00000000099999999993 
0.01980735921467145777 0.01469034672911321247 0.54765234674475626875 0.41784994531145908114 0.00000000099999999997 0.00000000099999999997 
0.51730495978759594156 0.03087737794201957792 0.00939671745888685968 0.00753810162897489144 0.32300738095321529508 0.11187546222930733197 
0.00817838059726751047 0.02285237129906363129 0.51820172949969822707 0.45076751660397079702 0.00000000099999999996 0.00000000099999999996 
0.00827046620457481778 0.01379064382291178906 0.00000000099999999996 0.97793888697251352138 0.00000000099999999996 0.00000000099999999996 
0.01293288325654098209 0.01564370467534694636 0.00000000099999999997 0.97142340906811208701 0.00000000099999999997 0.00000000099999999997 
0.25121386112320226447 0.00000000099999999993 0.00000000099999999993 0.00000000099999999993 0.74878613487679768213 0.00000000099999999993 
0.00039449179144336767 0.01667762637854350305 0.55510609386263365383 0.41758811290522068749 0.00380176437087502558 0.00643191069128392842 
0.01218704213618560135 0.02859598734103729542 0.34460088815224210190 0.61461608037053494513 0.00000000099999999997 0.00000000099999999997 
0.00000000099999999995 0.03080363022992636118 0.35916337065822140362 0.61003299611185235474 0.00000000099999999995 0.00000000099999999995 
0.01751562809213695615 0.01992006222969969209 0.35595135048899922969 0.60661295718916430353 0.00000000099999999997 0.00000000099999999997 
0.00005775565426785067 0.02087045163350304683 0.38528412493787250748 0.59378766577435670992 0.00000000099999999997 0.00000000099999999997 
0.01734765411088644294 0.01914132372173962121 0.35313559559820179024 0.61037542456917226463 0.00000000099999999996 0.00000000099999999996 
0.00472643939754128963 0.01783256078120232929 0.40829173497552956329 0.56914926284572686654 0.00000000099999999996 0.00000000099999999996 
0.14167910274157219375 0.02678935323876173100 0.00000000100000000000 0.01393588033682453646 0.72741866400208332610 0.09017699868075812475 
0.16546085421983278141 0.00000000099999999992 0.00000000099999999992 0.00000000099999999992 0.83453914178016719294 0.00000000099999999992 
0.14736292235109524351 0.04086862818705339073 0.00000000099999999998 0.00000000099999999998 0.81176844646185120080 0.00000000099999999998 
0.14622730987906071287 0.00000000099999999998 0.00000000099999999998 0.00804969452153125702 0.84572299259940797445 0.00000000099999999998 
0.00000000099999999985 0.00000000099999999985 0.00000000099999999985 0.00000000099999999985 0.99999999499999991937 0.00000000099999999985 
0.00000000099999999999 0.00029778667179869499 0.58642215026472566120 0.38066242441952308218 0.00000000099999999999 0.03261763664395256335 
0.05852021994978656022 0.00000000099999999993 0.00000000099999999993 0.00000000099999999993 0.94147977605021349046 0.00000000099999999993 
0.00000000099999999966 0.99999999500000014141 0.00000000099999999966 0.00000000099999999966 0.00000000099999999966 0.00000000099999999966 
0.00000000099999999995 0.00000000099999999995 0.00000000099999999995 0.01395290938131445169 0.98604708661868556430 0.00000000099999999995 
0.00000000099999999996 0.01048812694748442985 0.00000002804037597220 0.98951184201213948644 0.00000000099999999996 0.00000000099999999996 
0.00000000099999999990 0.95886192537965964089 0.00000000099999999990 0.00000000099999999990 0.04113807062034036816 0.00000000099999999990 
0.00000000099999999975 0.00000000099999999975 0.00000000099999999975 0.00000000099999999975 0.99999999499999991937 0.00000000099999999975 
0.05615673194264675372 0.00000000099999999996 0.00000000099999999996 0.00000000099999999996 0.92821917561947586695 0.01562408943787752490 
0.00000000099999999982 0.00000000099999999982 0.00000000099999999982 0.00000000099999999982 0.00000000099999999982 0.99999999499999991937 
0.05622183623027457444 0.00000000099999999999 0.00866651935436546159 0.00000313927926279074 0.43180503131362352187 0.50330347282247367424 
0.00000000099999999974 0.99999999500000014141 0.00000000099999999974 0.00000000099999999974 0.00000000099999999974 0.00000000099999999974 
0.38339370428835722882 0.01055055037186643230 0.01666170880602432097 0.00008369967745208960 0.45201247414064932295 0.13729786271565061484 
0.17675296547300817229 0.03951007519757251257 0.00000000099999999998 0.02620771802996625308 0.75752923929945303883 0.00000000099999999998 
0.00000000099999999994 0.00473691326202819920 0.00000000099999999994 0.99526308273797170489 0.00000000099999999994 0.00000000099999999994 
0.00000000099999999964 0.00000000099999999964 0.00000000099999999964 0.00000000099999999964 0.00000000099999999964 0.99999999500000003039 
0.10775938953514420382 0.00000000099999999989 0.00000000099999999989 0.00000000099999999989 0.89224060646485570114 0.00000000099999999989 
0.13583071703983315426 0.00000000099999999995 0.00000000099999999995 0.00000000099999999995 0.86416927896016682009 0.00000000099999999995 
0.00000000099999999956 0.00000000099999999956 0.00000000099999999956 0.00000000099999999956 0.00000000099999999956 0.99999999500000003039 
0.00000000099999999992 0.98256939348347727137 0.00000000099999999992 0.00000000099999999992 0.01743060251652274462 0.00000000099999999992 
0.00000000099999999987 0.00000000099999999987 0.00000000099999999987 0.99999999499999991937 0.00000000099999999987 0.00000000099999999987 
0.00000000099999999971 0.00000000099999999971 0.00000000099999999971 0.00000000099999999971 0.00000000099999999971 0.99999999500000003039 
0.13260609634990994099 0.00000000099999999991 0.00000000099999999991 0.00000000099999999991 0.86739389965009006112 0.00000000099999999991 
0.14524257102316220913 0.03374432164011125640 0.00022664621603487160 0.00048595267305764889 0.81894062138993362066 0.00135988705770045569 
0.11946248685741284179 0.00000000099999999996 0.00000000099999999996 0.00000000099999999996 0.88053750914258699378 0.00000000099999999996 
0.00000000099999999978 0.00000000099999999978 0.00000000099999999978 0.00000000099999999978 0.99999999499999991937 0.00000000099999999978 
0.00000000099999999994 0.00000005837314297043 0.00000000099999999994 0.99999993762685701615 0.00000000099999999994 0.00000000099999999994 
0.00000000099999999975 0.00000000099999999975 0.00000000099999999975 0.00000000099999999975 0.99999999500000003039 0.00000000099999999975 
0.00000000099999999957 0.00000000099999999957 0.00000000099999999957 0.00000000099999999957 0.00000000099999999957 0.99999999499999991937 
0.07052991937196941008 0.00000000099999999994 0.00000000099999999994 0.00000000099999999994 0.92947007662803049488 0.00000000099999999994 
0.09658689211957532939 0.00000000099999999992 0.00000000099999999992 0.00000000099999999992 0.90341310388042461721 0.00000000099999999992 
0.15833107064240412032 0.03653558957942708296 0.00000000099999999996 0.00000000099999999996 0.80513333677816867340 0.00000000099999999996 
0.02583760361038361930 0.00000000099999999993 0.00000000099999999993 0.00000000099999999993 0.97416239238961632729 0.00000000099999999993 
0.00000000099999999975 0.00000000099999999975 0.00000000099999999975 0.00000000099999999975 0.00000000099999999975 0.99999999500000003039 
0.00000000099999999997 0.00000000099999999997 0.00000000099999999997 0.00000000099999999997 0.99999999499999991937 0.00000000099999999997 
0.00710569810020928328 0.00000000099999999993 0.00000000099999999993 0.00000000099999999993 0.99289429789979077867 0.00000000099999999993 
0.00000000099999999980 0.00000000099999999980 0.00000000099999999980 0.00000000099999999980 0.99999999500000003039 0.00000000099999999980 
0.00000000099999999981 0.00000000099999999981 0.00000000099999999981 0.00000000099999999981 0.99999999500000003039 0.00000000099999999981 
0.00000000099999999982 0.00000000099999999982 0.00000000099999999982 0.00000000099999999982 0.99999999499999991937 0.00000000099999999982 
0.08834555295221528659 0.00633885039592776370 0.00000000099999999997 0.00000000099999999997 0.90531559365185687582 0.00000000099999999997 
0.00469167622585412065 0.00000000099999999995 0.00000000099999999995 0.00000000099999999995 0.79565897028809229319 0.19964935048605350620 
0.00000000099999999997 0.00513726328581493637 0.00059251974069867894 0.99427021397348636089 0.00000000099999999997 0.00000000099999999997 
0.00000000099999999990 0.00000000099999999990 0.58553069993812423277 0.41446929606187576933 0.00000000099999999990 0.00000000099999999990 
0.00000000099999999997 0.00000000099999999997 0.87261848042555190119 0.09039632975275627147 0.00000000099999999997 0.03698518682169189137 
0.00000000099999999992 0.00000000099999999992 0.59272470124659581980 0.40727529475340429332 0.00000000099999999992 0.00000000099999999992 
0.00000000099999999990 0.00000000099999999990 0.60747979994575640461 0.39252019605424370852 0.00000000099999999990 0.00000000099999999990 
0.00000000099999999996 0.00000000099999999996 0.57723523310966262656 0.42276476289033726452 0.00000000099999999996 0.00000000099999999996 
0.00000000099999999992 0.00000000099999999992 0.63280391344933395459 0.36719608255066604752 0.00000000099999999992 0.00000000099999999992 
0.00000000099999999977 0.00000000099999999977 0.00000000099999999977 0.00000000099999999977 0.00000000099999999977 0.99999999499999991937 
0.00000000099999999993 0.00000000099999999993 0.00000000099999999993 0.99999999499999991937 0.00000000099999999993 0.00000000099999999993 
0.00000000099999999991 0.00000000099999999991 0.60247581132253213987 0.39752418467746791775 0.00000000099999999991 0.00000000099999999991 
0.00000000099999999994 0.00000000099999999994 0.59390465044870166533 0.40609534555129833677 0.00000000099999999994 0.00000000099999999994 
0.00000000099999999986 0.00000000099999999986 0.74392837709543346847 0.25607161890456653364 0.00000000099999999986 0.00000000099999999986 
0.00000000099999999993 0.00000000099999999993 0.61764916268977887448 0.38235083331022112763 0.00000000099999999993 0.00000000099999999993 
0.00000000099999999996 0.00000000099999999996 0.73417206987080207981 0.00000000099999999996 0.00000000099999999996 0.26582792612919781128 
0.00000000099999999996 0.00000000099999999996 0.72334360492878180260 0.00000000099999999996 0.00000000099999999996 0.27665639107121803297 
0.00000000099999999995 0.00109673079868483916 0.56961097851788056179 0.42929228768343474787 0.00000000099999999995 0.00000000099999999995 
0.00000000099999999988 0.00000000099999999988 0.64606388285793203696 0.35393611314206796514 0.00000000099999999988 0.00000000099999999988 
0.00000000099999999994 0.00233522539334704701 0.60697892405798836712 0.39068584754866469977 0.00000000099999999994 0.00000000099999999994 
0.08135610270562136648 0.00000000099999999991 0.00000000099999999991 0.00000000099999999991 0.91864389329437856624 0.00000000099999999991 
0.00000000099999999995 0.00000000099999999995 0.60959971186685646405 0.39040028413314353806 0.00000000099999999995 0.00000000099999999995 
0.00000000099999999996 0.00004970509679836920 0.00000000099999999996 0.99995029090320164400 0.00000000099999999996 0.00000000099999999996 
0.00000000099999999993 0.00000000099999999993 0.59659438415414745016 0.40340561184585260746 0.00000000099999999993 0.00000000099999999993 
0.00000000099999999994 0.00000000099999999994 0.61651713484088477291 0.38348286115911511818 0.00000000099999999994 0.00000000099999999994 
0.00000000099999999989 0.00009287528846326543 0.62359620046275809901 0.37631092124877862926 0.00000000099999999989 0.00000000099999999989 
0.00000000099999999997 0.00041883491137114075 0.58874333110392984558 0.41083783098469900397 0.00000000099999999997 0.00000000099999999997 
0.00000000099999999991 0.00000000099999999991 0.64522649168878232206 0.35477350431121762453 0.00000000099999999991 0.00000000099999999991 
0.00000000099999999993 0.00000000099999999993 0.59790341026581295125 0.40209658573418705085 0.00000000099999999993 0.00000000099999999993 
0.00000000099999999991 0.00174514088188183671 0.59647166294910325401 0.40178319316901500713 0.00000000099999999991 0.00000000099999999991 
0.00000000099999999997 0.00130307853539302315 0.59925739018172419215 0.39943952828288281642 0.00000000099999999997 0.00000000099999999997 
0.00000000099999999991 0.00000000099999999991 0.00000000099999999991 0.99999999500000003039 0.00000000099999999991 0.00000000099999999991 
0.00000000099999999994 0.00000000099999999994 0.59168051577335933899 0.40831948022664071862 0.00000000099999999994 0.00000000099999999994 
0.00000000099999999966 0.00000000099999999966 0.00000000099999999966 0.00000000099999999966 0.00000000099999999966 0.99999999499999991937 
0.00000000099999999989 0.00000000099999999989 0.59697931709412932477 0.40302067890587062182 0.00000000099999999989 0.00000000099999999989 
0.14797678365532929146 0.00000000099999999995 0.00000000099999999995 0.00000000099999999995 0.85202321234467059963 0.00000000099999999995 
0.00000000099999999985 0.00000000099999999985 0.74622543203651880983 0.25377456396348130330 0.00000000099999999985 0.00000000099999999985 
0.00697043265713407495 0.00000000099999999996 0.71931866852571857418 0.00000000099999999996 0.00000000099999999996 0.27371089581714735939 
0.00000000099999999990 0.00000000099999999990 0.62960842352804780031 0.37039157247195220179 0.00000000099999999990 0.00000000099999999990 
0.00000000099999999995 0.00264858565748192281 0.57541840768772867243 0.42193300365478930702 0.00000000099999999995 0.00000000099999999995 
0.00000000099999999991 0.00000000099999999991 0.57077417056631518655 0.42922582543368470454 0.00000000099999999991 0.00000000099999999991 
0.00000000099999999993 0.00196333063731193554 0.67987398761501971478 0.31816267874766829271 0.00000000099999999993 0.00000000099999999993 
0.00000000099999999995 0.00000000099999999995 0.59764523690518023269 0.40235475909481965839 0.00000000099999999995 0.00000000099999999995 
0.00000000099999999993 0.00000000099999999993 0.62338033026641737067 0.37661966573358257593 0.00000000099999999993 0.00000000099999999993 
0.00000000099999999995 0.00000000099999999995 0.72527442744842562927 0.00000000099999999995 0.00000000099999999995 0.27472556855157437283 
0.00000000099999999992 0.00000000099999999992 0.00000000099999999992 0.99999999499999991937 0.00000000099999999992 0.00000000099999999992 
0.00000000099999999996 0.00000119034802111942 0.55067418774386933666 0.44932461890810954097 0.00000000099999999996 0.00000000099999999996 
0.00000000099999999993 0.00000000099999999993 0.00000000099999999993 0.99999999500000003039 0.00000000099999999993 0.00000000099999999993 
0.00000000099999999996 0.00301315075875001727 0.58198079457419327198 0.41500605166705673010 0.00000000099999999996 0.00000000099999999996 
0.00000000099999999989 0.00000000099999999989 0.61946830214362058609 0.38053169385637947153 0.00000000099999999989 0.00000000099999999989 
0.00000000099999999997 0.00005148497071541716 0.57503030143518296669 0.42491700815812999403 0.00000120343597159029 0.00000000099999999997 
0.00000000099999999992 0.00000000099999999992 0.59514910055715353199 0.40485089544284652563 0.00000000099999999992 0.00000000099999999992 
0.00000000099999999983 0.00000000099999999983 0.76901606053097770754 0.23098393546902232232 0.00000000099999999983 0.00000000099999999983 
0.00000000099999999992 0.00000000099999999992 0.59437285699564779140 0.40562713900435226622 0.00000000099999999992 0.00000000099999999992 
0.00000000099999999991 0.00000000099999999991 0.62220949254425028663 0.37779050345574960446 0.00000000099999999991 0.00000000099999999991 
0.00000000099999999996 0.00354800151604822006 0.00000000099999999996 0.99645199448395183062 0.00000000099999999996 0.00000000099999999996 
0.17904964757382621499 0.00000000099999999996 0.00000000099999999996 0.00000000099999999996 0.82095034842617387039 0.00000000099999999996 
0.00000000099999999997 0.00005992225801567367 0.57795063277424352233 0.42198944196774090809 0.00000000099999999997 0.00000000099999999997 
0.00000000099999999964 0.00000000099999999964 0.00000000099999999964 0.00000000099999999964 0.00000000099999999964 0.99999999499999991937 
