0.00000000099999999993 0.92550084127887088936 0.00000000099999999993 0.00000000099999999993 0.00000000099999999993 0.00000000099999999993 0.07449906204825867961 0.00000000099999999993 0.00000000099999999993 0.00000000099999999993 0.00000008867287066968 
0.99999999000000028282 0.00000000099999999988 0.00000000099999999988 0.00000000099999999988 0.00000000099999999988 0.00000000099999999988 0.00000000099999999988 0.00000000099999999988 0.00000000099999999988 0.00000000099999999988 0.00000000099999999988 
0.00000000099999999993 0.89495961336205454018 0.00000000099999999993 0.00000000099999999993 0.00000000099999999993 0.00000000099999999993 0.04350842424383814799 0.00000000099999999993 0.06153195439410739931 0.00000000099999999993 0.00000000099999999993 
0.00000000099999999987 0.60022524681730726748 0.00000000099999999987 0.00000000099999999987 0.00000000099999999987 0.00000000099999999987 0.01352714181725599499 0.00000000099999999987 0.38624760336543684236 0.00000000099999999987 0.00000000099999999987 
0.00000000099999999989 0.61333616671417134913 0.00000000099999999989 0.00000000099999999989 0.00000000099999999989 0.00000000099999999989 0.00000000099999999989 0.00000000099999999989 0.38666382428582884989 0.00000000099999999989 0.00000000099999999989 
0.00000000099999999953 0.00000000099999999953 0.99999999000000017180 0.00000000099999999953 0.00000000099999999953 0.00000000099999999953 0.00000000099999999953 0.00000000099999999953 0.00000000099999999953 0.00000000099999999953 0.00000000099999999953 
0.00000000099999999983 0.90437795718270941325 0.00000000099999999983 0.00000000099999999983 0.00000000099999999983 0.00000000099999999983 0.06639941509233864003 0.00000000099999999983 0.02922261972495216603 0.00000000099999999983 0.00000000099999999983 
0.00000000099999999926 0.00000000099999999926 0.99999999000000017180 0.00000000099999999926 0.00000000099999999926 0.00000000099999999926 0.00000000099999999926 0.00000000099999999926 0.00000000099999999926 0.00000000099999999926 0.00000000099999999926 
0.00000000099999999985 0.86189949891036232721 0.00000000099999999985 0.00000000099999999985 0.00000000099999999985 0.00000000099999999985 0.13810049208963789957 0.00000000099999999985 0.00000000099999999985 0.00000000099999999985 0.00000000099999999985 
0.00000000099999999982 0.90165413012979311880 0.00000000099999999982 0.00000000099999999982 0.00000000099999999982 0.00000000099999999982 0.08310145755946272972 0.00000000099999999982 0.01524440431074440896 0.00000000099999999982 0.00000000099999999982 
0.00000000099999999986 0.53779825731671671019 0.00000000099999999986 0.00000000099999999986 0.00000000099999999986 0.00000000099999999986 0.00000006176597936989 0.00000000099999999986 0.45319313442050568330 0.00000000099999999986 0.00900853949679843342 
0.00000000099999999993 0.71495283909228535268 0.00000000099999999993 0.00000000099999999993 0.00000000099999999993 0.00000000099999999993 0.00000000099999999993 0.00000000099999999993 0.28504715190771490185 0.00000000099999999993 0.00000000099999999993 
0.00000000099999999991 0.62898989899456858588 0.00000000099999999991 0.00000000099999999991 0.00000000099999999991 0.00000000099999999991 0.00000000099999999991 0.00000000099999999991 0.37101008306528893144 0.00000000994014269863 0.00000000099999999991 
0.91030779565354513760 0.00000000099999999988 0.00000000099999999988 0.00000000099999999988 0.08969219534645507530 0.00000000099999999988 0.00000000099999999988 0.00000000099999999988 0.00000000099999999988 0.00000000099999999988 0.00000000099999999988 
0.00000000099999999984 0.86405588556855839055 0.00000000099999999984 0.00000000099999999984 0.00000000099999999984 0.00000000099999999984 0.04231902543586715110 0.00000000099999999984 0.09362508099557453889 0.00000000099999999984 0.00000000099999999984 
0.00000000099999999981 0.80618345838491145550 0.00000000099999999981 0.00000000099999999981 0.00000000099999999981 0.00000000099999999981 0.12973994429448112986 0.00000000099999999981 0.06405921994601794511 0.00000000099999999981 0.00001737037458951220 
0.00000000099999999987 0.89582883356323805835 0.00000000099999999987 0.00000000099999999987 0.00000000099999999987 0.00000000099999999987 0.04729241285754204327 0.00000000099999999987 0.05687874557921999280 0.00000000099999999987 0.00000000099999999987 
0.00000000099999999908 0.00000000099999999908 0.00000000099999999908 0.00000000099999999908 0.00000000099999999908 0.00000000099999999908 0.00000000099999999908 0.00000000099999999908 0.00000000099999999908 0.00000000099999999908 0.99999998999999994975 
0.00000000099999999949 0.00000000099999999949 0.99999999000000006077 0.00000000099999999949 0.00000000099999999949 0.00000000099999999949 0.00000000099999999949 0.00000000099999999949 0.00000000099999999949 0.00000000099999999949 0.00000000099999999949 
0.00000000099999999905 0.00000000099999999905 0.00000000099999999905 0.00000000099999999905 0.00000000099999999905 0.00000000099999999905 0.00000000099999999905 0.00000000099999999905 0.00000000099999999905 0.00000000099999999905 0.99999998999999994975 
0.00000000099999999996 0.67968998729688279159 0.00000000099999999996 0.00000000099999999996 0.00000000099999999996 0.00000000099999999996 0.00000000099999999996 0.00000000099999999996 0.31118438868760078808 0.00912561601551658934 0.00000000099999999996 
0.00000000099999999931 0.00000000099999999931 0.99999999000000017180 0.00000000099999999931 0.00000000099999999931 0.00000000099999999931 0.00000000099999999931 0.00000000099999999931 0.00000000099999999931 0.00000000099999999931 0.00000000099999999931 
0.00000000099999999941 0.00000000099999999941 0.00000000099999999941 0.00000000099999999941 0.00000000099999999941 0.00000000099999999941 0.99999998999999994975 0.00000000099999999941 0.00000000099999999941 0.00000000099999999941 0.00000000099999999941 
0.00000000099999999983 0.89300033266842560042 0.00000000099999999983 0.00000000099999999983 0.00000000099999999983 0.00000000099999999983 0.08682643880784812751 0.00000000099999999983 0.01521622115904948912 0.00000000099999999983 0.00495700036467703123 
0.00000000099999999984 0.49668084687016211820 0.00000000099999999984 0.00000000099999999984 0.00000000099999999984 0.00000000099999999984 0.10261397848385322984 0.00000000099999999984 0.39687760992796644599 0.00382755771801800279 0.00000000099999999984 
0.00000000099999999971 0.72458635539462201702 0.00000000099999999971 0.00000000099999999971 0.00000000099999999971 0.00000000099999999971 0.21585711464620313538 0.00000000099999999971 0.05955652195917497671 0.00000000099999999971 0.00000000099999999971 
0.00000000099999999990 0.00000000099999999990 0.03263580898121653390 0.00000000099999999990 0.01547468758249599848 0.00000000099999999990 0.00000000099999999990 0.95188949543628753602 0.00000000099999999990 0.00000000099999999990 0.00000000099999999990 
0.00000000099999999958 0.00000000099999999958 0.99999999000000006077 0.00000000099999999958 0.00000000099999999958 0.00000000099999999958 0.00000000099999999958 0.00000000099999999958 0.00000000099999999958 0.00000000099999999958 0.00000000099999999958 
0.00000000099999999991 0.72496241698842811552 0.12616871432651699525 0.00000000099999999991 0.00000000099999999991 0.00000000099999999991 0.12233318911317336841 0.00000000099999999991 0.00962555158290653162 0.00000000099999999991 0.01691012198897508256 
0.00000000099999999998 0.79887476853862049442 0.00000464765168693870 0.00000000099999999998 0.01657644445805931885 0.00888916238419115538 0.15129655271531719518 0.00000000099999999998 0.00001483685728538473 0.00000000099999999998 0.02434358339483946171 
0.00000000099999999987 0.69968353959744677972 0.00000000099999999987 0.00000000099999999987 0.00000000099999999987 0.00000000099999999987 0.11727249537397325951 0.00000000099999999987 0.07771424053741295135 0.10532486939132039427 0.00000484909984672003 
0.00000000099999999983 0.90044462599291597016 0.00000000099999999983 0.00000000099999999983 0.00000000099999999983 0.00000000099999999983 0.09955536500708427050 0.00000000099999999983 0.00000000099999999983 0.00000000099999999983 0.00000000099999999983 
0.00000000099999999994 0.66364630338463559411 0.00778978899288464578 0.00000000099999999994 0.00000000099999999994 0.00000000099999999994 0.00000000099999999994 0.00000000099999999994 0.32453074107593282704 0.00000000099999999994 0.00403315954654714665 
0.00000000099999999928 0.00000000099999999928 0.00000000099999999928 0.00000000099999999928 0.00000000099999999928 0.00000000099999999928 0.99999999000000006077 0.00000000099999999928 0.00000000099999999928 0.00000000099999999928 0.00000000099999999928 
0.00000000099999999988 0.89703859518170703247 0.00000000099999999988 0.00000000099999999988 0.00000000099999999988 0.00000000099999999988 0.06516709245847250587 0.00000000099999999988 0.03779430435982062547 0.00000000099999999988 0.00000000099999999988 
0.00000000099999999985 0.68646041745350272478 0.14103254237852116959 0.00000000099999999985 0.00000000099999999985 0.00000000099999999985 0.11063358473044855590 0.00000000099999999985 0.05208245812383792417 0.00000000099999999985 0.00979099131368985770 
0.00000000099999999997 0.82808884400286364436 0.00000000099999999997 0.01066894300236997765 0.00000000099999999997 0.00000000099999999997 0.06096500777418247669 0.09117951000809877693 0.00540902350940213137 0.00368866670308311186 0.00000000099999999997 
0.00000000099999999984 0.00000000099999999984 0.00000000099999999984 0.00000661893669869674 0.01039162733181318854 0.00000000099999999984 0.00000000099999999984 0.98960174573148818045 0.00000000099999999984 0.00000000099999999984 0.00000000099999999984 
0.02332434381586174013 0.81543545924301041872 0.00000000099999999994 0.00000000099999999994 0.00000000099999999994 0.00000000099999999994 0.08349291723595611558 0.00000000099999999994 0.07774727270517202415 0.00000000099999999994 0.00000000099999999994 
0.00000000099999999986 0.51250579787779537710 0.00000000099999999986 0.00000000099999999986 0.00000000099999999986 0.00000000099999999986 0.06792945477578681002 0.00000000099999999986 0.41956473934641802526 0.00000000099999999986 0.00000000099999999986 
0.00000000099999999987 0.59890771759488659054 0.00000000099999999987 0.00000000099999999987 0.00000000099999999987 0.00000000099999999987 0.02635995040656086488 0.00000000099999999987 0.37473232399855266328 0.00000000099999999987 0.00000000099999999987 
0.00000000099999999992 0.00000000099999999992 0.00000000099999999992 0.00000000099999999992 0.00000000099999999992 0.00000000099999999992 0.00000000099999999992 0.99999999000000006077 0.00000000099999999992 0.00000000099999999992 0.00000000099999999992 
0.00000000099999999993 0.00000000099999999993 0.00000000099999999993 0.09352078659397189409 0.00000000099999999993 0.00000000099999999993 0.00000000099999999993 0.84606577486700984547 0.00000000099999999993 0.06041343053901820914 0.00000000099999999993 
0.00000000099999999995 0.00000000099999999995 0.00000000099999999995 0.38467660169261930214 0.25575521089220537574 0.04305484953055923464 0.00000000099999999995 0.31073508341244465703 0.00000000099999999995 0.00577824847217157673 0.00000000099999999995 
0.00000000099999999998 0.00000000099999999998 0.00000000099999999998 0.19741770348099968446 0.06636205948016010714 0.02632173644808767990 0.00000000099999999998 0.67168734376226668648 0.00000000099999999998 0.03821115082848582090 0.00000000099999999998 
0.00000000099999999978 0.00000000099999999978 0.00000000099999999978 0.89759938230657643210 0.10240060869342366978 0.00000000099999999978 0.00000000099999999978 0.00000000099999999978 0.00000000099999999978 0.00000000099999999978 0.00000000099999999978 
0.00000000099999999973 0.00000000099999999973 0.00000000099999999973 0.99999999000000017180 0.00000000099999999973 0.00000000099999999973 0.00000000099999999973 0.00000000099999999973 0.00000000099999999973 0.00000000099999999973 0.00000000099999999973 
0.00000000099999999996 0.00000000099999999996 0.00000000099999999996 0.16208138423514736881 0.17405446640855409823 0.00218935840934000349 0.00432275052777615632 0.61922650368740350668 0.00000000099999999996 0.03812553173177878757 0.00000000099999999996 
0.00000000099999999967 0.00000000099999999967 0.00000000099999999967 0.99999999000000006077 0.00000000099999999967 0.00000000099999999967 0.00000000099999999967 0.00000000099999999967 0.00000000099999999967 0.00000000099999999967 0.00000000099999999967 
0.00000000099999999983 0.00000000099999999983 0.00000000099999999983 0.99999999000000017180 0.00000000099999999983 0.00000000099999999983 0.00000000099999999983 0.00000000099999999983 0.00000000099999999983 0.00000000099999999983 0.00000000099999999983 
0.00000000099999999998 0.01584327864610407879 0.00000000099999999998 0.11303465580745913899 0.20163359307933659270 0.00000000099999999998 0.00000000099999999998 0.63096484500189642386 0.00000000099999999998 0.03451039167432969068 0.00401323079087405766 
0.00000000099999999992 0.00000000099999999992 0.00000000099999999992 0.67612712449414502647 0.20223323615888186278 0.03404506597087597619 0.00000000099999999992 0.08759456637609729091 0.00000000099999999992 0.00000000099999999992 0.00000000099999999992 
0.00000000099999999951 0.00000000099999999951 0.00000000099999999951 0.00000000099999999951 0.00000000099999999951 0.00000000099999999951 0.00000000099999999951 0.00000000099999999951 0.00000000099999999951 0.00000000099999999951 0.99999999000000006077 
0.00000000099999999980 0.00000000099999999980 0.00000000099999999980 0.99999999000000017180 0.00000000099999999980 0.00000000099999999980 0.00000000099999999980 0.00000000099999999980 0.00000000099999999980 0.00000000099999999980 0.00000000099999999980 
0.00000000099999999973 0.00000000099999999973 0.00000000099999999973 0.99999999000000006077 0.00000000099999999973 0.00000000099999999973 0.00000000099999999973 0.00000000099999999973 0.00000000099999999973 0.00000000099999999973 0.00000000099999999973 
0.00000000099999999977 0.00000000099999999977 0.00000000099999999977 0.99999999000000006077 0.00000000099999999977 0.00000000099999999977 0.00000000099999999977 0.00000000099999999977 0.00000000099999999977 0.00000000099999999977 0.00000000099999999977 
0.00000000099999999978 0.00000000099999999978 0.00000000099999999978 0.99999999000000017180 0.00000000099999999978 0.00000000099999999978 0.00000000099999999978 0.00000000099999999978 0.00000000099999999978 0.00000000099999999978 0.00000000099999999978 
0.00000000099999999976 0.00000000099999999976 0.00000000099999999976 0.99999999000000017180 0.00000000099999999976 0.00000000099999999976 0.00000000099999999976 0.00000000099999999976 0.00000000099999999976 0.00000000099999999976 0.00000000099999999976 
0.00000000099999999978 0.00000000099999999978 0.00000000099999999978 0.99999999000000017180 0.00000000099999999978 0.00000000099999999978 0.00000000099999999978 0.00000000099999999978 0.00000000099999999978 0.00000000099999999978 0.00000000099999999978 
0.00000000099999999998 0.65820217481431853024 0.08195851016593154459 0.00000000099999999998 0.00000000099999999998 0.00000000099999999998 0.00000000099999999998 0.00147234663947107074 0.25139652038604864970 0.00697044199423054421 0.00000000099999999998 
0.00000000099999999986 0.63904293404920198274 0.00000000099999999986 0.00000000099999999986 0.00000000099999999986 0.00000000099999999986 0.02014386618705676577 0.00000000099999999986 0.34081319176374147428 0.00000000099999999986 0.00000000099999999986 
0.00000000099999999973 0.09402362712011720636 0.00000000099999999973 0.00000000099999999973 0.00000000099999999973 0.00000000099999999973 0.00000000099999999973 0.00000000099999999973 0.15734052251235638997 0.00000000099999999973 0.74863584236752622747 
0.00000000099999999949 0.00000000099999999949 0.99999999000000006077 0.00000000099999999949 0.00000000099999999949 0.00000000099999999949 0.00000000099999999949 0.00000000099999999949 0.00000000099999999949 0.00000000099999999949 0.00000000099999999949 
0.00000000099999999977 0.00000000099999999977 0.00000000099999999977 0.00000000099999999977 0.00000000099999999977 0.00000000099999999977 0.99999998999999994975 0.00000000099999999977 0.00000000099999999977 0.00000000099999999977 0.00000000099999999977 
0.00000000099999999920 0.00000000099999999920 0.00000000099999999920 0.00000000099999999920 0.00000000099999999920 0.00000000099999999920 0.99999998999999994975 0.00000000099999999920 0.00000000099999999920 0.00000000099999999920 0.00000000099999999920 
0.00000000099999999988 0.91119388251759725339 0.01453754774813440995 0.00000000099999999988 0.00000000099999999988 0.00000000099999999988 0.07164613548118460573 0.00000000099999999988 0.00000003921745332129 0.00000000099999999988 0.00262238903563047831 
0.00000000099999999906 0.00000000099999999906 0.00000000099999999906 0.00000000099999999906 0.00000000099999999906 0.00000000099999999906 0.00000000099999999906 0.00000000099999999906 0.00000000099999999906 0.00000000099999999906 0.99999998999999994975 
0.00000000099999999994 0.53848542974448698750 0.00000000099999999994 0.00000000099999999994 0.00000000099999999994 0.00000000099999999994 0.07547185066846216761 0.00000000099999999994 0.37254846739712998982 0.01349424518992103569 0.00000000099999999994 
0.00000000099999999975 0.85698275319804739780 0.00000000099999999975 0.00000000099999999975 0.00000000099999999975 0.00000000099999999975 0.08595663672065417815 0.00000000099999999975 0.05706060208129854622 0.00000000099999999975 0.00000000099999999975 
0.00000000099999999976 0.00000000099999999976 0.00000000099999999976 0.00000000099999999976 0.00000000099999999976 0.00000000099999999976 0.00000000099999999976 0.99999999000000006077 0.00000000099999999976 0.00000000099999999976 0.00000000099999999976 
0.00000000099999999983 0.96308134790943211723 0.00000000099999999983 0.00000000099999999983 0.00000000099999999983 0.00000000099999999983 0.03691864309056810262 0.00000000099999999983 0.00000000099999999983 0.00000000099999999983 0.00000000099999999983 
0.00000000099999999995 0.72866674232540706857 0.00000000099999999995 0.00000000099999999995 0.00000000099999999995 0.00000000099999999995 0.00000000099999999995 0.00000000099999999995 0.27132668956985045439 0.00000656010474269097 0.00000000099999999995 
0.00000000099999999924 0.00000000099999999924 0.00000000099999999924 0.00000000099999999924 0.00000000099999999924 0.00000000099999999924 0.99999999000000006077 0.00000000099999999924 0.00000000099999999924 0.00000000099999999924 0.00000000099999999924 
0.00000000099999999984 0.94866499806104442882 0.00000000099999999984 0.00000000099999999984 0.00000000099999999984 0.00000000099999999984 0.05133499293895587429 0.00000000099999999984 0.00000000099999999984 0.00000000099999999984 0.00000000099999999984 
0.00000000099999999979 0.90640919618559279147 0.00000000099999999979 0.00000000099999999979 0.00000000099999999979 0.00000000099999999979 0.04367844850424638936 0.00000000099999999979 0.04991234731016091358 0.00000000099999999979 0.00000000099999999979 
0.00000000099999999981 0.57096875409053615691 0.00000000099999999981 0.00000000099999999981 0.00000000099999999981 0.00000000099999999981 0.07412225631826799277 0.00000000099999999981 0.35214966058426339091 0.00000000099999999981 0.00275932200693275757 
0.00000000099999999994 0.00000000099999999994 0.00000000099999999994 0.00000000099999999994 0.00000000099999999994 0.03669853798305036663 0.00000000099999999994 0.96330145301694969362 0.00000000099999999994 0.00000000099999999994 0.00000000099999999994 
0.00000000099999999942 0.00000000099999999942 0.00000000099999999942 0.00000000099999999942 0.00000000099999999942 0.00000000099999999942 0.99999998999999994975 0.00000000099999999942 0.00000000099999999942 0.00000000099999999942 0.00000000099999999942 
0.00000000099999999950 0.00000000099999999950 0.00000000099999999950 0.00000000099999999950 0.00000000099999999950 0.00000000099999999950 0.99999999000000006077 0.00000000099999999950 0.00000000099999999950 0.00000000099999999950 0.00000000099999999950 
0.00000000099999999991 0.96211712100055635233 0.00000000099999999991 0.00000000099999999991 0.00000000099999999991 0.00000000099999999991 0.00368205752034291185 0.00000000099999999991 0.03420081347910106095 0.00000000099999999991 0.00000000099999999991 
0.35661896252326907852 0.00000000099999999983 0.00000000099999999983 0.00000000099999999983 0.39838200724200545366 0.23109785060654342015 0.00000000099999999983 0.01390117262818197502 0.00000000099999999983 0.00000000099999999983 0.00000000099999999983 
0.00000000099999999988 0.00000000099999999988 0.00000000099999999988 0.05698373879078445781 0.84685662660668381552 0.00000000099999999988 0.00000000099999999988 0.09615962660253186967 0.00000000099999999988 0.00000000099999999988 0.00000000099999999988 
0.00000000099999999967 0.00000000099999999967 0.00000000099999999967 0.00000000099999999967 0.99999999000000017180 0.00000000099999999967 0.00000000099999999967 0.00000000099999999967 0.00000000099999999967 0.00000000099999999967 0.00000000099999999967 
0.99999999000000017180 0.00000000099999999934 0.00000000099999999934 0.00000000099999999934 0.00000000099999999934 0.00000000099999999934 0.00000000099999999934 0.00000000099999999934 0.00000000099999999934 0.00000000099999999934 0.00000000099999999934 
0.99999999000000017180 0.00000000099999999923 0.00000000099999999923 0.00000000099999999923 0.00000000099999999923 0.00000000099999999923 0.00000000099999999923 0.00000000099999999923 0.00000000099999999923 0.00000000099999999923 0.00000000099999999923 
0.00000000099999999978 0.86556318185194369708 0.00000000099999999978 0.00000000099999999978 0.00000000099999999978 0.00000000099999999978 0.13432110149839807112 0.00000000099999999978 0.00000000099999999978 0.00000000099999999978 0.00011570864965851348 
0.00000000099999999995 0.00000000099999999995 0.00000000099999999995 0.04560389556112258436 0.81424517453765266062 0.02161875721679539994 0.00000000099999999995 0.11604226245011158014 0.00000000099999999995 0.00248990423431772736 0.00000000099999999995 
0.03155506324991988465 0.00000000099999999995 0.00000000099999999995 0.03553653420604117180 0.55791933937364324159 0.12927593068783721497 0.00000000099999999995 0.24037141110423829171 0.00000000099999999995 0.00534171637832030199 0.00000000099999999995 
0.00000000099999999991 0.00000000099999999991 0.00000000099999999991 0.05364375915546826246 0.83199856320410936483 0.01199415589929182617 0.00000000099999999991 0.10236351474113070115 0.00000000099999999991 0.00000000099999999991 0.00000000099999999991 
0.00000000099999999981 0.00000000099999999981 0.00000000099999999981 0.00000000099999999981 0.91495413534247005405 0.00000000099999999981 0.00000000099999999981 0.08504585565753000620 0.00000000099999999981 0.00000000099999999981 0.00000000099999999981 
0.00000000099999999973 0.00000000099999999973 0.00000000099999999973 0.00000000099999999973 0.99999999000000006077 0.00000000099999999973 0.00000000099999999973 0.00000000099999999973 0.00000000099999999973 0.00000000099999999973 0.00000000099999999973 
0.99999999000000017180 0.00000000099999999920 0.00000000099999999920 0.00000000099999999920 0.00000000099999999920 0.00000000099999999920 0.00000000099999999920 0.00000000099999999920 0.00000000099999999920 0.00000000099999999920 0.00000000099999999920 
0.99999999000000028282 0.00000000099999999939 0.00000000099999999939 0.00000000099999999939 0.00000000099999999939 0.00000000099999999939 0.00000000099999999939 0.00000000099999999939 0.00000000099999999939 0.00000000099999999939 0.00000000099999999939 
0.00000000099999999988 0.00000000099999999988 0.00000000099999999988 0.00000000099999999988 0.87274000173251242707 0.00000000099999999988 0.00000000099999999988 0.12725998926748760542 0.00000000099999999988 0.00000000099999999988 0.00000000099999999988 
0.00000000099999999963 0.00000000099999999963 0.00000000099999999963 0.00000000099999999963 0.99999999000000017180 0.00000000099999999963 0.00000000099999999963 0.00000000099999999963 0.00000000099999999963 0.00000000099999999963 0.00000000099999999963 
0.00000000099999999989 0.00000000099999999989 0.00000000099999999989 0.00000503008011245101 0.76915705861902949891 0.03380754963469626007 0.00000000099999999989 0.19703035466616181104 0.00000000099999999989 0.00000000099999999989 0.00000000099999999989 
0.04052615563032960222 0.00000000099999999995 0.00000000099999999995 0.00000000099999999995 0.75974314178322344127 0.00614438392530491755 0.00000000099999999995 0.19358631166114212419 0.00000000099999999995 0.00000000099999999995 0.00000000099999999995 
0.02947443190519161149 0.00000000099999999996 0.00000000099999999996 0.07763066881657856855 0.62942891734096584333 0.04344566842952220231 0.00000000099999999996 0.21834097774119953783 0.00000000099999999996 0.00167933076654231089 0.00000000099999999996 
0.35385653571369568571 0.00000000099999999989 0.00000000099999999989 0.00000000099999999989 0.33713872177762183036 0.29523122881579322296 0.00000000099999999989 0.01377350669288929415 0.00000000099999999989 0.00000000099999999989 0.00000000099999999989 
0.04213015082177133663 0.00000000099999999993 0.00000000099999999993 0.02349334982466423291 0.58020989242915299577 0.10008845516213128735 0.00000000099999999993 0.25407814576228027192 0.00000000099999999993 0.00000000099999999993 0.00000000099999999993 
0.04307840693275000188 0.00000000099999999995 0.00000000099999999995 0.01207408913076552480 0.67038355458065590486 0.03689058441489875134 0.00000000099999999995 0.23757335894092965201 0.00000000099999999995 0.00000000099999999995 0.00000000099999999995 
0.00000000099999999991 0.00000000099999999991 0.00000000099999999991 0.09616393346891695393 0.77242064645642705134 0.01840454975748832475 0.00000000099999999991 0.11301086331716769795 0.00000000099999999991 0.00000000099999999991 0.00000000099999999991 
0.00000000099999999979 0.00000000099999999979 0.00000000099999999979 0.01335241126776647198 0.00000000099999999979 0.00000000099999999979 0.00000000099999999979 0.98664757973223360388 0.00000000099999999979 0.00000000099999999979 0.00000000099999999979 
0.37126681079411638642 0.00000000099999999990 0.00000000099999999990 0.08655509823712746742 0.24701541766428172786 0.21705729658647773817 0.00000000099999999990 0.07810537071799675268 0.00000000099999999990 0.00000000099999999990 0.00000000099999999990 
0.00000000099999999997 0.01199644189367605855 0.00000000099999999997 0.20017881108356977427 0.13431635224877555568 0.00000000099999999997 0.00000000099999999997 0.60524084346059225936 0.00000000099999999997 0.04514428625048379912 0.00312326006290265844 
0.55386750037736054431 0.00000000099999999990 0.00000000099999999990 0.02281182335158171703 0.14943632321512120842 0.25859648116632560910 0.00000000099999999990 0.01528786588961092083 0.00000000099999999990 0.00000000099999999990 0.00000000099999999990 
0.33443478135290644060 0.00000000099999999989 0.00000000099999999989 0.11956525098731472789 0.40630218182716576480 0.11344418977345521737 0.00000000099999999989 0.02625359005915783861 0.00000000099999999989 0.00000000099999999989 0.00000000099999999989 
0.32912598157895772699 0.00000000099999999992 0.00000000099999999992 0.11038816070382992396 0.31684387235915834058 0.17634435513574842069 0.00000000099999999992 0.06729762422230559094 0.00000000099999999992 0.00000000099999999992 0.00000000099999999992 
0.00000000099999999991 0.00000000099999999991 0.00000000099999999991 0.00000000099999999991 0.00000000099999999991 0.01044666425160381724 0.00000000099999999991 0.98955332674839624474 0.00000000099999999991 0.00000000099999999991 0.00000000099999999991 
0.00000000099999999980 0.00000000099999999980 0.00000000099999999980 0.99999999000000017180 0.00000000099999999980 0.00000000099999999980 0.00000000099999999980 0.00000000099999999980 0.00000000099999999980 0.00000000099999999980 0.00000000099999999980 
0.00000000099999999986 0.00000000099999999986 0.00000000099999999986 0.00000000099999999986 0.04449868555898778277 0.00502029456386773442 0.00000000099999999986 0.95048101187714451044 0.00000000099999999986 0.00000000099999999986 0.00000000099999999986 
0.99999999000000028282 0.00000000099999999953 0.00000000099999999953 0.00000000099999999953 0.00000000099999999953 0.00000000099999999953 0.00000000099999999953 0.00000000099999999953 0.00000000099999999953 0.00000000099999999953 0.00000000099999999953 
0.60987474877244141069 0.00000000099999999989 0.00000000099999999989 0.00000000099999999989 0.12080858451716866564 0.26931659278624181519 0.00000000099999999989 0.00000006692414811228 0.00000000099999999989 0.00000000099999999989 0.00000000099999999989 
0.01358954605506201146 0.00640464883190368546 0.00000000099999999997 0.20181172532300420408 0.05933821452857870882 0.04804880599765076754 0.00000000099999999997 0.63457180795930945294 0.00000000099999999997 0.03623524730449122211 0.00000000099999999997 
0.39597005335601104248 0.00000000099999999995 0.00000000099999999995 0.06984479007999268296 0.26229500411283834804 0.19665244642678011977 0.00000000099999999995 0.07523770002437793480 0.00000000099999999995 0.00000000099999999995 0.00000000099999999995 
0.39269400619346744863 0.00000000099999999988 0.00000000099999999988 0.06502660149776835763 0.26776567930895045500 0.21348102919264907995 0.00000000099999999988 0.06103267780716466195 0.00000000099999999988 0.00000000099999999988 0.00000000099999999988 
0.00000000099999999981 0.00000000099999999981 0.00000000099999999981 0.10487890418958110972 0.88648244941704190669 0.00863863839337709709 0.00000000099999999981 0.00000000099999999981 0.00000000099999999981 0.00000000099999999981 0.00000000099999999981 
0.99999999000000017180 0.00000000099999999974 0.00000000099999999974 0.00000000099999999974 0.00000000099999999974 0.00000000099999999974 0.00000000099999999974 0.00000000099999999974 0.00000000099999999974 0.00000000099999999974 0.00000000099999999974 
0.99999999000000028282 0.00000000099999999950 0.00000000099999999950 0.00000000099999999950 0.00000000099999999950 0.00000000099999999950 0.00000000099999999950 0.00000000099999999950 0.00000000099999999950 0.00000000099999999950 0.00000000099999999950 
0.99999999000000017180 0.00000000099999999959 0.00000000099999999959 0.00000000099999999959 0.00000000099999999959 0.00000000099999999959 0.00000000099999999959 0.00000000099999999959 0.00000000099999999959 0.00000000099999999959 0.00000000099999999959 
0.44420064115019508577 0.00000000099999999990 0.00000000099999999990 0.05283614992271142008 0.24154845641213901208 0.20021375008721400968 0.00000000099999999990 0.06120099642774049636 0.00000000099999999990 0.00000000099999999990 0.00000000099999999990 
0.42307274299016378594 0.00000000099999999993 0.00000000099999999993 0.03016675915638462185 0.24845808853138415251 0.18837468059197789993 0.00000000099999999993 0.10992772273008963313 0.00000000099999999993 0.00000000099999999993 0.00000000099999999993 
0.00000000099999999990 0.00000000099999999990 0.00000000099999999990 0.17735533631903224738 0.74506533735501179194 0.02557318462950760110 0.00000000099999999990 0.05200613469644833897 0.00000000099999999990 0.00000000099999999990 0.00000000099999999990 
0.36697320760309914967 0.00000000099999999989 0.00000000099999999989 0.10462254974569136501 0.30016424913444478273 0.17876849530310687242 0.00000000099999999989 0.04947149221365781252 0.00000000099999999989 0.00000000099999999989 0.00000000099999999989 
0.34951738778047952705 0.00000000099999999990 0.00000000099999999990 0.09284384885999803771 0.30490178715417226574 0.16163258429902604973 0.00000000099999999990 0.09110438590632409517 0.00000000099999999990 0.00000000099999999990 0.00000000099999999990 
0.00000000099999999986 0.00000000099999999986 0.00000000099999999986 0.00000000099999999986 0.00000000099999999986 0.00000000099999999986 0.00000000099999999986 0.99999999000000006077 0.00000000099999999986 0.00000000099999999986 0.00000000099999999986 
0.00000000099999999978 0.00000000099999999978 0.00000000099999999978 0.00001969817906355939 0.99998029282093658932 0.00000000099999999978 0.00000000099999999978 0.00000000099999999978 0.00000000099999999978 0.00000000099999999978 0.00000000099999999978 
0.00000000099999999982 0.00000000099999999982 0.00000000099999999982 0.99999999000000006077 0.00000000099999999982 0.00000000099999999982 0.00000000099999999982 0.00000000099999999982 0.00000000099999999982 0.00000000099999999982 0.00000000099999999982 
0.00000000099999999984 0.00000000099999999984 0.00000000099999999984 0.00000000099999999984 0.00000000099999999984 0.00000000099999999984 0.00000000099999999984 0.99999999000000006077 0.00000000099999999984 0.00000000099999999984 0.00000000099999999984 
0.99999999000000017180 0.00000000099999999957 0.00000000099999999957 0.00000000099999999957 0.00000000099999999957 0.00000000099999999957 0.00000000099999999957 0.00000000099999999957 0.00000000099999999957 0.00000000099999999957 0.00000000099999999957 
0.39337735305304522004 0.00000000099999999987 0.00000000099999999987 0.09664586675239295044 0.24848734177246886712 0.26148943142209302160 0.00000000099999999987 0.00000000099999999987 0.00000000099999999987 0.00000000099999999987 0.00000000099999999987 
0.27788226119854864127 0.00000000099999999993 0.00000000099999999993 0.08779437881558219137 0.44042508004092278950 0.08306347640862241088 0.00000000099999999993 0.11083479753632381748 0.00000000099999999993 0.00000000099999999993 0.00000000099999999993 
0.00000000099999999981 0.00000000099999999981 0.00000000099999999981 0.99999999000000017180 0.00000000099999999981 0.00000000099999999981 0.00000000099999999981 0.00000000099999999981 0.00000000099999999981 0.00000000099999999981 0.00000000099999999981 
0.00000000099999999994 0.00000000099999999994 0.00000000099999999994 0.45396856880985453353 0.21998349489254520606 0.04964507746178763864 0.00000000099999999994 0.27383976026916201363 0.00000000099999999994 0.00256309256665062692 0.00000000099999999994 
0.99999999000000017180 0.00000000099999999970 0.00000000099999999970 0.00000000099999999970 0.00000000099999999970 0.00000000099999999970 0.00000000099999999970 0.00000000099999999970 0.00000000099999999970 0.00000000099999999970 0.00000000099999999970 
0.53160047123827625093 0.00000000099999999988 0.00000000099999999988 0.01548930818135368405 0.21325730356147615252 0.20889759008848160504 0.00000000099999999988 0.03075532093041228113 0.00000000099999999988 0.00000000099999999988 0.00000000099999999988 
0.00000000099999999997 0.02930493435597895935 0.00000000099999999997 0.06400430033718122746 0.00000000099999999997 0.00000000099999999997 0.04403820852981499279 0.05490954886863985002 0.44984733940748783398 0.35789566350089713209 0.00000000099999999997 
0.00000000099999999951 0.00000000099999999951 0.00000000099999999951 0.00000000099999999951 0.00000000099999999951 0.00000000099999999951 0.00000000099999999951 0.00000000099999999951 0.00000000099999999951 0.99999998999999994975 0.00000000099999999951 
0.00000000099999999997 0.09118037978657103637 0.00000000099999999997 0.06543951854183856220 0.00000000099999999997 0.00000000099999999997 0.01641741437243391527 0.05165610983105999032 0.42707630337258217779 0.34823026909551418884 0.00000000099999999997 
0.00000000099999999943 0.00000000099999999943 0.00000000099999999943 0.00000000099999999943 0.00000000099999999943 0.00000000099999999943 0.00000000099999999943 0.00000000099999999943 0.00000000099999999943 0.99999998999999994975 0.00000000099999999943 
0.00000000099999999935 0.00000000099999999935 0.00000000099999999935 0.00000000099999999935 0.00000000099999999935 0.00000000099999999935 0.00000000099999999935 0.00000000099999999935 0.00000000099999999935 0.99999998999999994975 0.00000000099999999935 
0.00000000099999999926 0.00000000099999999926 0.00000000099999999926 0.00000000099999999926 0.00000000099999999926 0.00000000099999999926 0.00000000099999999926 0.00000000099999999926 0.00000000099999999926 0.99999999000000006077 0.00000000099999999926 
0.00000000099999999997 0.10278715389746514997 0.00000000099999999997 0.04768595525400777524 0.00000000099999999997 0.00000000099999999997 0.00461768190979935326 0.08023613032689030922 0.41249901111624642791 0.35217406249559080056 0.00000000099999999997 
0.00000000099999999942 0.00000000099999999942 0.00000000099999999942 0.00000000099999999942 0.00000000099999999942 0.00000000099999999942 0.00000000099999999942 0.00000000099999999942 0.00000000099999999942 0.99999998999999994975 0.00000000099999999942 
0.00000000099999999998 0.09547051185759170000 0.00000000099999999998 0.02603995665775208496 0.00000000099999999998 0.00000000099999999998 0.00000003493185154844 0.08114416403860753857 0.46311724848091057050 0.33422807903328655144 0.00000000099999999998 
0.00000000099999999926 0.00000000099999999926 0.00000000099999999926 0.00000000099999999926 0.00000000099999999926 0.00000000099999999926 0.00000000099999999926 0.00000000099999999926 0.00000000099999999926 0.99999998999999994975 0.00000000099999999926 
0.00000000099999999969 0.00000000099999999969 0.00000000099999999969 0.00000000099999999969 0.00000000099999999969 0.00000000099999999969 0.07665209903771744160 0.00000000099999999969 0.20756167805045647179 0.00000000099999999969 0.71578621491182603531 
0.00000000099999999991 0.87769127913832589716 0.00000000099999999991 0.00000000099999999991 0.00000000099999999991 0.00000000099999999991 0.07127240821849052665 0.00000000099999999991 0.05103630464318387183 0.00000000099999999991 0.00000000099999999991 
0.00000000099999999927 0.00000000099999999927 0.00000000099999999927 0.00000000099999999927 0.00000000099999999927 0.00000000099999999927 0.00000000099999999927 0.00000000099999999927 0.00000000099999999927 0.00000000099999999927 0.99999999000000006077 
0.39871448480082893884 0.00000000099999999988 0.00000000099999999988 0.02058244325209131892 0.29760734951559214556 0.25096089821902878292 0.00000000099999999988 0.03213481821245892101 0.00000000099999999988 0.00000000099999999988 0.00000000099999999988 
0.00000000099999999984 0.88385497401652068916 0.00000000099999999984 0.00000000099999999984 0.00000000099999999984 0.00000000099999999984 0.07041689067098505506 0.00000000099999999984 0.04572812731249446816 0.00000000099999999984 0.00000000099999999984 
0.00000000099999999990 0.57436679221728648148 0.00000000099999999990 0.00000000099999999990 0.00000000099999999990 0.00000000099999999990 0.02519498000419888306 0.00000000099999999990 0.40043821977851484784 0.00000000099999999990 0.00000000099999999990 
0.40991397190490747038 0.00000000099999999987 0.00000000099999999987 0.05809291206451902556 0.21859352851836993947 0.31339958051220362378 0.00000000099999999987 0.00000000099999999987 0.00000000099999999987 0.00000000099999999987 0.00000000099999999987 
0.00000000099999999940 0.00000000099999999940 0.99999999000000017180 0.00000000099999999940 0.00000000099999999940 0.00000000099999999940 0.00000000099999999940 0.00000000099999999940 0.00000000099999999940 0.00000000099999999940 0.00000000099999999940 
0.00000000099999999990 0.61869290401826382286 0.00000000099999999990 0.00000000099999999990 0.00000000099999999990 0.00000000099999999990 0.00000000099999999990 0.00000000099999999990 0.38130708698173637616 0.00000000099999999990 0.00000000099999999990 
0.00000000099999999988 0.00000000099999999988 0.00000000099999999988 0.44586475015795018484 0.30118358632637703964 0.00000000099999999988 0.00000000099999999988 0.25295165551567277973 0.00000000099999999988 0.00000000099999999988 0.00000000099999999988 
0.36608346834902322220 0.00000000099999999987 0.00000000099999999987 0.08092912059484021203 0.21062589228055580981 0.30200572202839426339 0.00000000099999999987 0.04035579074718653736 0.00000000099999999987 0.00000000099999999987 0.00000000099999999987 
