0.00000000099999999976 0.00000000099999999976 0.99999999600000000211 0.00000000099999999976 0.00000000099999999976 
0.00000000100000000000 0.00000832742828576877 0.00000002752742196064 0.99237409092925488174 0.00761755311503725056 
0.00000000099999999999 0.00668686220629901087 0.00512560565036185301 0.98818753014333915452 0.00000000099999999999 
0.00000000099999999996 0.99999999600000011313 0.00000000099999999996 0.00000000099999999996 0.00000000099999999996 
0.00000000099999999997 0.99457150119200510296 0.00098620983521728427 0.00444228697277780811 0.00000000099999999997 
0.00314793217893532531 0.00000000099999999999 0.04975123164345198606 0.94710083417761270486 0.00000000099999999999 
0.00000000099999999998 0.00066021403151779597 0.00000000099999999998 0.99933978296848213763 0.00000000099999999998 
0.00111825271856899199 0.00706044805313008669 0.04655192349949021507 0.94526937472881078506 0.00000000100000000000 
0.99999999600000011313 0.00000000099999999980 0.00000000099999999980 0.00000000099999999980 0.00000000099999999980 
0.99999999600000011313 0.00000000099999999966 0.00000000099999999966 0.00000000099999999966 0.00000000099999999966 
0.00000000099999999996 0.00000000099999999996 0.00000000099999999996 0.99999999600000000211 0.00000000099999999996 
0.22720139956580126528 0.00000000099999999999 0.00307848438334444325 0.01353156193640087969 0.75618855311445354328 
0.99999999600000000211 0.00000000099999999977 0.00000000099999999977 0.00000000099999999977 0.00000000099999999977 
0.00000000099999999992 0.00000000099999999992 0.00000000099999999992 0.99999999600000000211 0.00000000099999999992 
0.99999999600000000211 0.00000000099999999974 0.00000000099999999974 0.00000000099999999974 0.00000000099999999974 
0.00000000099999999996 0.00000000099999999996 0.00000000099999999996 0.99999999600000000211 0.00000000099999999996 
0.00000000099999999999 0.00098974978700124634 0.00000000099999999999 0.99900697467819754571 0.00000327353480111547 
0.00000000099999999995 0.00000000099999999995 0.00000000099999999995 0.99999999600000000211 0.00000000099999999995 
0.00046075651215945042 0.00000000099999999998 0.01982920286297000512 0.97971003862487049396 0.00000000099999999998 
0.00000000100000000000 0.00452536824835444475 0.02661586261145947041 0.96885874595690879563 0.00000002218327730906 
0.00034723571398130994 0.00722958690558105771 0.05414684068446575654 0.93827633569597179708 0.00000000100000000000 
0.99999999600000000211 0.00000000099999999982 0.00000000099999999982 0.00000000099999999982 0.00000000099999999982 
0.99999999600000011313 0.00000000099999999974 0.00000000099999999974 0.00000000099999999974 0.00000000099999999974 
0.00000000099999999999 0.00000000099999999999 0.00000000099999999999 0.99520623453559753369 0.00479376246440246876 
0.99999999600000000211 0.00000000099999999962 0.00000000099999999962 0.00000000099999999962 0.00000000099999999962 
0.00000000099999999983 0.00000000099999999983 0.99999999600000000211 0.00000000099999999983 0.00000000099999999983 
0.00000000099999999997 0.00000000099999999997 0.00167648404926382198 0.99832351295073618047 0.00000000099999999997 
0.00000000099999999995 0.00000000099999999995 0.00000000099999999995 0.99999999599999989108 0.00000000099999999995 
0.99999999600000000211 0.00000000099999999969 0.00000000099999999969 0.00000000099999999969 0.00000000099999999969 
0.99999999600000011313 0.00000000099999999970 0.00000000099999999970 0.00000000099999999970 0.00000000099999999970 
0.99999999600000011313 0.00000000099999999965 0.00000000099999999965 0.00000000099999999965 0.00000000099999999965 
0.00000000099999999999 0.42359159520758199458 0.00000000099999999999 0.01050762655374838303 0.56590077623866952283 
0.00000000099999999993 0.00000000099999999993 0.00000000099999999993 0.99999999600000000211 0.00000000099999999993 
0.00598345990262866625 0.00000000099999999998 0.00000000099999999998 0.99401653709737125553 0.00000000099999999998 
0.99999999600000011313 0.00000000099999999985 0.00000000099999999985 0.00000000099999999985 0.00000000099999999985 
0.00000000099999999988 0.00000000099999999988 0.00000000099999999988 0.99999999600000000211 0.00000000099999999988 
0.99999999600000000211 0.00000000099999999970 0.00000000099999999970 0.00000000099999999970 0.00000000099999999970 
0.00000000099999999998 0.99999999600000011313 0.00000000099999999998 0.00000000099999999998 0.00000000099999999998 
0.00000000099999999976 0.00000000099999999976 0.99999999600000000211 0.00000000099999999976 0.00000000099999999976 
0.99999999600000011313 0.00000000099999999970 0.00000000099999999970 0.00000000099999999970 0.00000000099999999970 
0.00000000099999999996 0.00000000099999999996 0.00000000099999999996 0.99999999600000000211 0.00000000099999999996 
0.00000000099999999998 0.00000000099999999998 0.00000000099999999998 0.99999999599999989108 0.00000000099999999998 
0.00000000099999999998 0.00000000099999999998 0.00152329231785366601 0.99847670468214622108 0.00000000099999999998 
0.12594918267092020114 0.00107114993866409391 0.02232563958167420315 0.82375871766428754306 0.02689531014445394400 
0.99999999600000011313 0.00000000099999999975 0.00000000099999999975 0.00000000099999999975 0.00000000099999999975 
0.98217196982215171364 0.00000000099999999991 0.01782802717784832958 0.00000000099999999991 0.00000000099999999991 
0.00000000099999999985 0.00000000099999999985 0.99999999599999989108 0.00000000099999999985 0.00000000099999999985 
0.00000000099999999973 0.00000000099999999973 0.99999999600000000211 0.00000000099999999973 0.00000000099999999973 
0.11926381151773844669 0.00000000100000000000 0.02508765265162752819 0.83757228897300317616 0.01807624585763091193 
0.99999999600000011313 0.00000000099999999986 0.00000000099999999986 0.00000000099999999986 0.00000000099999999986 
0.00000000330831250538 0.01187629018366442163 0.03989974430652699217 0.94146440895480665301 0.00675955324668954180 
0.99999999600000011313 0.00000000099999999962 0.00000000099999999962 0.00000000099999999962 0.00000000099999999962 
0.99999999600000000211 0.00000000099999999982 0.00000000099999999982 0.00000000099999999982 0.00000000099999999982 
0.99999999600000000211 0.00000000099999999978 0.00000000099999999978 0.00000000099999999978 0.00000000099999999978 
0.00000000099999999996 0.99999999600000000211 0.00000000099999999996 0.00000000099999999996 0.00000000099999999996 
0.22454815292747903888 0.00000000099999999997 0.00000000099999999997 0.00000000099999999997 0.77545184407252087944 
0.00000000099999999985 0.00000000099999999985 0.00000000099999999985 0.99999999599999989108 0.00000000099999999985 
0.00000000099999999988 0.00000000099999999988 0.00000000099999999988 0.99999999599999989108 0.00000000099999999988 
0.22425855018021301213 0.00000000099999999997 0.00000000099999999997 0.00000000099999999997 0.77574144681978696170 
0.00000000099999999990 0.00000000099999999990 0.00000000099999999990 0.99999999599999989108 0.00000000099999999990 
0.00000000099999999994 0.00000000099999999994 0.00000000099999999994 0.99999999599999989108 0.00000000099999999994 
0.99999999600000011313 0.00000000099999999978 0.00000000099999999978 0.00000000099999999978 0.00000000099999999978 
0.99999999600000000211 0.00000000099999999976 0.00000000099999999976 0.00000000099999999976 0.00000000099999999976 
0.00000000099999999980 0.00000000099999999980 0.99999999599999989108 0.00000000099999999980 0.00000000099999999980 
0.00000000099999999998 0.00413756915230750841 0.05024586428563028451 0.94561656456206211185 0.00000000099999999998 
0.00000000099999999989 0.00000000099999999989 0.00000000099999999989 0.99999999600000000211 0.00000000099999999989 
0.00000000099999999999 0.21947750119949330228 0.00638097106776931364 0.77402557545584804721 0.00011595127688933386 
0.03511039830969132219 0.96488959869030865857 0.00000000099999999996 0.00000000099999999996 0.00000000099999999996 
0.92455944943275858439 0.00000000099999999992 0.00000000099999999992 0.07544054756724152822 0.00000000099999999992 
0.99999999600000011313 0.00000000099999999991 0.00000000099999999991 0.00000000099999999991 0.00000000099999999991 
0.07989883822090913801 0.91989716906200502677 0.00020399071708577466 0.00000000099999999999 0.00000000099999999999 
0.13889822716725366836 0.00000000099999999998 0.00000000099999999998 0.86110176983274633322 0.00000000099999999998 
0.00000000099999999999 0.38531443976990537026 0.00593813196581994933 0.06830416321702538485 0.54044326404724929436 
0.00000000099999999988 0.00000000099999999988 0.00000000099999999988 0.99999999600000000211 0.00000000099999999988 
0.00000000099999999987 0.00000000099999999987 0.00000000099999999987 0.99999999600000000211 0.00000000099999999987 
0.04607576941082423827 0.00000000099999999995 0.00000000099999999995 0.95392422758917572168 0.00000000099999999995 
0.16898158594464071647 0.00000000099999999997 0.00000000099999999997 0.83101841105535911858 0.00000000099999999997 
0.00000000099999999999 0.00000000099999999999 0.12619367835016762069 0.87380631864983249191 0.00000000099999999999 
0.00000000099999999994 0.99999979943954164785 0.00000019756045838500 0.00000000099999999994 0.00000000099999999994 
0.00000000099999999998 0.00000000099999999998 0.00206361006245869881 0.99793638693754116442 0.00000000099999999998 
0.15801122940781089921 0.35190413135319986715 0.00739665324902257469 0.00481027349315455658 0.47787771249681199048 
0.13332188621511115167 0.00000000099999999999 0.00488344478539427026 0.86179466699949447417 0.00000000099999999999 
0.92316410223314160355 0.00000000099999999989 0.00000000099999999989 0.07683589476685841191 0.00000000099999999989 
0.34939961652598611197 0.01492383390965867397 0.00000000100000000000 0.63567654756435498786 0.00000000100000000000 
0.00075117456070956695 0.00625686653822017744 0.00000000100000000000 0.96629676910091777398 0.02669518880015241472 
0.00000000099999999999 0.00000000099999999999 0.00230935128508134553 0.99769064571491872240 0.00000000099999999999 
0.00000000431087216865 0.00028572673500386456 0.00000000100000000000 0.96694931280116525052 0.03276495515295874128 
0.00000000099999999987 0.00000000099999999987 0.00000000099999999987 0.99999999599999989108 0.00000000099999999987 
0.97253803425731399912 0.02746196203163761909 0.00000000171104838626 0.00000000099999999999 0.00000000099999999999 
0.00000000099999999998 0.99999879085419263181 0.00000120614580748377 0.00000000099999999998 0.00000000099999999998 
0.99999999600000000211 0.00000000099999999967 0.00000000099999999967 0.00000000099999999967 0.00000000099999999967 
0.00000000099999999996 0.00000000099999999996 0.11110957545649086109 0.88889042154350916825 0.00000000099999999996 
0.00000000099999999997 0.00000000099999999997 0.00000000099999999997 0.99999999599999989108 0.00000000099999999997 
0.01534921591839437729 0.00581794467367649504 0.03124631665045964415 0.94758652175746949098 0.00000000100000000000 
0.00000000099999999983 0.00000000099999999983 0.00000000099999999983 0.99999999600000000211 0.00000000099999999983 
0.00000000099999999998 0.00000000099999999998 0.00304286330293737162 0.99695713369706251417 0.00000000099999999998 
0.09917633462002757583 0.88818804989482891266 0.01263561348514358022 0.00000000099999999999 0.00000000099999999999 
0.00000000100000000000 0.01749100725629190028 0.16825754755999677847 0.81425144313040420663 0.00000000105330702327 
0.00000000099999999999 0.00674942211587589106 0.54849558253996277823 0.44475499334416113140 0.00000000099999999999 
0.15140979674428117763 0.00000000099999999996 0.00000001727866590644 0.84859018397705288095 0.00000000099999999996 
0.00460459997526904089 0.00000000100000000000 0.00009814062363479270 0.97613374703677313615 0.01916351136432288202 
0.00000000099999999999 0.10786729754804820491 0.00705513299901188579 0.88501777511427726086 0.00005979333866268106 
0.00000000099999999993 0.99923190859701893629 0.00000000099999999993 0.00000000099999999993 0.00076808840298120526 
0.00000000099999999993 0.00000000099999999993 0.88236151873779888888 0.11763847826220097392 0.00000000099999999993 
0.00311770883116020085 0.00000000396355524468 0.00076470618715073684 0.97014503293391962657 0.02597254808421425518 
0.00032379850093304600 0.00006043696205864139 0.05439071608566411337 0.94522504745134405812 0.00000000099999999999 
0.00000000099999999999 0.00237241819486094536 0.03813028742287674633 0.95949729238226222350 0.00000000099999999999 
0.12241838092789822379 0.00022187053984825658 0.03331174738170075700 0.84404800015055281293 0.00000000099999999999 
0.95620184308284006391 0.00000000099999999989 0.04379815391715998624 0.00000000099999999989 0.00000000099999999989 
0.00000000099999999969 0.00000000099999999969 0.99999999600000000211 0.00000000099999999969 0.00000000099999999969 
0.00000000099999999984 0.00000000099999999984 0.99999999600000000211 0.00000000099999999984 0.00000000099999999984 
0.00000000099999999984 0.00000000099999999984 0.99999999600000000211 0.00000000099999999984 0.00000000099999999984 
0.00000000099999999997 0.00000000099999999997 0.99034814787801161984 0.00965184912198831062 0.00000000099999999997 
0.00000000099999999984 0.00000000099999999984 0.99999999599999989108 0.00000000099999999984 0.00000000099999999984 
0.00000000099999999993 0.00000000099999999993 0.99999999599999989108 0.00000000099999999993 0.00000000099999999993 
0.00000000099999999977 0.00000000099999999977 0.99999999599999989108 0.00000000099999999977 0.00000000099999999977 
0.00000000099999999970 0.00000000099999999970 0.99999999600000000211 0.00000000099999999970 0.00000000099999999970 
0.00000000099999999994 0.00000000099999999994 0.99999999600000000211 0.00000000099999999994 0.00000000099999999994 
0.00000000099999999979 0.00000000099999999979 0.99999999599999989108 0.00000000099999999979 0.00000000099999999979 
0.00014206859605637000 0.00000000099999999997 0.99985792840394371872 0.00000000099999999997 0.00000000099999999997 
0.00000000099999999998 0.94531899614803838183 0.05466415636010323736 0.00001684549185840634 0.00000000099999999998 
0.00000000099999999975 0.00000000099999999975 0.99999999600000000211 0.00000000099999999975 0.00000000099999999975 
0.00000000099999999972 0.00000000099999999972 0.99999999599999989108 0.00000000099999999972 0.00000000099999999972 
0.00000000099999999982 0.00000000099999999982 0.99999999600000000211 0.00000000099999999982 0.00000000099999999982 
0.00000000099999999982 0.00000000099999999982 0.99999999599999989108 0.00000000099999999982 0.00000000099999999982 
0.00000000099999999978 0.00000000099999999978 0.99999999600000000211 0.00000000099999999978 0.00000000099999999978 
0.00000000099999999985 0.00000000099999999985 0.99999999600000000211 0.00000000099999999985 0.00000000099999999985 
0.00000000099999999971 0.00000000099999999971 0.99999999600000000211 0.00000000099999999971 0.00000000099999999971 
0.00000000099999999975 0.00000000099999999975 0.99999999600000000211 0.00000000099999999975 0.00000000099999999975 
0.00000000099999999977 0.00000000099999999977 0.99999999599999989108 0.00000000099999999977 0.00000000099999999977 
0.00000000099999999988 0.00000000099999999988 0.00000000099999999988 0.00000000099999999988 0.99999999599999989108 
0.00000000099999999997 0.61477731258158097027 0.00481479181512241197 0.00000000099999999997 0.38040789360329679836 
0.00000000099999999986 0.00000000099999999986 0.00000000099999999986 0.00000000099999999986 0.99999999599999989108 
0.00000000099999999997 0.36397907740643997698 0.00000000099999999997 0.00000000099999999997 0.63602091959355999684 
0.00000000099999999997 0.62226413846038075572 0.00962440932865621553 0.00000000099999999997 0.36811145021096308705 
0.00000000099999999993 0.00000000099999999993 0.00000000099999999993 0.99999999600000000211 0.00000000099999999993 
0.00000000099999999991 0.37859151287165387911 0.00000000099999999991 0.00000000099999999991 0.62140848412834603920 
0.00000000099999999994 0.99999999600000011313 0.00000000099999999994 0.00000000099999999994 0.00000000099999999994 
0.00000000099999999992 0.99999999600000000211 0.00000000099999999992 0.00000000099999999992 0.00000000099999999992 
0.00000000099999999995 0.96556276119842454619 0.03443723580157546926 0.00000000099999999995 0.00000000099999999995 
0.00000000099999999988 0.00000000099999999988 0.00000000099999999988 0.00000000099999999988 0.99999999600000000211 
0.00000000099999999998 0.79830974166078294552 0.03495079843954296273 0.00373885680669222521 0.16300060209298167235 
0.00000000099999999993 0.00000000099999999993 0.00000000099999999993 0.99999999600000000211 0.00000000099999999993 
0.00000000099999999993 0.99999999600000000211 0.00000000099999999993 0.00000000099999999993 0.00000000099999999993 
0.00000000099999999995 0.55930834841909449207 0.00000000099999999995 0.00000000099999999995 0.44069164858090548176 
0.00000000099999999994 0.00000000099999999994 0.00000000099999999994 0.99999999599999989108 0.00000000099999999994 
0.00000000099999999997 0.00000000099999999997 0.00000000099999999997 0.99999999599999989108 0.00000000099999999997 
0.00000000099999999992 0.00000000099999999992 0.00000000099999999992 0.00000000099999999992 0.99999999599999989108 
0.00000000099999999995 0.40179435370216870504 0.00000000099999999995 0.00000000099999999995 0.59820564329783121327 
0.00000000099999999996 0.97184964592501299485 0.02815035107498695469 0.00000000099999999996 0.00000000099999999996 
0.00000000099999999991 0.00000000099999999991 0.00000000099999999991 0.99999999599999989108 0.00000000099999999991 
0.00000000099999999993 0.00000000099999999993 0.00000000099999999993 0.99999999600000000211 0.00000000099999999993 
0.00000000099999999995 0.61841308989075938207 0.00403697950576981709 0.00000000099999999995 0.37754992860347080796 
0.00000000099999999994 0.00035516523099082917 0.00000000099999999994 0.00000000099999999994 0.99964483176900920114 
0.00000000099999999998 0.78712517234227430407 0.03513293151338698489 0.00007261284583289190 0.17766928229850573184 
0.00000000099999999994 0.40342988218939329625 0.00000000099999999994 0.00000000099999999994 0.59657011481060662206 
0.00000000099999999996 0.96574815043064776710 0.03425184656935225530 0.00000000099999999996 0.00000000099999999996 
0.00000000099999999994 0.00000000099999999994 0.00000000099999999994 0.99999999600000000211 0.00000000099999999994 
0.00000000099999999993 0.00000000099999999993 0.00000000099999999993 0.99999999599999989108 0.00000000099999999993 
0.00000000099999999989 0.00000000099999999989 0.00000000099999999989 0.99999999599999989108 0.00000000099999999989 
0.00000000099999999991 0.00000000099999999991 0.00000000099999999991 0.00000000099999999991 0.99999999599999989108 
0.00000000099999999993 0.00000000099999999993 0.00000000099999999993 0.00000000099999999993 0.99999999599999989108 
0.00000000099999999990 0.00000000099999999990 0.00000000099999999990 0.00000000099999999990 0.99999999599999989108 
0.00000000099999999991 0.00000153350265908721 0.00000000099999999991 0.00000000099999999991 0.99999846349734089479 
0.00000000099999999995 0.38106807377497070588 0.00000000099999999995 0.00000000099999999995 0.61893192322502921243 
0.00000000099999999993 0.59569223760717049387 0.00000000099999999993 0.00000000099999999993 0.40430775939282953546 
0.00000000099999999998 0.96414701527589097285 0.03585294478758305203 0.00000000099999999998 0.00000003793652612619 
0.00000000099999999992 0.40947586617889430993 0.00000000099999999992 0.00000000099999999992 0.59052413082110544185 
0.00000000099999999992 0.00000000099999999992 0.00000000099999999992 0.99999999599999989108 0.00000000099999999992 
0.00000000099999999998 0.97091523933189238793 0.02908475766810766222 0.00000000099999999998 0.00000000099999999998 
0.00000000099999999997 0.00000000099999999997 0.00000000099999999997 0.99999999599999989108 0.00000000099999999997 
0.00000000099999999990 0.00000000099999999990 0.00000000099999999990 0.99999999600000000211 0.00000000099999999990 
0.00000000099999999992 0.00000000099999999992 0.00000000099999999992 0.99999999600000000211 0.00000000099999999992 
0.00000000099999999995 0.00000000099999999995 0.00000000099999999995 0.99999999600000000211 0.00000000099999999995 
0.00000000099999999991 0.00000000099999999991 0.00000000099999999991 0.99999999600000000211 0.00000000099999999991 
0.00000000099999999987 0.00000000099999999987 0.00000000099999999987 0.00000000099999999987 0.99999999600000000211 
0.00000000099999999988 0.00000000099999999988 0.00000000099999999988 0.00000000099999999988 0.99999999599999989108 
0.00000000099999999991 0.00000000099999999991 0.00000000099999999991 0.00000000099999999991 0.99999999599999989108 
0.00000000099999999996 0.59928992471783348872 0.00001143389012112458 0.00000000099999999996 0.40069863939204536374 
0.00000000099999999993 0.34603123890619730263 0.00000000099999999993 0.00000000099999999993 0.65396875809380261568 
0.00000000099999999994 0.00000000099999999994 0.00000000099999999994 0.99999999599999989108 0.00000000099999999994 
0.00000000099999999994 0.00000000099999999994 0.00000000099999999994 0.99999999599999989108 0.00000000099999999994 
0.00000000099999999990 0.00000000099999999990 0.00000000099999999990 0.00000000099999999990 0.99999999599999989108 
0.00000000099999999993 0.00000000099999999993 0.00000000099999999993 0.00000000099999999993 0.99999999599999989108 
0.00000000099999999998 0.76831641746372092427 0.03336668834386476851 0.01675731311904020415 0.18155958007337424931 
0.00000000099999999997 0.53294076125305023250 0.00000000099999999997 0.00000000099999999997 0.46705923574694996336 
0.00000000099999999994 0.38046525430893168851 0.00000000099999999994 0.00000000099999999994 0.61953474269106811878 
0.00000000099999999995 0.00000000099999999995 0.00000000099999999995 0.99999999599999989108 0.00000000099999999995 
0.00000000099999999995 0.00000000099999999995 0.00000000099999999995 0.99999999599999989108 0.00000000099999999995 
0.00000000099999999999 0.00105146011118058464 0.00012738807229449651 0.99626973095359816490 0.00255141986292676051 
0.00000000099999999999 0.43219649783429198164 0.01688781091106271795 0.01032821386870641685 0.54058747638593884766 
0.10792031552594984201 0.00547148071383145827 0.03679550630665226474 0.83260025353590871866 0.01721244391765772846 
0.00000000099999999998 0.45948819293043813294 0.02497903361243819162 0.00000000099999999998 0.51553277145712350649 
0.00000000099999999997 0.98310603137849250643 0.01689396562150738759 0.00000000099999999997 0.00000000099999999997 
0.00238741226570994211 0.97838171256331785131 0.01923031278278396899 0.00000056138818823880 0.00000000099999999999 
0.00000000099999999995 0.00000000099999999995 0.00000000099999999995 0.99999999600000000211 0.00000000099999999995 
0.00479601869427628055 0.42257064393753640541 0.01762909181023961797 0.00225453368837407516 0.55274971186957377878 
0.00000000099999999999 0.62398139075755099103 0.03307287155950477259 0.00000000099999999999 0.34294573568294417498 
0.00000000099999999996 0.61298473527198626964 0.02979950726745505055 0.00000000099999999996 0.35721575546055867045 
0.00000000099999999999 0.61774267458119758167 0.02551769305866874796 0.00000000099999999999 0.35673963036013384142 
0.00000000099999999997 0.60005622359428645307 0.01974505693564288303 0.00000000099999999997 0.38019871747007066842 
0.00000000099999999998 0.62222518142390292883 0.02398784600228472466 0.00033500979205729783 0.35345196178175503077 
0.00000000099999999997 0.57661154208206133465 0.01897653697999869202 0.00000000099999999997 0.40441191893794009582 
0.09098224323475637143 0.01492673214934182001 0.02618678562000666121 0.86790423799589511145 0.00000000100000000000 
0.00000000099999999993 0.00000000099999999993 0.00000000099999999993 0.99999999600000000211 0.00000000099999999993 
0.00000000099999999999 0.00548420275390215737 0.04082999003983996122 0.95368580520625789720 0.00000000099999999999 
0.00000000099999999998 0.01016369925496321373 0.00000000099999999998 0.98983629774503678611 0.00000000099999999998 
0.99999999600000000211 0.00000000099999999994 0.00000000099999999994 0.00000000099999999994 0.00000000099999999994 
0.00000000099999999990 0.00000000099999999990 0.00000000099999999990 0.99999999599999989108 0.00000000099999999990 
0.03243351895910714933 0.38383559114208720686 0.00052550605125858724 0.00000000099999999999 0.58320538284754719349 
0.00000000099999999994 0.00000000099999999994 0.00000000099999999994 0.99999999600000000211 0.00000000099999999994 
0.00000000099999999999 0.09594399256295789435 0.00084210520645663868 0.90321389890544134804 0.00000000232514412753 
0.00000000099999999973 0.00000000099999999973 0.99999999600000000211 0.00000000099999999973 0.00000000099999999973 
0.00000000099999999997 0.01633193325986995528 0.00000000099999999997 0.98068809779393373294 0.00297996694619625342 
0.00000000099999999996 0.98925052506746991021 0.01074947193253004800 0.00000000099999999996 0.00000000099999999996 
0.00000000099999999992 0.00000000099999999992 0.96002745638127251482 0.03997254061872738268 0.00000000099999999992 
0.00000000099999999981 0.00000000099999999981 0.00000000099999999981 0.99999999599999989108 0.00000000099999999981 
0.00000000099999999999 0.99293583118690997846 0.00706416581309003526 0.00000000099999999999 0.00000000099999999999 
0.01770831531499442515 0.00000000099999999997 0.00000000099999999997 0.98229168168500546887 0.00000000099999999997 
0.99999999600000000211 0.00000000099999999986 0.00000000099999999986 0.00000000099999999986 0.00000000099999999986 
0.50372261785048033644 0.00022927021838182419 0.00000000099999999999 0.48694854708630758156 0.00909956384483025758 
0.00000000099999999980 0.00000000099999999980 0.99999999599999989108 0.00000000099999999980 0.00000000099999999980 
0.13471741280909366179 0.00000388524683461625 0.01544693068420002757 0.82533254427410907006 0.02449922698576272734 
0.00000000099999999999 0.02883840440266680419 0.04037495716812046498 0.93078663642921266597 0.00000000099999999999 
0.00000000099999999995 0.99577604976000166914 0.00422394723999844433 0.00000000099999999995 0.00000000099999999995 
0.99999999600000011313 0.00000000099999999971 0.00000000099999999971 0.00000000099999999971 0.00000000099999999971 
0.00000000099999999992 0.00000000099999999992 0.00000000099999999992 0.99999999600000000211 0.00000000099999999992 
0.00000000099999999997 0.00000000099999999997 0.00128467723650777356 0.99871531976349214865 0.00000000099999999997 
0.99999999600000011313 0.00000000099999999964 0.00000000099999999964 0.00000000099999999964 0.00000000099999999964 
0.00000000099999999993 0.00000000099999999993 0.98347146908035265600 0.01652852791964728660 0.00000000099999999993 
0.00000000099999999990 0.99999999600000011313 0.00000000099999999990 0.00000000099999999990 0.00000000099999999990 
0.00000000099999999995 0.00000000099999999995 0.00000000099999999995 0.99999999600000000211 0.00000000099999999995 
0.99999999600000000211 0.00000000099999999977 0.00000000099999999977 0.00000000099999999977 0.00000000099999999977 
0.00000000099999999991 0.00000000099999999991 0.00000000099999999991 0.99999999600000000211 0.00000000099999999991 
0.00447839790081544335 0.00420482491870965546 0.03368445800246084448 0.95676808171822635973 0.00086423745978763810 
0.00423156033349560839 0.00000000099999999997 0.00000000099999999997 0.99576843666650438625 0.00000000099999999997 
0.00418446332178958654 0.01051524591166751350 0.07181281133455848231 0.90734862055293030725 0.00613885887905405922 
0.00000000099999999997 0.00000000099999999997 0.00000000099999999997 0.99999999600000000211 0.00000000099999999997 
0.00000000099999999983 0.00000000099999999983 0.00000000099999999983 0.99999999600000000211 0.00000000099999999983 
0.00000000099999999995 0.99992194693644576020 0.00007805006355439478 0.00000000099999999995 0.00000000099999999995 
0.00000000099999999982 0.00000000099999999982 0.00000000099999999982 0.99999999600000000211 0.00000000099999999982 
0.99999999600000000211 0.00000000099999999965 0.00000000099999999965 0.00000000099999999965 0.00000000099999999965 
0.00000000105427152909 0.00000000099999999996 0.00000000099999999996 0.99999999594572841488 0.00000000099999999996 
0.00000000099999999993 0.00000000099999999993 0.00000000099999999993 0.99999999600000000211 0.00000000099999999993 
0.00540077934433014131 0.00000000100000000000 0.00091060163084729566 0.99368861702482247367 0.00000000100000000000 
0.00000000099999999997 0.00000000099999999997 0.03933704957448336953 0.96066294742551661123 0.00000000099999999997 
0.00000000099999999996 0.00000000099999999996 0.00000000099999999996 0.99999999600000000211 0.00000000099999999996 
0.99999999600000000211 0.00000000099999999980 0.00000000099999999980 0.00000000099999999980 0.00000000099999999980 
0.00329086425046659506 0.00000000099999999999 0.00000000099999999999 0.99199456112580219891 0.00471457262373108782 
0.00000000099999999996 0.00000000099999999996 0.00000000099999999996 0.99999999600000000211 0.00000000099999999996 
0.00000000099999999986 0.00000000099999999986 0.00000000099999999986 0.99999999599999989108 0.00000000099999999986 
0.00000000099999999986 0.00000000099999999986 0.00000000099999999986 0.99999999599999989108 0.00000000099999999986 
0.05472107607782837613 0.00000000099999999998 0.00000000099999999998 0.94527892092217158382 0.00000000099999999998 
0.00000000099999999987 0.00000000099999999987 0.00000000099999999987 0.99999999600000000211 0.00000000099999999987 
0.00000000099999999998 0.00000000099999999998 0.00684940789368271991 0.99315058910631737188 0.00000000099999999998 
0.20418505745029558174 0.00000000099999999997 0.00000000099999999997 0.79581493954970439209 0.00000000099999999997 
0.00000000099999999997 0.99430464424497844167 0.00564153839399494667 0.00000000099999999997 0.00005381536102650327 
0.00000000099999999993 0.42161227788909511061 0.00000000099999999993 0.00000000099999999993 0.57838771911090480771 
0.03704314441137705749 0.08269987431913491949 0.00000000099999999998 0.00000000099999999998 0.88025697926948798244 
0.00000000099999999994 0.41302995439126155564 0.00000000099999999994 0.00000000099999999994 0.58697004260873852921 
0.00000000099999999992 0.39745548636440475310 0.00000000099999999992 0.00000000099999999992 0.60254451063559522073 
0.00000000099999999997 0.42777390921768831955 0.00000000099999999997 0.00000000099999999997 0.57222608778231165427 
0.00000000099999999994 0.37210404569693261712 0.00000000099999999994 0.00000000099999999994 0.62789595130306730120 
0.99999999600000011313 0.00000000099999999980 0.00000000099999999980 0.00000000099999999980 0.00000000099999999980 
0.00000000099999999995 0.99999999600000000211 0.00000000099999999995 0.00000000099999999995 0.00000000099999999995 
0.00000000099999999993 0.40319513769600340281 0.00000000099999999993 0.00000000099999999993 0.59680485930399640448 
0.00000000099999999995 0.41368833053980064163 0.00000000099999999995 0.00000000099999999995 0.58631166646019927668 
0.00000000099999999989 0.26014451725312309760 0.00000000099999999989 0.00000000099999999989 0.73985547974687693173 
0.00000000099999999995 0.38749730128704651388 0.00000000099999999995 0.00000000099999999995 0.61250269571295334892 
0.26502169854165358309 0.00000000099999999995 0.00000000099999999995 0.00000000099999999995 0.73497829845834627971 
0.27528426369083852654 0.00000000099999999995 0.00000000099999999995 0.00000000099999999995 0.72471573330916150280 
0.00000000099999999996 0.43330073761833604040 0.00110415796673443960 0.00000000099999999996 0.56559510241492938487 
0.00000000099999999992 0.35799202035237415176 0.00000000099999999992 0.00000000099999999992 0.64200797664762587758 
0.00000000099999999996 0.39707699697496251501 0.00245076689645901038 0.00000000099999999996 0.60047223412857853031 
0.00000000099999999993 0.00000000099999999993 0.00000000099999999993 0.99999999599999989108 0.00000000099999999993 
0.00000000099999999996 0.39316907188314453858 0.00000000099999999996 0.00000000099999999996 0.60683092511685543524 
0.00000000099999999998 0.99907213162396157902 0.00092786537603838982 0.00000000099999999998 0.00000000099999999998 
0.00000000099999999995 0.40822354373579378128 0.00000000099999999995 0.00000000099999999995 0.59177645326420613703 
0.00000000099999999995 0.39008392957577492366 0.00000000099999999995 0.00000000099999999995 0.60991606742422499465 
0.00000000099999999992 0.38336638968657837934 0.00009447951551780333 0.00000000099999999992 0.61653912879790362389 
0.00000000099999999998 0.41853417077181509498 0.00067440188084167275 0.00000000099999999998 0.58079142534734318204 
0.00000000099999999993 0.36264354287290451184 0.00000000099999999993 0.00000000099999999993 0.63735645412709540647 
0.00000000099999999995 0.40644896236912941845 0.00000000099999999995 0.00000000099999999995 0.59355103463087055538 
0.00000000099999999994 0.40631991300355768670 0.00211452576066425025 0.00000000099999999994 0.59156555923577802680 
0.00000000099999999997 0.40132708157148017092 0.00227834715375975147 0.00000000099999999997 0.59639456927476008907 
0.00000000099999999993 0.99999999600000011313 0.00000000099999999993 0.00000000099999999993 0.00000000099999999993 
0.00000000099999999996 0.41141896169011760165 0.00000000099999999996 0.00000000099999999996 0.58858103530988226115 
0.99999999600000011313 0.00000000099999999972 0.00000000099999999972 0.00000000099999999972 0.00000000099999999972 
0.00000000099999999992 0.40843755907236878322 0.00000000099999999992 0.00000000099999999992 0.59156243792763119060 
0.00000000099999999995 0.00000000099999999995 0.00000000099999999995 0.99999999600000000211 0.00000000099999999995 
0.00000000099999999988 0.25460018985815602299 0.00000000099999999988 0.00000000099999999988 0.74539980714184383981 
0.27617168290337901215 0.00000000099999999995 0.00000000099999999995 0.00000000099999999995 0.72382831409662085065 
0.00000000099999999993 0.37670047591386707220 0.00000000099999999993 0.00000000099999999993 0.62329952108613273509 
0.00000000099999999996 0.42757612571406033997 0.00285126443884604680 0.00000000099999999996 0.56957260784709362600 
0.00000000099999999994 0.43361179037225705546 0.00000000099999999994 0.00000000099999999994 0.56638820662774291836 
0.00000000099999999996 0.32624565940548483356 0.00163092963043780801 0.00000000099999999996 0.67212340896407718471 
0.00000000099999999997 0.40771001838068154921 0.00000000099999999997 0.00000000099999999997 0.59228997861931842461 
0.00000000099999999994 0.38167128862055854643 0.00000000099999999994 0.00000000099999999994 0.61832870837944131637 
0.27291280142089507921 0.00000000099999999995 0.00000000099999999995 0.00000000099999999995 0.72708719557910495013 
0.00000000099999999994 0.99999984303447697620 0.00000015396552311585 0.00000000099999999994 0.00000000099999999994 
0.00000000099999999997 0.45395000948606739621 0.00007837560759852502 0.00000000099999999997 0.54597161290633400288 
0.00000000099999999995 0.99999999600000011313 0.00000000099999999995 0.00000000099999999995 0.00000000099999999995 
0.00000000099999999997 0.41867792660192687526 0.00326295757191534053 0.00000000099999999997 0.57805911382615771110 
0.00000000099999999992 0.38679483317434848466 0.00000000099999999992 0.00000000099999999992 0.61320516382565148916 
0.00000000099999999997 0.42838994125909696242 0.00028626817981055279 0.00000000099999999997 0.57132378856109256038 
0.00000000099999999994 0.41310769426443583185 0.00000000099999999994 0.00000000099999999994 0.58689230273556414197 
0.00000000099999999988 0.23467105968767776325 0.00000000099999999988 0.00000000099999999988 0.76532893731232221057 
0.00000000099999999995 0.41403514839858879260 0.00000000099999999995 0.00000000099999999995 0.58596484860141107021 
0.00000000099999999993 0.38293530483851773161 0.00000000099999999993 0.00000000099999999993 0.61706469216148229773 
0.00000000099999999997 0.99618872192038754321 0.00381127507961251171 0.00000000099999999997 0.00000000099999999997 
0.00000000099999999997 0.00143232672689938187 0.00000000099999999997 0.99856767027310044949 0.00000000099999999997 
0.00000000099999999997 0.42790408092552312258 0.00056103002339276029 0.00000000099999999997 0.57153488705108401735 
0.99999999600000011313 0.00000000099999999971 0.00000000099999999971 0.00000000099999999971 0.00000000099999999971 
0.99999999600000000211 0.00000000099999999984 0.00000000099999999984 0.00000000099999999984 0.00000000099999999984 
0.00000000099999999993 0.39800095098010407346 0.00000000099999999993 0.00000000099999999993 0.60199904601989595587 
0.00000000099999999995 0.36809219897971096058 0.00000000099999999995 0.00000000099999999995 0.63190779802028884671 
0.00000000099999999996 0.43415064129726793629 0.00000000099999999996 0.00000000099999999996 0.56584935570273198202 
0.00000000099999999995 0.37302603970323028326 0.00000000099999999995 0.00000000099999999995 0.62697395729676963505 
0.00000000099999999997 0.44878849186552249861 0.00024864221345457122 0.00000000099999999997 0.55096286392102289398 
0.02431204123117920723 0.05433354590034780024 0.00432134234297843964 0.00000000100000000000 0.91703306952549445974 
0.00000000099999999999 0.45387578078083168354 0.00000000099999999999 0.00000030438348131986 0.54612391283568695322 
0.00000000099999999992 0.00000000099999999992 0.00000000099999999992 0.99999999600000000211 0.00000000099999999992 
0.00000000099999999995 0.36817286152492106899 0.00000000099999999995 0.00000000099999999995 0.63182713547507873830 
0.00000000099999999994 0.36417302893409070341 0.00000000099999999994 0.00000000099999999994 0.63582696806590910388 
0.00000000099999999997 0.42461662092902979770 0.00000026947729894273 0.00000000099999999997 0.57538310759367117253 
0.00000000099999999996 0.39681659426601917362 0.00000000099999999996 0.00000000099999999996 0.60318340273398074469 
0.00000000099999999998 0.42093277683909502418 0.00000000099999999998 0.00000000099999999998 0.57906722016090494964 
0.00000000099999999995 0.38634816298420288083 0.00000000099999999995 0.00000000099999999995 0.61365183401579692646 
0.00000000099999999997 0.99040567395109646576 0.00169556150964972124 0.00000000099999999997 0.00789876253925380842 
0.00000000099999999992 0.99999903760609298864 0.00000000099999999992 0.00000000099999999992 0.00000095939390718020 
0.00000000099999999997 0.99354515716231939226 0.00000000099999999997 0.00000000099999999997 0.00645483983768078712 
0.00000000099999999997 0.58203856246214047410 0.00000000099999999997 0.00000000099999999997 0.41796143453785949973 
0.00000000099999999996 0.98873449777740340938 0.01126549922259657312 0.00000000099999999996 0.00000000099999999996 
0.00000446304133121920 0.42234504652417226289 0.00000000652080552821 0.00278697008195820427 0.57486351383173273089 
0.00000000099999999995 0.40865210497241283294 0.00723168542193252002 0.00000000099999999995 0.58411620760565452493 
0.04276841295910409346 0.13324746772897833047 0.01138857935921962390 0.00000009479885314120 0.81259544515384474206 
0.00000000099999999996 0.99988483715686959918 0.00000000099999999996 0.00000000099999999996 0.00011515984313054449 
0.00000000099999999991 0.02672685340511554708 0.00000000099999999991 0.00000000099999999991 0.97327314359488448225 
0.00000000099999999996 0.24946275482347657348 0.00000000099999999996 0.00000000099999999996 0.75053724217652351136 
0.00000000099999999995 0.01416782054518372219 0.00000000099999999995 0.00000000099999999995 0.98583217645481635572 
0.00000000099999999997 0.61658495806605784217 0.00000000099999999997 0.00000000099999999997 0.38341503893394229818 
0.00000000099999999994 0.58166241798077589209 0.00000000099999999994 0.00000000099999999994 0.41833757901922424827 
0.09424910515467685435 0.01600315819987648686 0.00186218663895720425 0.00000000100000000000 0.88788554900648941626 
0.00000000099999999997 0.41019837113933177442 0.00000000099999999997 0.00000000099999999997 0.58980162586066831043 
