0.00000000099999999969 0.00000000099999999969 0.00000000099999999969 0.00000000099999999969 0.00000000099999999969 0.99999999499999991937 
0.00000000100000000000 0.00000652134439269913 0.99229911825336358788 0.00000003024005370935 0.00769432135960611708 0.00000000780258391167 
0.00000000099999999998 0.00690871055929584681 0.98812056444926710252 0.00000000099999999998 0.00000000099999999998 0.00497072199143714071 
0.00000000099999999993 0.99999999500000003039 0.00000000099999999993 0.00000000099999999993 0.00000000099999999993 0.00000000099999999993 
0.00000000099999999995 0.99999999500000014141 0.00000000099999999995 0.00000000099999999995 0.00000000099999999995 0.00000000099999999995 
0.00321956539677367487 0.00000000099999999999 0.94706844704010950675 0.00000000099999999999 0.00000000099999999999 0.04971198456311677616 
0.00000000099999999997 0.00089146878492101509 0.99910852721507903418 0.00000000099999999997 0.00000000099999999997 0.00000000099999999997 
0.00077661217854854963 0.00718171377568097968 0.94546381445152227752 0.00000000099999999999 0.00000000099999999999 0.04657785759424837302 
0.99999999500000003039 0.00000000099999999974 0.00000000099999999974 0.00000000099999999974 0.00000000099999999974 0.00000000099999999974 
0.99999999500000014141 0.00000000099999999959 0.00000000099999999959 0.00000000099999999959 0.00000000099999999959 0.00000000099999999959 
0.00000000099999999995 0.00000000099999999995 0.99999999499999991937 0.00000000099999999995 0.00000000099999999995 0.00000000099999999995 
0.00000000099999999989 0.00000000099999999989 0.00000000099999999989 0.99999999500000003039 0.00000000099999999989 0.00000000099999999989 
0.99999999500000003039 0.00000000099999999972 0.00000000099999999972 0.00000000099999999972 0.00000000099999999972 0.00000000099999999972 
0.00000000099999999989 0.00000000099999999989 0.99999999500000003039 0.00000000099999999989 0.00000000099999999989 0.00000000099999999989 
0.99999999500000003039 0.00000000099999999969 0.00000000099999999969 0.00000000099999999969 0.00000000099999999969 0.00000000099999999969 
0.00000000099999999995 0.00000000099999999995 0.99999999500000003039 0.00000000099999999995 0.00000000099999999995 0.00000000099999999995 
0.00000000099999999998 0.00000000099999999998 0.99545844387141724230 0.00454155212858271991 0.00000000099999999998 0.00000000099999999998 
0.00000000099999999992 0.00000000099999999992 0.99999999499999991937 0.00000000099999999992 0.00000000099999999992 0.00000000099999999992 
0.00016133652430461311 0.00000000099999999998 0.98004389987800821782 0.00000000099999999998 0.00000000099999999998 0.01979476059768714435 
0.00000000099999999999 0.00525376245132797536 0.96855288248240412052 0.00000000108293320272 0.00000000099999999999 0.02619335198333483383 
0.00102983361066127889 0.00715655561720454202 0.93762483180152034201 0.00000000099999999999 0.00000000099999999999 0.05418877697061376397 
0.99999999500000003039 0.00000000099999999979 0.00000000099999999979 0.00000000099999999979 0.00000000099999999979 0.00000000099999999979 
0.99999999500000003039 0.00000000099999999967 0.00000000099999999967 0.00000000099999999967 0.00000000099999999967 0.00000000099999999967 
0.00000000099999999999 0.00000000099999999999 0.99513524408517406439 0.00000030010750563120 0.00486445280732026707 0.00000000099999999999 
0.99999999500000014141 0.00000000099999999954 0.00000000099999999954 0.00000000099999999954 0.00000000099999999954 0.00000000099999999954 
0.00000000099999999978 0.00000000099999999978 0.00000000099999999978 0.00000000099999999978 0.00000000099999999978 0.99999999499999991937 
0.00000000099999999996 0.00000000099999999996 0.99839292898254605735 0.00000000099999999996 0.00000000099999999996 0.00160706701745398726 
0.00000000099999999992 0.00000000099999999992 0.99999999500000003039 0.00000000099999999992 0.00000000099999999992 0.00000000099999999992 
0.99999999500000014141 0.00000000099999999961 0.00000000099999999961 0.00000000099999999961 0.00000000099999999961 0.00000000099999999961 
0.99999999500000003039 0.00000000099999999964 0.00000000099999999964 0.00000000099999999964 0.00000000099999999964 0.00000000099999999964 
0.99999999500000003039 0.00000000099999999958 0.00000000099999999958 0.00000000099999999958 0.00000000099999999958 0.00000000099999999958 
0.00000000099999999999 0.30217674712239039891 0.01398885072171996216 0.00567379462014500589 0.67816060553574453174 0.00000000099999999999 
0.00000000099999999992 0.00000000099999999992 0.99999999500000003039 0.00000000099999999992 0.00000000099999999992 0.00000000099999999992 
0.00618773238663971464 0.00000000099999999998 0.99381226361336039155 0.00000000099999999998 0.00000000099999999998 0.00000000099999999998 
0.99999999500000014141 0.00000000099999999981 0.00000000099999999981 0.00000000099999999981 0.00000000099999999981 0.00000000099999999981 
0.00000000099999999984 0.00000000099999999984 0.99999999499999991937 0.00000000099999999984 0.00000000099999999984 0.00000000099999999984 
0.99999999500000003039 0.00000000099999999964 0.00000000099999999964 0.00000000099999999964 0.00000000099999999964 0.00000000099999999964 
0.00000000099999999996 0.99999999500000014141 0.00000000099999999996 0.00000000099999999996 0.00000000099999999996 0.00000000099999999996 
0.00000000099999999969 0.00000000099999999969 0.00000000099999999969 0.00000000099999999969 0.00000000099999999969 0.99999999499999991937 
0.99999999500000003039 0.00000000099999999965 0.00000000099999999965 0.00000000099999999965 0.00000000099999999965 0.00000000099999999965 
0.00000000099999999995 0.00000000099999999995 0.99999999499999991937 0.00000000099999999995 0.00000000099999999995 0.00000000099999999995 
0.00000000099999999997 0.00000000099999999997 0.99999999500000003039 0.00000000099999999997 0.00000000099999999997 0.00000000099999999997 
0.00000000099999999997 0.00000000099999999997 0.99855078680484343767 0.00000000099999999997 0.00000000099999999997 0.00144920919515664033 
0.11312298149312907669 0.00346272059692499584 0.82308926231496737369 0.03887017502036424488 0.00000000100000000000 0.02145485957461434889 
0.99999999500000003039 0.00000000099999999969 0.00000000099999999969 0.00000000099999999969 0.00000000099999999969 0.00000000099999999969 
0.98187599026125071955 0.00000000099999999989 0.00000000099999999989 0.00000000099999999989 0.00000000099999999989 0.01812400573874932419 
0.00000000099999999981 0.00000000099999999981 0.00000000099999999981 0.00000000099999999981 0.00000000099999999981 0.99999999500000003039 
0.00000000099999999965 0.00000000099999999965 0.00000000099999999965 0.00000000099999999965 0.00000000099999999965 0.99999999499999991937 
0.10672452502263368723 0.00000000100000000000 0.83669128748206567092 0.03410305852250615499 0.00000000100000000000 0.02248112697279436994 
0.99999999500000003039 0.00000000099999999982 0.00000000099999999982 0.00000000099999999982 0.00000000099999999982 0.00000000099999999982 
0.00000000100000000000 0.01247472893482188573 0.94096915386950852334 0.00247651775474464321 0.00430907008284323306 0.03977052835808159159 
0.99999999500000003039 0.00000000099999999955 0.00000000099999999955 0.00000000099999999955 0.00000000099999999955 0.00000000099999999955 
0.99999999500000014141 0.00000000099999999977 0.00000000099999999977 0.00000000099999999977 0.00000000099999999977 0.00000000099999999977 
0.99999999500000014141 0.00000000099999999973 0.00000000099999999973 0.00000000099999999973 0.00000000099999999973 0.00000000099999999973 
0.00000000099999999994 0.99999999500000014141 0.00000000099999999994 0.00000000099999999994 0.00000000099999999994 0.00000000099999999994 
0.00000000099999999987 0.00000000099999999987 0.00000000099999999987 0.99999999499999991937 0.00000000099999999987 0.00000000099999999987 
0.00000000099999999980 0.00000000099999999980 0.99999999499999991937 0.00000000099999999980 0.00000000099999999980 0.00000000099999999980 
0.00000000099999999984 0.00000000099999999984 0.99999999499999991937 0.00000000099999999984 0.00000000099999999984 0.00000000099999999984 
0.00000000099999999985 0.00000000099999999985 0.00000000099999999985 0.99999999499999991937 0.00000000099999999985 0.00000000099999999985 
0.00000000099999999986 0.00000000099999999986 0.99999999500000003039 0.00000000099999999986 0.00000000099999999986 0.00000000099999999986 
0.00000000099999999993 0.00000000099999999993 0.99999999499999991937 0.00000000099999999993 0.00000000099999999993 0.00000000099999999993 
0.99999999500000003039 0.00000000099999999974 0.00000000099999999974 0.00000000099999999974 0.00000000099999999974 0.00000000099999999974 
0.99999999500000014141 0.00000000099999999971 0.00000000099999999971 0.00000000099999999971 0.00000000099999999971 0.00000000099999999971 
0.00000000099999999974 0.00000000099999999974 0.00000000099999999974 0.00000000099999999974 0.00000000099999999974 0.99999999499999991937 
0.00000000099999999996 0.00286862140501171299 0.94632375809165680813 0.00000000099999999996 0.00000000099999999996 0.05080761750333161880 
0.00000000099999999985 0.00000000099999999985 0.99999999500000003039 0.00000000099999999985 0.00000000099999999985 0.00000000099999999985 
0.00000000099999999999 0.21928880831917541006 0.77254532838195966171 0.00270600564498378647 0.00000000099999999999 0.00545985565388106518 
0.03366620160051717048 0.95787702294332910391 0.00000000099999999996 0.00000000099999999996 0.00845677245615368035 0.00000000099999999996 
0.92490565619965858790 0.00000000099999999989 0.07509433980034162237 0.00000000099999999989 0.00000000099999999989 0.00000000099999999989 
0.99999999500000003039 0.00000000099999999988 0.00000000099999999988 0.00000000099999999988 0.00000000099999999988 0.00000000099999999988 
0.07792601075774172048 0.92207398524225825387 0.00000000099999999998 0.00000000099999999998 0.00000000099999999998 0.00000000099999999998 
0.13952260050822609672 0.00000000099999999998 0.86047739549177393314 0.00000000099999999998 0.00000000099999999998 0.00000000099999999998 
0.00000000100000000000 0.28891640554792280549 0.07258745986003775630 0.00684609721973673552 0.62333000579379604922 0.00832003057850680579 
0.00000000099999999985 0.00000000099999999985 0.99999999500000003039 0.00000000099999999985 0.00000000099999999985 0.00000000099999999985 
0.00000000099999999982 0.00000000099999999982 0.99999999500000003039 0.00000000099999999982 0.00000000099999999982 0.00000000099999999982 
0.04620766259927051867 0.00000000099999999994 0.95379233340072955283 0.00000000099999999994 0.00000000099999999994 0.00000000099999999994 
0.16986826401882354487 0.00000000099999999996 0.83013173198117640172 0.00000000099999999996 0.00000000099999999996 0.00000000099999999996 
0.00000000099999999998 0.00000000099999999998 0.87378933403449166040 0.00000000099999999998 0.00000000099999999998 0.12621066196550842498 
0.00000000099999999991 0.99999999500000003039 0.00000000099999999991 0.00000000099999999991 0.00000000099999999991 0.00000000099999999991 
0.00000000099999999997 0.00000000099999999997 0.99793950746562276599 0.00000000099999999997 0.00000000099999999997 0.00206048853437723438 
0.15816389119801435581 0.26076953570295219320 0.00521380169762396175 0.02762712464170736029 0.53961017997051474726 0.00861546678918734439 
0.13325036831365574819 0.00000000099999999998 0.86186244189011040895 0.00000000099999999998 0.00000000099999999998 0.00488718679623388087 
0.92374636747421656757 0.00000000099999999985 0.07625362852578353168 0.00000000099999999985 0.00000000099999999985 0.00000000099999999985 
0.34935024155995408890 0.01533742629876317862 0.63531208220865176273 0.00000024793263092715 0.00000000100000000000 0.00000000100000000000 
0.00105632253124906335 0.00000000328731485346 0.96610784198772403641 0.00000000099999999999 0.03283583019371198036 0.00000000099999999999 
0.00000000099999999998 0.00000000099999999998 0.99769050156917993277 0.00000000099999999998 0.00000000099999999998 0.00230949443081997653 
0.00000000099999999999 0.00467636385250708077 0.96480874838708108321 0.02470795722776718273 0.00580692853264460750 0.00000000099999999999 
0.00000000099999999982 0.00000000099999999982 0.99999999499999991937 0.00000000099999999982 0.00000000099999999982 0.00000000099999999982 
0.97185844302781576598 0.02814155297218437143 0.00000000099999999998 0.00000000099999999998 0.00000000099999999998 0.00000000099999999998 
0.00000000099999999997 0.99999999500000014141 0.00000000099999999997 0.00000000099999999997 0.00000000099999999997 0.00000000099999999997 
0.99999999500000014141 0.00000000099999999959 0.00000000099999999959 0.00000000099999999959 0.00000000099999999959 0.00000000099999999959 
0.00000000099999999994 0.00000000099999999994 0.88889227829704642314 0.00000000099999999994 0.00000000099999999994 0.11110771770295366223 
0.00000000099999999996 0.00000000099999999996 0.99999999500000003039 0.00000000099999999996 0.00000000099999999996 0.00000000099999999996 
0.01431815659184225258 0.00498030514300957985 0.94759955238760196217 0.00206767121461472669 0.00000000100000000000 0.03103431366293147101 
0.00000000099999999977 0.00000000099999999977 0.99999999500000003039 0.00000000099999999977 0.00000000099999999977 0.00000000099999999977 
0.00000000099999999998 0.00000000099999999998 0.99702086445322157804 0.00000000099999999998 0.00000000099999999998 0.00297913154677846266 
0.09790560112658483471 0.89403190698982604179 0.00000000099999999998 0.00000000099999999998 0.00000000099999999998 0.00806248888358920140 
0.00000000099999999999 0.01710154233997038253 0.81296796533358051118 0.00229318463512518094 0.00000000099999999999 0.16763730569132384574 
0.00000000099999999999 0.00673339973215804528 0.44494407456756862596 0.00000000099999999999 0.00000000099999999999 0.54832252270027326269 
0.15212335635768914344 0.00000000099999999994 0.84787663964231085867 0.00000000099999999994 0.00000000099999999994 0.00000000099999999994 
0.00000000100000000000 0.00000015039330784195 0.97607556453102028993 0.01733411005293009760 0.00410313071835733973 0.00248704330438429119 
0.00000000099999999998 0.10704939540365879247 0.88483928220233154516 0.00000000099999999998 0.00144273221319072436 0.00666858818081885081 
0.00000000099999999992 0.98920460383596153786 0.00000000099999999992 0.00000000099999999992 0.01079539216403836710 0.00000000099999999992 
0.00000000099999999991 0.00000000099999999991 0.11768866094961942526 0.00000000099999999991 0.00000000099999999991 0.88231133505038061848 
0.00000000099999999998 0.00000000099999999998 0.97048275412776552340 0.02795733725895019686 0.00000000099999999998 0.00155990561328419241 
0.00057641479529714219 0.00001034516953050417 0.94510504721514365656 0.00000000099999999999 0.00000000099999999999 0.05430819082002876635 
0.00000000099999999999 0.00253894697297426218 0.95934461502317314174 0.00000000099999999999 0.00000000099999999999 0.03811643500385254735 
0.12230520932873747975 0.00030939069676153420 0.84402667497218142323 0.00000000099999999999 0.00000000099999999999 0.03335872300231960269 
0.95607787572958136124 0.00000000099999999985 0.00000000099999999985 0.00000000099999999985 0.00000000099999999985 0.04392212027041877964 
0.00000000099999999960 0.00000000099999999960 0.00000000099999999960 0.00000000099999999960 0.00000000099999999960 0.99999999499999991937 
0.00000000099999999979 0.00000000099999999979 0.00000000099999999979 0.00000000099999999979 0.00000000099999999979 0.99999999499999991937 
0.00000000099999999979 0.00000000099999999979 0.00000000099999999979 0.00000000099999999979 0.00000000099999999979 0.99999999499999991937 
0.00000000099999999996 0.00000000099999999996 0.00966138933301382945 0.00000000099999999996 0.00000000099999999996 0.99033860666698614317 
0.00000000099999999978 0.00000000099999999978 0.00000000099999999978 0.00000000099999999978 0.00000000099999999978 0.99999999499999991937 
0.00000000099999999991 0.00000000099999999991 0.00000000099999999991 0.00000000099999999991 0.00000000099999999991 0.99999999499999991937 
0.00000000099999999970 0.00000000099999999970 0.00000000099999999970 0.00000000099999999970 0.00000000099999999970 0.99999999499999991937 
0.00000000099999999962 0.00000000099999999962 0.00000000099999999962 0.00000000099999999962 0.00000000099999999962 0.99999999500000003039 
0.00000000099999999992 0.00000000099999999992 0.00000000099999999992 0.00000000099999999992 0.00000000099999999992 0.99999999500000003039 
0.00000000099999999972 0.00000000099999999972 0.00000000099999999972 0.00000000099999999972 0.00000000099999999972 0.99999999500000003039 
0.00058967463903966005 0.00000000099999999996 0.00000000099999999996 0.00000000099999999996 0.00000000099999999996 0.99941032136096041860 
0.00000000099999999997 0.95066361809614730038 0.00000000099999999997 0.00000000099999999997 0.00000000099999999997 0.04933637790385284050 
0.00000000099999999967 0.00000000099999999967 0.00000000099999999967 0.00000000099999999967 0.00000000099999999967 0.99999999500000003039 
0.00000000099999999963 0.00000000099999999963 0.00000000099999999963 0.00000000099999999963 0.00000000099999999963 0.99999999499999991937 
0.00000000099999999977 0.00000000099999999977 0.00000000099999999977 0.00000000099999999977 0.00000000099999999977 0.99999999500000003039 
0.00000000099999999977 0.00000000099999999977 0.00000000099999999977 0.00000000099999999977 0.00000000099999999977 0.99999999499999991937 
0.00000000099999999971 0.00000000099999999971 0.00000000099999999971 0.00000000099999999971 0.00000000099999999971 0.99999999500000003039 
0.00000000099999999980 0.00000000099999999980 0.00000000099999999980 0.00000000099999999980 0.00000000099999999980 0.99999999499999991937 
0.00000000099999999962 0.00000000099999999962 0.00000000099999999962 0.00000000099999999962 0.00000000099999999962 0.99999999499999991937 
0.00000000099999999968 0.00000000099999999968 0.00000000099999999968 0.00000000099999999968 0.00000000099999999968 0.99999999500000003039 
0.00000000099999999970 0.00000000099999999970 0.00000000099999999970 0.00000000099999999970 0.00000000099999999970 0.99999999499999991937 
0.00000000099999999988 0.00000000099999999988 0.00000000099999999988 0.01196436604878536869 0.98803562995121452239 0.00000000099999999988 
0.00000000099999999997 0.52713528386736141496 0.00000000099999999997 0.00000000099999999997 0.46595797762077484361 0.00690673551186377251 
0.00000000099999999987 0.00000000099999999987 0.00000000099999999987 0.02292087047095438604 0.97707912552904563341 0.00000000099999999987 
0.00000000099999999998 0.23666522519418636827 0.00000000099999999998 0.00000000099999999998 0.76333477080581357832 0.00000000099999999998 
0.00000000099999999997 0.50426481471469697393 0.00000000099999999997 0.00000000099999999997 0.48427972487360193554 0.01145545741170131242 
0.00000000099999999992 0.00000000099999999992 0.99999999500000003039 0.00000000099999999992 0.00000000099999999992 0.00000000099999999992 
0.00000000099999999991 0.21792164541697778279 0.00000000099999999991 0.00000000099999999991 0.78207835058302210829 0.00000000099999999991 
0.00000000099999999993 0.99999999500000003039 0.00000000099999999993 0.00000000099999999993 0.00000000099999999993 0.00000000099999999993 
0.00000000099999999989 0.99999999500000003039 0.00000000099999999989 0.00000000099999999989 0.00000000099999999989 0.00000000099999999989 
0.00000000099999999992 0.96999188073231512597 0.00000000099999999992 0.00000000099999999992 0.00000000099999999992 0.03000811526768497328 
0.00000000099999999988 0.00000000099999999988 0.00000000099999999988 0.01403052264575936625 0.98596947335424056647 0.00000000099999999988 
0.00000000099999999998 0.75460779643665798488 0.00403834063643728706 0.00488593327683598758 0.20243123515206262741 0.03403669349800620553 
0.00000000099999999990 0.00000000099999999990 0.99999999500000003039 0.00000000099999999990 0.00000000099999999990 0.00000000099999999990 
0.00000000099999999990 0.99999999500000003039 0.00000000099999999990 0.00000000099999999990 0.00000000099999999990 0.00000000099999999990 
0.00000000099999999995 0.42080081073168362771 0.00000000099999999995 0.00000000099999999995 0.57919918526831615235 0.00000000099999999995 
0.00000000099999999992 0.00000000099999999992 0.99999999500000003039 0.00000000099999999992 0.00000000099999999992 0.00000000099999999992 
0.00000000099999999997 0.00000000099999999997 0.99999999499999991937 0.00000000099999999997 0.00000000099999999997 0.00000000099999999997 
0.00000000099999999992 0.00000000099999999992 0.00000000099999999992 0.02286389840965458858 0.97713609759034525393 0.00000000099999999992 
0.00000000099999999996 0.28499262139466002841 0.00000000099999999996 0.00000000099999999996 0.71500737460533980716 0.00000000099999999996 
0.00000000099999999994 0.97839788882913503176 0.00000000099999999994 0.00000000099999999994 0.00000000099999999994 0.02160210717086502585 
0.00000000099999999989 0.00000000099999999989 0.99999999500000003039 0.00000000099999999989 0.00000000099999999989 0.00000000099999999989 
0.00000000099999999990 0.00000000099999999990 0.99999999499999991937 0.00000000099999999990 0.00000000099999999990 0.00000000099999999990 
0.00000000099999999995 0.48239435492246574011 0.00000000099999999995 0.00000000099999999995 0.50970053520981128958 0.00790510686772295627 
0.00000000099999999993 0.00000000099999999993 0.00000000099999999993 0.03977813985699843458 0.96022185614300148426 0.00000000099999999993 
0.00000000099999999998 0.72145472319086045854 0.00173601593071553420 0.00000000099999999998 0.24246984051019623840 0.03433941836822785448 
0.00000000099999999995 0.26908309558654108784 0.00000000099999999995 0.00000000099999999995 0.73091690041345869222 0.00000000099999999995 
0.00000000099999999994 0.97121700736991589675 0.00000000099999999994 0.00000000099999999994 0.00000000099999999994 0.02878298863008432046 
0.00000000099999999991 0.00000000099999999991 0.99999999499999991937 0.00000000099999999991 0.00000000099999999991 0.00000000099999999991 
0.00000000099999999991 0.00000000099999999991 0.99999999500000003039 0.00000000099999999991 0.00000000099999999991 0.00000000099999999991 
0.00000000099999999986 0.00000000099999999986 0.99999999500000003039 0.00000000099999999986 0.00000000099999999986 0.00000000099999999986 
0.00000000099999999991 0.00000000099999999991 0.00000000099999999991 0.03672269787555214327 0.96327729812444795598 0.00000000099999999991 
0.00000000099999999992 0.00000000099999999992 0.00000000099999999992 0.02779018220160372685 0.97220981379839621628 0.00000000099999999992 
0.00000000099999999990 0.00000000099999999990 0.00000000099999999990 0.01065592841552136585 0.98934406758447868135 0.00000000099999999990 
0.00000000099999999991 0.00000000099999999991 0.00000000099999999991 0.02871562679829670062 0.97128436920170335700 0.00000000099999999991 
0.00000000099999999996 0.27027968829477755364 0.00000000099999999996 0.00096605500765520780 0.72875425369756718919 0.00000000099999999996 
0.00000000099999999993 0.45194359646882742432 0.00000000099999999993 0.00000000099999999993 0.54805631691406986317 0.00000008361710251909 
0.00000000099999999997 0.96850397574999080863 0.00000000099999999997 0.00000000099999999997 0.00000018721260543767 0.03149583403740384424 
0.00000000099999999992 0.26099800293745395452 0.00000000099999999992 0.00000000099999999992 0.73900199306254599207 0.00000000099999999992 
0.00000000099999999989 0.00000000099999999989 0.99999999500000003039 0.00000000099999999989 0.00000000099999999989 0.00000000099999999989 
0.00000000099999999997 0.97863674996768290626 0.00000000099999999997 0.00000000099999999997 0.00000000099999999997 0.02136324603231735952 
0.00000000099999999996 0.00000000099999999996 0.99999999500000003039 0.00000000099999999996 0.00000000099999999996 0.00000000099999999996 
0.00000000099999999986 0.00000000099999999986 0.99999999499999991937 0.00000000099999999986 0.00000000099999999986 0.00000000099999999986 
0.00000000099999999990 0.00000000099999999990 0.99999999500000003039 0.00000000099999999990 0.00000000099999999990 0.00000000099999999990 
0.00000000099999999994 0.00000000099999999994 0.99999999500000003039 0.00000000099999999994 0.00000000099999999994 0.00000000099999999994 
0.00000000099999999989 0.00000000099999999989 0.99999999500000003039 0.00000000099999999989 0.00000000099999999989 0.00000000099999999989 
0.00000000099999999987 0.00000000099999999987 0.00000000099999999987 0.02001143671407100769 0.97998855928592887299 0.00000000099999999987 
0.00000000099999999988 0.00000000099999999988 0.00000000099999999988 0.02274839391057527360 0.97725160208942463136 0.00000000099999999988 
0.00000000099999999991 0.00000000099999999991 0.00000000099999999991 0.02455555616576200403 0.97544443983423789746 0.00000000099999999991 
0.00000000099999999996 0.47891927702462866456 0.00000000099999999996 0.00000000099999999996 0.51476099142425879585 0.00631972855111248306 
0.00000000099999999995 0.20932678398030055145 0.00000000099999999995 0.00000000099999999995 0.79067321201969931188 0.00000000099999999995 
0.00000000099999999992 0.00000000099999999992 0.99999999500000003039 0.00000000099999999992 0.00000000099999999992 0.00000000099999999992 
0.00000000099999999993 0.00000000099999999993 0.99999999499999991937 0.00000000099999999993 0.00000000099999999993 0.00000000099999999993 
0.00000000099999999990 0.00000000099999999990 0.00000000099999999990 0.02746811648100420944 0.97253187951899566777 0.00000000099999999990 
0.00000000099999999994 0.00000000099999999994 0.00000000099999999994 0.02546666771724371767 0.97453332828275618382 0.00000000099999999994 
0.00000000099999999998 0.70874127941095765859 0.01738589384480524261 0.00000000099999999998 0.24005918935599601660 0.03381363538824116305 
0.00000000099999999998 0.41445932645081151602 0.00000000099999999998 0.00000000099999999998 0.58160977048033657422 0.00393090006885181073 
0.00000000099999999995 0.25057267437705749158 0.00000000099999999995 0.00000000099999999995 0.74942732162294234399 0.00000000099999999995 
0.00000000099999999993 0.00000000099999999993 0.99999999499999991937 0.00000000099999999993 0.00000000099999999993 0.00000000099999999993 
0.00000000099999999993 0.00000000099999999993 0.99999999499999991937 0.00000000099999999993 0.00000000099999999993 0.00000000099999999993 
0.00000000099999999999 0.00326010731486543748 0.99650581615462918705 0.00000000099999999999 0.00023024517305644435 0.00000382935744892936 
0.00000000099999999999 0.30822199089253576876 0.01310509049144182453 0.00344318566746475412 0.65230776743189422540 0.02292196451666349624 
0.09547905102354753426 0.00685404638350230536 0.83078172353941581729 0.03312672317445525955 0.00000000100000000000 0.03375845487907918469 
0.00000000099999999999 0.32188061930779499065 0.00000000099999999999 0.01308263718978597626 0.63538910596374642559 0.02964763553867245591 
0.00000000099999999996 0.98597256961349366566 0.00000000099999999996 0.00000000099999999996 0.00000000099999999996 0.01402742638650650471 
0.00000000099999999998 0.98144513945353450968 0.00000000099999999998 0.00000000099999999998 0.00000000099999999998 0.01855485654646561039 
0.00000000099999999992 0.00000000099999999992 0.99999999499999991937 0.00000000099999999992 0.00000000099999999992 0.00000000099999999992 
0.00546981529070695357 0.30435043835704361781 0.00696783079166407148 0.00000363264161784834 0.66241029311216037545 0.02079798980680709966 
0.00000000099999999999 0.50278940730206778120 0.00000000099999999999 0.00000000099999999999 0.45970607026679177753 0.03750451943114056080 
0.00000000099999999996 0.48041377802949103426 0.00000000099999999996 0.00000000099999999996 0.48354546754174160261 0.03604075142876720511 
0.00284315192550645742 0.49001432156959739972 0.00000000099999999999 0.00000000099999999999 0.47709236209836625164 0.03005016240652984977 
0.00000000099999999997 0.46775276133488369323 0.00000000099999999997 0.00000000099999999997 0.50526655541659015736 0.02698068024852609548 
0.00000000099999999998 0.49409506583431234139 0.00272153319223204966 0.00000000099999999998 0.47482057441856462265 0.02836282455489074275 
0.00000000099999999998 0.46325436428950428347 0.00000000099999999998 0.00039164116375130768 0.51054561693573285996 0.02580837561101158306 
0.09044992849863586759 0.01542563961341700610 0.86762119366765000361 0.00073168796998200538 0.00000000100000000000 0.02577154925031513444 
0.00000000099999999991 0.00000000099999999991 0.99999999500000003039 0.00000000099999999991 0.00000000099999999991 0.00000000099999999991 
0.00000000099999999999 0.00450736322760808290 0.95423599389409963223 0.00000000099999999999 0.00000000099999999999 0.04125663987829233242 
0.00000000099999999998 0.01025889609401786119 0.98974109990598224673 0.00000000099999999998 0.00000000099999999998 0.00000000099999999998 
0.99999999500000014141 0.00000000099999999992 0.00000000099999999992 0.00000000099999999992 0.00000000099999999992 0.00000000099999999992 
0.00000000099999999987 0.00000000099999999987 0.99999999500000003039 0.00000000099999999987 0.00000000099999999987 0.00000000099999999987 
0.03734365600094168014 0.26798141884036730254 0.00000000100000000000 0.00308590541966705404 0.68983837003533376997 0.00175064870369011057 
0.00000000099999999993 0.00000000099999999993 0.99999999499999991937 0.00000000099999999993 0.00000000099999999993 0.00000000099999999993 
0.00000000099999999999 0.09563927275640618508 0.90234598756003936426 0.00200292685384383801 0.00000000099999999999 0.00001181082971066080 
0.00000000099999999966 0.00000000099999999966 0.00000000099999999966 0.00000000099999999966 0.00000000099999999966 0.99999999499999991937 
0.00000000099999999997 0.01700125705708554341 0.98068393343353588154 0.00001129115825710218 0.00230351635112139219 0.00000000099999999997 
0.00000000099999999995 0.99315532507204085100 0.00000000099999999995 0.00000000099999999995 0.00004175385810150406 0.00680291806985756746 
0.00000000099999999988 0.00000000099999999988 0.03998420586537409366 0.00000000099999999988 0.00000000099999999988 0.96001579013462590151 
0.00000000099999999975 0.00000000099999999975 0.99999999500000003039 0.00000000099999999975 0.00000000099999999975 0.00000000099999999975 
0.00000000099999999998 0.99999622367113183419 0.00000000099999999998 0.00000000099999999998 0.00000000099999999998 0.00000377232886842055 
0.01758655887230085521 0.00000000099999999996 0.98241343712769912955 0.00000000099999999996 0.00000000099999999996 0.00000000099999999996 
0.99999999500000003039 0.00000000099999999984 0.00000000099999999984 0.00000000099999999984 0.00000000099999999984 0.00000000099999999984 
0.50234721283123295876 0.00013707153942766793 0.48660323925449827653 0.00400058071248346383 0.00691189466235749526 0.00000000099999999999 
0.00000000099999999973 0.00000000099999999973 0.00000000099999999973 0.00000000099999999973 0.00000000099999999973 0.99999999500000003039 
0.12052010140460565901 0.00000000100000000000 0.82472640067884750437 0.04169859904413793922 0.00000000100000000000 0.01305489687240894876 
0.00000000099999999998 0.02769525606338552742 0.93149004633314580470 0.00000000099999999998 0.00000000099999999998 0.04081469460346868333 
0.00000000099999999993 0.99999999500000003039 0.00000000099999999993 0.00000000099999999993 0.00000000099999999993 0.00000000099999999993 
0.99999999500000003039 0.00000000099999999966 0.00000000099999999966 0.00000000099999999966 0.00000000099999999966 0.00000000099999999966 
0.00000000099999999988 0.00000000099999999988 0.99999999499999991937 0.00000000099999999988 0.00000000099999999988 0.00000000099999999988 
0.00000000099999999996 0.00000000099999999996 0.99834776106564315779 0.00000000099999999996 0.00000000099999999996 0.00165223493435686947 
0.99999999500000003039 0.00000000099999999957 0.00000000099999999957 0.00000000099999999957 0.00000000099999999957 0.00000000099999999957 
0.00000000099999999990 0.00000000099999999990 0.01654783600235333954 0.00000000099999999990 0.00000000099999999990 0.98345215999764667991 
0.00000000099999999988 0.99997223324436612657 0.00000000099999999988 0.00000000099999999988 0.00002776275563391225 0.00000000099999999988 
0.00000000099999999994 0.00000000099999999994 0.99999999500000003039 0.00000000099999999994 0.00000000099999999994 0.00000000099999999994 
0.99999999500000014141 0.00000000099999999972 0.00000000099999999972 0.00000000099999999972 0.00000000099999999972 0.00000000099999999972 
0.00000000099999999989 0.00000000099999999989 0.99999999500000003039 0.00000000099999999989 0.00000000099999999989 0.00000000099999999989 
0.00507764448711220135 0.00451417590272317187 0.95585382791641426703 0.00000000100000000000 0.00117786403430707176 0.03337648665944330933 
0.00423769638954190481 0.00000000099999999996 0.99576229961045814587 0.00000000099999999996 0.00000000099999999996 0.00000000099999999996 
0.00209109565834262419 0.01019468515385054015 0.90799248710158542153 0.00365457489003625331 0.00445916148085865553 0.07160799571532641683 
0.00000000099999999996 0.00000000099999999996 0.99999999500000003039 0.00000000099999999996 0.00000000099999999996 0.00000000099999999996 
0.00000000099999999978 0.00000000099999999978 0.99999999499999991937 0.00000000099999999978 0.00000000099999999978 0.00000000099999999978 
0.00000000099999999993 0.99999999500000003039 0.00000000099999999993 0.00000000099999999993 0.00000000099999999993 0.00000000099999999993 
0.00000000099999999977 0.00000000099999999977 0.99999999499999991937 0.00000000099999999977 0.00000000099999999977 0.00000000099999999977 
0.99999999500000003039 0.00000000099999999958 0.00000000099999999958 0.00000000099999999958 0.00000000099999999958 0.00000000099999999958 
0.00000000099999999995 0.00000000099999999995 0.99999999499999991937 0.00000000099999999995 0.00000000099999999995 0.00000000099999999995 
0.00000000099999999991 0.00000000099999999991 0.99999999499999991937 0.00000000099999999991 0.00000000099999999991 0.00000000099999999991 
0.00475652974112882303 0.00000000099999999999 0.99106647657687674258 0.00417699068199455133 0.00000000099999999999 0.00000000099999999999 
0.00000000099999999995 0.00000000099999999995 0.96060378001303492468 0.00000000099999999995 0.00000000099999999995 0.03939621598696495947 
0.00000000099999999994 0.00000000099999999994 0.99999999500000003039 0.00000000099999999994 0.00000000099999999994 0.00000000099999999994 
0.99999999500000014141 0.00000000099999999976 0.00000000099999999976 0.00000000099999999976 0.00000000099999999976 0.00000000099999999976 
0.00278758298088453444 0.00000000099999999999 0.99248194681061496780 0.00299584080393719464 0.00173462740456314457 0.00000000099999999999 
0.00000000099999999995 0.00000000099999999995 0.99999999500000003039 0.00000000099999999995 0.00000000099999999995 0.00000000099999999995 
0.00000000099999999982 0.00000000099999999982 0.99999999500000003039 0.00000000099999999982 0.00000000099999999982 0.00000000099999999982 
0.00000000099999999981 0.00000000099999999981 0.99999999500000003039 0.00000000099999999981 0.00000000099999999981 0.00000000099999999981 
0.05255920508055621915 0.00000000099999999998 0.94373989669996105611 0.00370089521948271114 0.00000000099999999998 0.00000000099999999998 
0.00000000099999999984 0.00000000099999999984 0.99999999500000003039 0.00000000099999999984 0.00000000099999999984 0.00000000099999999984 
0.00000000099999999997 0.00000000099999999997 0.99316454146039978568 0.00000000099999999997 0.00000000099999999997 0.00683545453960029969 
0.20417051809135208784 0.00000000099999999996 0.79582947790864788651 0.00000000099999999996 0.00000000099999999996 0.00000000099999999996 
0.00000000099999999997 0.99801655131015098998 0.00000000099999999997 0.00000000099999999997 0.00001321796245561116 0.00197022772739352840 
0.00000000099999999994 0.28706675150494059823 0.00000000099999999994 0.00000000099999999994 0.71293324449505923734 0.00000000099999999994 
0.00000000099999999991 0.07589867827303820036 0.00000000099999999991 0.36112125304070175069 0.56298006568625991175 0.00000000099999999991 
0.00000000099999999995 0.28915090967439560643 0.00000000099999999995 0.00000000099999999995 0.71084908632560428465 0.00000000099999999995 
0.00000000099999999993 0.27072297109866816367 0.00000000099999999993 0.00000000099999999993 0.72927702490133161639 0.00000000099999999993 
0.00000000099999999997 0.33794858257112575517 0.00000000099999999997 0.03510277243343500747 0.62694864199543909322 0.00000000099999999997 
0.00000000099999999995 0.23120973419278717520 0.00000000099999999995 0.00000000099999999995 0.76879026180721288242 0.00000000099999999995 
0.99999999500000003039 0.00000000099999999974 0.00000000099999999974 0.00000000099999999974 0.00000000099999999974 0.00000000099999999974 
0.00000000099999999992 0.99999999500000014141 0.00000000099999999992 0.00000000099999999992 0.00000000099999999992 0.00000000099999999992 
0.00000000099999999993 0.25716670563907872982 0.00000000099999999993 0.00000000099999999993 0.74283329036092105024 0.00000000099999999993 
0.00000000099999999996 0.28791336554156649052 0.00000000099999999996 0.00464933481743822277 0.70743729664099519461 0.00000000099999999996 
0.00000000099999999987 0.08193716755991560519 0.00000000099999999987 0.00000000099999999987 0.91806282844008446631 0.00000000099999999987 
0.00000000099999999995 0.27536346718761922636 0.00000000099999999995 0.00611799378611155558 0.71851853602626924999 0.00000000099999999995 
0.00000000099999999970 0.00000000099999999970 0.00000000099999999970 0.99999999500000003039 0.00000000099999999970 0.00000000099999999970 
0.00000000099999999964 0.00000000099999999964 0.00000000099999999964 0.99999999500000003039 0.00000000099999999964 0.00000000099999999964 
0.00000000099999999997 0.31912493589158752449 0.00000000099999999997 0.02457032688250656779 0.65261575937340676745 0.00368897585249898692 
0.00000000099999999992 0.21686061701697348369 0.00000000099999999992 0.00000000099999999992 0.78313937898302654617 0.00000000099999999992 
0.00000000099999999996 0.25230049280514543764 0.00000000099999999996 0.00000000099999999996 0.74023889925310870641 0.00746060494174573870 
0.00000000099999999990 0.00000000099999999990 0.99999999500000003039 0.00000000099999999990 0.00000000099999999990 0.00000000099999999990 
0.00000000099999999998 0.27325445872757908594 0.00000000099999999998 0.00985102921335457259 0.71689450905906615397 0.00000000099999999998 
0.00000000099999999996 0.99999999500000014141 0.00000000099999999996 0.00000000099999999996 0.00000000099999999996 0.00000000099999999996 
0.00000000099999999995 0.26547709366281579957 0.00000000099999999995 0.00000000099999999995 0.73452221576886289611 0.00000068756832133420 
0.00000000099999999997 0.26372024245920033803 0.00000000099999999997 0.00063657285164574358 0.73564317760022601700 0.00000000508892785218 
0.00000000099999999992 0.23268618109294558760 0.00000000099999999992 0.00000000099999999992 0.76304874842854419903 0.00426506747851015857 
0.00000000099999999998 0.33335434551671655479 0.00000000099999999998 0.03385071149900386461 0.63078363668904491313 0.00201130429523444041 
0.00000000099999999994 0.23339894985500439506 0.00000000099999999994 0.00000000099999999994 0.76660104614499569031 0.00000000099999999994 
0.00000000099999999996 0.28265997454949431944 0.00000000099999999996 0.01317501284637458657 0.70416500960413097587 0.00000000099999999996 
0.00000000099999999994 0.26160695025293978500 0.00000000099999999994 0.00000000099999999994 0.73220351859397481142 0.00618952815308528373 
0.00000000099999999997 0.29069118523020021083 0.00000000099999999997 0.03355961578225312436 0.67219455381589632292 0.00355464317165020589 
0.00000000099999999991 0.99999999500000014141 0.00000000099999999991 0.00000000099999999991 0.00000000099999999991 0.00000000099999999991 
0.00000000099999999997 0.27538079908915946703 0.00000000099999999997 0.00000000099999999997 0.71992504615241403876 0.00469415175842643594 
