0.00000000099999999952 0.00000000099999999952 0.00000000099999999952 0.00000000099999999952 0.00000000099999999952 0.00000000099999999952 0.99999999199999989319 0.00000000099999999952 0.00000000099999999952 
0.00001342875521617119 0.00000000099999999996 0.00000000099999999996 0.00000000099999999996 0.11722073718743547532 0.00383100682331022520 0.00575080388660741040 0.00000000099999999996 0.87318401934743061776 
0.00000000684621556286 0.00000000099999999989 0.00000000099999999989 0.00000000099999999989 0.00000000099999999989 0.99999998615378449252 0.00000000099999999989 0.00000000099999999989 0.00000000099999999989 
0.00000000309685371295 0.00000000099999999993 0.00000000099999999993 0.00000000099999999993 0.00000000099999999993 0.99956024056544634515 0.00000005524394312139 0.00000000099999999993 0.00043969609375684663 
0.01833999155881405399 0.00033343460946629917 0.00000000099999999998 0.00000002701164595075 0.17864685443052777392 0.00000000099999999998 0.04776243862908824411 0.00000000099999999998 0.75491725076045768095 
0.02315952715747588916 0.00063595954012554820 0.00000802115173145508 0.00000000099999999999 0.16998729226079226096 0.00287358220429499147 0.04557140557544794163 0.00000000099999999999 0.75776421011013195272 
0.00000000099999999941 0.00000000099999999941 0.00000000099999999941 0.99999999200000011523 0.00000000099999999941 0.00000000099999999941 0.00000000099999999941 0.00000000099999999941 0.00000000099999999941 
0.00000000099999999920 0.99999999200000011523 0.00000000099999999920 0.00000000099999999920 0.00000000099999999920 0.00000000099999999920 0.00000000099999999920 0.00000000099999999920 0.00000000099999999920 
0.00127892129996598231 0.00000000099999999990 0.00000000099999999990 0.00000000099999999990 0.07921273321086716446 0.00000000099999999990 0.00000000099999999990 0.00000000099999999990 0.91950833948916677052 
0.00000000099999999941 0.00000000099999999941 0.00000000099999999941 0.99999999200000011523 0.00000000099999999941 0.00000000099999999941 0.00000000099999999941 0.00000000099999999941 0.00000000099999999941 
0.00000000099999999983 0.00000000099999999983 0.00000000099999999983 0.00000000099999999983 0.03343998810234481006 0.00000000099999999983 0.00000000099999999983 0.00000000099999999983 0.96656000489765503403 
0.00000000099999999933 0.99999999200000011523 0.00000000099999999933 0.00000000099999999933 0.00000000099999999933 0.00000000099999999933 0.00000000099999999933 0.00000000099999999933 0.00000000099999999933 
0.00924528619401631876 0.00000000099999999991 0.00000000099999999991 0.00000000099999999991 0.10596669555436659393 0.00000000099999999991 0.00000000099999999991 0.00000000099999999991 0.88478801225161707311 
0.00000002311629930152 0.00000000099999999994 0.00000000099999999994 0.00000000099999999994 0.02217290681218756984 0.00000000099999999994 0.00000000099999999994 0.00000000099999999994 0.97782706407151320782 
0.00789359858956603655 0.00000000099999999988 0.00000000099999999988 0.00000000099999999988 0.09935454169190374718 0.00000000099999999988 0.00000000099999999988 0.00000000099999999988 0.89275185371853016392 
0.00899055010835875419 0.00000000099999999999 0.00000000153666378521 0.00000000099999999999 0.17732415764395245694 0.00090672440187304106 0.02715136628438822100 0.00000207480214095678 0.78562512322262278985 
0.00664744364136354241 0.00000394242070550776 0.00000003141414184666 0.00001405817211678506 0.15804788101378261511 0.00219920854406128064 0.05723783748923352149 0.00000002088357076233 0.77584957642102414521 
0.00000000099999999957 0.99999999200000022626 0.00000000099999999957 0.00000000099999999957 0.00000000099999999957 0.00000000099999999957 0.00000000099999999957 0.00000000099999999957 0.00000000099999999957 
0.00000000099999999933 0.00000000099999999933 0.00000000099999999933 0.99999999200000011523 0.00000000099999999933 0.00000000099999999933 0.00000000099999999933 0.00000000099999999933 0.00000000099999999933 
0.00000000099999999905 0.99999999200000011523 0.00000000099999999905 0.00000000099999999905 0.00000000099999999905 0.00000000099999999905 0.00000000099999999905 0.00000000099999999905 0.00000000099999999905 
0.00000000099999999963 0.00000000099999999963 0.00000000099999999963 0.00000000099999999963 0.00000000099999999963 0.00000000099999999963 0.99999999199999989319 0.00000000099999999963 0.00000000099999999963 
0.00615897867539478682 0.00000000099999999992 0.00000000099999999992 0.00000000099999999992 0.13349453151652845850 0.00000000099999999992 0.00000072017195445406 0.00000000099999999992 0.86034576463612222330 
0.00496499900019361888 0.00000000099999999987 0.00000000099999999987 0.00000000099999999987 0.13601579769158045341 0.00000000099999999987 0.00000000099999999987 0.00000000099999999987 0.85901919730822584587 
0.00000000099999999926 0.00000000099999999926 0.00000000099999999926 0.99999999200000000421 0.00000000099999999926 0.00000000099999999926 0.00000000099999999926 0.00000000099999999926 0.00000000099999999926 
0.00000000099999999924 0.99999999200000011523 0.00000000099999999924 0.00000000099999999924 0.00000000099999999924 0.00000000099999999924 0.00000000099999999924 0.00000000099999999924 0.00000000099999999924 
0.00000000099999999915 0.99999999200000022626 0.00000000099999999915 0.00000000099999999915 0.00000000099999999915 0.00000000099999999915 0.00000000099999999915 0.00000000099999999915 0.00000000099999999915 
0.00654064916789330857 0.00000017765984462438 0.67290659866468316430 0.00000000099999999999 0.00857155544793358065 0.31061310451368923102 0.00000000250237787477 0.00106940642942296524 0.00029850461415531103 
0.00000000099999999985 0.00000000099999999985 0.00000000099999999985 0.00000000099999999985 0.02337178397741574570 0.00000000099999999985 0.00000000099999999985 0.00000000099999999985 0.97662820902258418165 
0.00000000099999999996 0.00000160203812346410 0.00000000099999999996 0.00000000353690385128 0.00857092085697785076 0.00000000099999999996 0.00000000099999999996 0.00000000099999999996 0.99142746856799479627 
0.00000000099999999962 0.00000000099999999962 0.00000000099999999962 0.99999999200000011523 0.00000000099999999962 0.00000000099999999962 0.00000000099999999962 0.00000000099999999962 0.00000000099999999962 
0.00000280696503013675 0.00000000099999999981 0.00000000099999999981 0.00000000099999999981 0.16544284329992642313 0.00000000099999999981 0.00000000099999999981 0.00000000099999999981 0.83455434373504344681 
0.00000000099999999926 0.99999999200000011523 0.00000000099999999926 0.00000000099999999926 0.00000000099999999926 0.00000000099999999926 0.00000000099999999926 0.00000000099999999926 0.00000000099999999926 
0.00000000099999999994 0.00000000099999999994 0.00000000099999999994 0.00000000099999999994 0.00000000099999999994 0.99999999200000011523 0.00000000099999999994 0.00000000099999999994 0.00000000099999999994 
0.00000000099999999949 0.00000000099999999949 0.00000000099999999949 0.00000000099999999949 0.00000000099999999949 0.00000000099999999949 0.99999999200000000421 0.00000000099999999949 0.00000000099999999949 
0.00000000099999999925 0.99999999200000022626 0.00000000099999999925 0.00000000099999999925 0.00000000099999999925 0.00000000099999999925 0.00000000099999999925 0.00000000099999999925 0.00000000099999999925 
0.00000439635838046606 0.00000000099999999992 0.00000000099999999992 0.00000000549531863569 0.10530643755188189015 0.00000000099999999992 0.00000000099999999992 0.00000000099999999992 0.89468915559441908325 
0.00861475901916869576 0.00000000099999999994 0.00000000099999999994 0.00000000099999999994 0.11030249351499110677 0.00000000099999999994 0.00000000099999999994 0.00000000099999999994 0.88108274146584009134 
0.01253736930117884014 0.00000000099999999992 0.00000000099999999992 0.00000000099999999992 0.07857155898509811387 0.00000000099999999992 0.00000016086505505951 0.00000000099999999992 0.90889090584866794043 
0.99999999200000011523 0.00000000099999999927 0.00000000099999999927 0.00000000099999999927 0.00000000099999999927 0.00000000099999999927 0.00000000099999999927 0.00000000099999999927 0.00000000099999999927 
0.00000000099999999938 0.00000000099999999938 0.00000000099999999938 0.99999999200000000421 0.00000000099999999938 0.00000000099999999938 0.00000000099999999938 0.00000000099999999938 0.00000000099999999938 
0.00000000099999999980 0.99999999200000022626 0.00000000099999999980 0.00000000099999999980 0.00000000099999999980 0.00000000099999999980 0.00000000099999999980 0.00000000099999999980 0.00000000099999999980 
0.00000000099999999971 0.00000000099999999971 0.00000000099999999971 0.00000000099999999971 0.00000000099999999971 0.00000000099999999971 0.99999999200000000421 0.00000000099999999971 0.00000000099999999971 
0.00000000099999999942 0.00000000099999999942 0.00000000099999999942 0.00000000099999999942 0.00000000099999999942 0.00000000099999999942 0.99999999199999989319 0.00000000099999999942 0.00000000099999999942 
0.99999999200000011523 0.00000000099999999923 0.00000000099999999923 0.00000000099999999923 0.00000000099999999923 0.00000000099999999923 0.00000000099999999923 0.00000000099999999923 0.00000000099999999923 
0.00000000099999999954 0.00000000099999999954 0.00000000099999999954 0.99999999200000011523 0.00000000099999999954 0.00000000099999999954 0.00000000099999999954 0.00000000099999999954 0.00000000099999999954 
0.00477461660285937763 0.00000000099999999999 0.00445804254474991678 0.00000000757593133643 0.17037082993934979380 0.00949479965977365233 0.03959681645757404805 0.00240230431886186884 0.76890258190089999513 
0.00000000099999999911 0.99999999200000022626 0.00000000099999999911 0.00000000099999999911 0.00000000099999999911 0.00000000099999999911 0.00000000099999999911 0.00000000099999999911 0.00000000099999999911 
0.00000000099999999942 0.00000000099999999942 0.00000000099999999942 0.99999999200000000421 0.00000000099999999942 0.00000000099999999942 0.00000000099999999942 0.00000000099999999942 0.00000000099999999942 
0.00000000099999999947 0.00000000099999999947 0.00000000099999999947 0.99999999200000000421 0.00000000099999999947 0.00000000099999999947 0.00000000099999999947 0.00000000099999999947 0.00000000099999999947 
0.00000000099999999990 0.00000000099999999990 0.00000000099999999990 0.00000000099999999990 0.00000000099999999990 0.99999999200000000421 0.00000000099999999990 0.00000000099999999990 0.00000000099999999990 
0.00000000099999999968 0.00000000099999999968 0.00000000099999999968 0.00000000099999999968 0.00000000099999999968 0.00000000099999999968 0.00000000099999999968 0.00000000099999999968 0.99999999199999989319 
0.00000000099999999974 0.00000000099999999974 0.00000000099999999974 0.00000000099999999974 0.00000000099999999974 0.00000000099999999974 0.00000000099999999974 0.00000000099999999974 0.99999999199999989319 
0.00000057685022546270 0.00000000099999999982 0.00000000099999999982 0.00000000099999999982 0.17318219926683392496 0.00000000099999999982 0.00000000099999999982 0.00000000099999999982 0.82681721788294071374 
0.01040713466260023701 0.00000000099999999989 0.00000000099999999989 0.00000000099999999989 0.11512858690675345508 0.00000000099999999989 0.00000000099999999989 0.00000000099999999989 0.87446427243064628332 
0.00000000099999999949 0.99999999200000022626 0.00000000099999999949 0.00000000099999999949 0.00000000099999999949 0.00000000099999999949 0.00000000099999999949 0.00000000099999999949 0.00000000099999999949 
0.00000000099999999938 0.99999999200000022626 0.00000000099999999938 0.00000000099999999938 0.00000000099999999938 0.00000000099999999938 0.00000000099999999938 0.00000000099999999938 0.00000000099999999938 
0.00000000099999999959 0.00000000099999999959 0.00000000099999999959 0.00000000099999999959 0.00000000099999999959 0.00000000099999999959 0.99999999199999989319 0.00000000099999999959 0.00000000099999999959 
0.02703400854227275621 0.00000000099999999993 0.00000000099999999993 0.00000000099999999993 0.16963495302091244343 0.00000188829431324111 0.04781234010711805926 0.00000000099999999993 0.75551680603538351466 
0.00000000790533031031 0.00000000099999999980 0.00000000099999999980 0.00000000099999999980 0.11634470418730177843 0.00000000099999999980 0.00000000099999999980 0.00000000099999999980 0.88365528190736786218 
0.00000000099999999997 0.00000000099999999997 0.00000746431034724883 0.00000000099999999997 0.14440930240021976338 0.21828941249295144567 0.00675058604455822629 0.00184725822319460457 0.62869597352872874652 
0.00000000099999999990 0.03579047129706946356 0.00592655367479038523 0.00000000099999999990 0.00000000099999999990 0.95828296902814014135 0.00000000099999999990 0.00000000099999999990 0.00000000099999999990 
0.00000001760016936054 0.00000000099999999984 0.00000000099999999984 0.95253639210383345137 0.00001991780138344056 0.00000000099999999984 0.00000000099999999984 0.00000000099999999984 0.04744366749461387950 
0.00000000099999999979 0.19011310430175978881 0.00000000099999999979 0.80988688869824032590 0.00000000099999999979 0.00000000099999999979 0.00000000099999999979 0.00000000099999999979 0.00000000099999999979 
0.00000000099999999996 0.00000088222598239962 0.00000447502310772844 0.07989005481108063522 0.00000000099999999996 0.92010434944766006371 0.00000006015806517306 0.00000017533410401074 0.00000000099999999996 
0.01573224831814703031 0.12863717661703089057 0.00000000099999999996 0.00000000144549165127 0.15067578395564318328 0.00000000099999999996 0.00000000099999999996 0.00000000099999999996 0.70495478566368718898 
0.00066277762678086606 0.00049199266886843309 0.61905569145383487761 0.00000000099999999999 0.00665407294192931192 0.29874905445855826081 0.00823096720040528661 0.00142053751120472280 0.06473490513841832772 
0.00000000099999999980 0.00000000099999999980 0.00000000099999999980 0.00000000099999999980 0.17125663588209755206 0.00000000099999999980 0.00000000099999999980 0.00000000099999999980 0.82874335711790236836 
0.00000000099999999976 0.00000000099999999976 0.00000000099999999976 0.00000000099999999976 0.18506691337207703540 0.00000000099999999976 0.00000000099999999976 0.00000000099999999976 0.81493307962792294052 
0.00000000099999999991 0.02769006379947324889 0.00000000099999999991 0.01111963640419450297 0.00000000099999999991 0.00000000099999999991 0.00000000099999999991 0.00000000099999999991 0.96119029379633225130 
0.00776539811456794255 0.15958514897650841191 0.00000000099999999992 0.00000000099999999992 0.14326495641960199090 0.00000000099999999992 0.00000000099999999992 0.00000000099999999992 0.68938449148932157140 
0.00000000099999999981 0.00000000099999999981 0.00000000099999999981 0.00000000099999999981 0.00000000099999999981 0.99999999200000011523 0.00000000099999999981 0.00000000099999999981 0.00000000099999999981 
0.00000000099999999995 0.00000000099999999995 0.00000000099999999995 0.00000000099999999995 0.14478137845330829592 0.00000000099999999995 0.00004534212719068046 0.00000000099999999995 0.85517327341950100106 
0.00086510405011788760 0.00340732809926134030 0.52534296699298133060 0.15690405911085289481 0.00000000142794808818 0.27056843271987157662 0.00668335339127131781 0.03449515815257309104 0.00173359605512260549 
0.01016974866979551001 0.11707446725302117496 0.00000000099999999996 0.00000764116834798519 0.09624852273191311647 0.00000000099999999996 0.00237234643089587758 0.00000000099999999996 0.77412727074602627475 
0.01174991109818147167 0.00000000099999999982 0.00000000099999999982 0.95013228266080074214 0.03811653081228638662 0.00000000099999999982 0.00000000099999999982 0.00000000099999999982 0.00000127042873136679 
0.00003437786791113523 0.33149948283668628779 0.00000083035953276579 0.00059802781221057993 0.08862964509734042040 0.00950461851447234954 0.00000004666400804566 0.00000005799377907488 0.56973291285405935902 
0.02216318287102438112 0.00000000099999999998 0.02809737013374146580 0.00000000099999999998 0.08010692530780308407 0.00007071656556064304 0.00000001853627148635 0.00000000099999999998 0.86956178358559887975 
0.00010321303339718926 0.00000000099999999996 0.00000000099999999996 0.00000000099999999996 0.18249500768198997913 0.00000000099999999996 0.00000028996954419676 0.00000000099999999996 0.81740148431506853832 
0.00000000149801605720 0.00000000099999999979 0.00000000099999999979 0.00000000099999999979 0.18894743861698484744 0.00000000099999999979 0.00000000099999999979 0.00000000099999999979 0.81105255388499897240 
0.00000000099999999982 0.00000000099999999982 0.00000000099999999982 0.99999999200000011523 0.00000000099999999982 0.00000000099999999982 0.00000000099999999982 0.00000000099999999982 0.00000000099999999982 
0.00000000099999999994 0.00000000099999999994 0.00000008491240855169 0.00000000099999999994 0.00000000099999999994 0.99999932805973867911 0.00000058102785284272 0.00000000099999999994 0.00000000099999999994 
0.00000000099999999923 0.00000000099999999923 0.00000000099999999923 0.99999999200000011523 0.00000000099999999923 0.00000000099999999923 0.00000000099999999923 0.00000000099999999923 0.00000000099999999923 
0.00074637487948904101 0.00000000099999999991 0.00000000099999999991 0.00000000099999999991 0.10372085009826635671 0.00000000099999999991 0.11043541191685611602 0.00000000099999999991 0.78509735810538849865 
0.00000509757499249547 0.00000000099999999990 0.00000000099999999990 0.00000000099999999990 0.09290694124648755936 0.00000000099999999990 0.00000000099999999990 0.00000000099999999990 0.90708795517851992241 
0.03703247704030968035 0.01155373518585386429 0.00000000099999999999 0.00000000099999999999 0.14906221725647578191 0.00003926344558813905 0.03127727369219301251 0.00000058366588712222 0.77103444771369245014 
0.00000000099999999968 0.00000000099999999968 0.00000000099999999968 0.00000000099999999968 0.00000000099999999968 0.00000000099999999968 0.00000000099999999968 0.00000000099999999968 0.99999999200000000421 
0.00073184164623398386 0.00000000099999999994 0.00000000099999999994 0.00000000099999999994 0.10871284790789322028 0.00000000099999999994 0.00002640813619448595 0.00000000099999999994 0.89052889730967821347 
0.00000000099999999997 0.00001347928417899134 0.00000000099999999997 0.09878546201707119612 0.00000000099999999997 0.89380685071188503699 0.00739257635540179359 0.00000162763146301966 0.00000000099999999997 
0.01568768646995524763 0.13457757220962746070 0.00000000099999999991 0.00000065076166409678 0.09616125704358477466 0.00000000099999999991 0.00000000099999999991 0.00000000099999999991 0.75357282951516846303 
0.00000326975790503751 0.00000000099999999997 0.00136435387319751734 0.00000000099999999997 0.06626874721952596969 0.10028281526471358176 0.00817505968535266019 0.00000004931541105847 0.82390570288389408660 
0.00000000099999999983 0.00000000099999999983 0.00674792596159554375 0.00000000099999999983 0.00000000099999999983 0.99325206703840440703 0.00000000099999999983 0.00000000099999999983 0.00000000099999999983 
0.00000000099999999984 0.00000000099999999984 0.00000000099999999984 0.00000000099999999984 0.00000000099999999984 0.00000000099999999984 0.88002585415621281673 0.00000000099999999984 0.11997413884378729798 
0.01521205113078203525 0.00000000099999999996 0.00000000099999999996 0.00000000099999999996 0.12032161250765045779 0.00000000099999999996 0.00000607260301688494 0.02558591901303037056 0.83887434074552025276 
0.02260508108566925550 0.00000000099999999996 0.00000000099999999996 0.00000000531285267700 0.16281338505152753715 0.00000000099999999996 0.05207314369408150984 0.00000000099999999996 0.76250838085586913895 
0.02184310953172971526 0.00000000099999999997 0.00000000099999999997 0.00000000099999999997 0.17437665323550205487 0.00000036724607652325 0.03607008065409777336 0.00000000099999999997 0.76770978533259393028 
0.00000000099999999977 0.95642258928982770705 0.00000000099999999977 0.00000000099999999977 0.00000000099999999977 0.00000000099999999977 0.04357740371017242154 0.00000000099999999977 0.00000000099999999977 
0.00000000099999999938 0.00000000099999999938 0.00000000099999999938 0.00000000099999999938 0.00000000099999999938 0.00000000099999999938 0.99999999199999989319 0.00000000099999999938 0.00000000099999999938 
0.00000000099999999964 0.00000000099999999964 0.00000000099999999964 0.00000000099999999964 0.00000000099999999964 0.00000000099999999964 0.99999999200000000421 0.00000000099999999964 0.00000000099999999964 
0.00000000099999999965 0.00000000099999999965 0.00000000099999999965 0.00000000099999999965 0.00000000099999999965 0.00000000099999999965 0.99999999200000000421 0.00000000099999999965 0.00000000099999999965 
0.00486337222011455454 0.00000000099999999989 0.00000000099999999989 0.00000000099999999989 0.00661377768912001056 0.00000000099999999989 0.98849067219908115511 0.00000000099999999989 0.00003217289168431063 
0.00000000099999999965 0.00000000099999999965 0.00000000099999999965 0.00000000099999999965 0.00000000099999999965 0.00000000099999999965 0.99999999200000000421 0.00000000099999999965 0.00000000099999999965 
0.00000000099999999984 0.00000000099999999984 0.00000000099999999984 0.00000000099999999984 0.00000000099999999984 0.00000000099999999984 0.99999999199999989319 0.00000000099999999984 0.00000000099999999984 
0.00000000099999999952 0.00000000099999999952 0.00000000099999999952 0.00000000099999999952 0.00000000099999999952 0.00000000099999999952 0.99999999200000000421 0.00000000099999999952 0.00000000099999999952 
0.00000000099999999938 0.00000000099999999938 0.00000000099999999938 0.00000000099999999938 0.00000000099999999938 0.00000000099999999938 0.99999999200000000421 0.00000000099999999938 0.00000000099999999938 
0.00000000099999999985 0.00000000099999999985 0.00000000099999999985 0.00000000099999999985 0.00000000099999999985 0.00000000099999999985 0.99999999200000000421 0.00000000099999999985 0.00000000099999999985 
0.00000000099999999956 0.00000000099999999956 0.00000000099999999956 0.00000000099999999956 0.00000000099999999956 0.00000000099999999956 0.99999999200000000421 0.00000000099999999956 0.00000000099999999956 
0.00000000099999999994 0.00262401257021133020 0.00000000099999999994 0.00000000099999999994 0.00000000099999999994 0.00000000099999999994 0.99737598042978869994 0.00000000099999999994 0.00000000099999999994 
0.00000000099999999995 0.00000000099999999995 0.00001264651281716411 0.00000000099999999995 0.00869860422373284863 0.93914609072031329795 0.05182566582984445003 0.00031698871329207816 0.00000000099999999995 
0.00000000099999999949 0.00000000099999999949 0.00000000099999999949 0.00000000099999999949 0.00000000099999999949 0.00000000099999999949 0.99999999199999989319 0.00000000099999999949 0.00000000099999999949 
0.00000000099999999942 0.00000000099999999942 0.00000000099999999942 0.00000000099999999942 0.00000000099999999942 0.00000000099999999942 0.99999999200000000421 0.00000000099999999942 0.00000000099999999942 
0.00000000099999999964 0.00000000099999999964 0.00000000099999999964 0.00000000099999999964 0.00000000099999999964 0.00000000099999999964 0.99999999199999989319 0.00000000099999999964 0.00000000099999999964 
0.00000000099999999963 0.00000000099999999963 0.00000000099999999963 0.00000000099999999963 0.00000000099999999963 0.00000000099999999963 0.99999999199999989319 0.00000000099999999963 0.00000000099999999963 
0.00000000099999999954 0.00000000099999999954 0.00000000099999999954 0.00000000099999999954 0.00000000099999999954 0.00000000099999999954 0.99999999200000000421 0.00000000099999999954 0.00000000099999999954 
0.00000000099999999967 0.00000000099999999967 0.00000000099999999967 0.00000000099999999967 0.00000000099999999967 0.00000000099999999967 0.99999999200000000421 0.00000000099999999967 0.00000000099999999967 
0.00000000099999999940 0.00000000099999999940 0.00000000099999999940 0.00000000099999999940 0.00000000099999999940 0.00000000099999999940 0.99999999199999989319 0.00000000099999999940 0.00000000099999999940 
0.00000000099999999948 0.00000000099999999948 0.00000000099999999948 0.00000000099999999948 0.00000000099999999948 0.00000000099999999948 0.99999999200000000421 0.00000000099999999948 0.00000000099999999948 
0.00000000099999999951 0.00000000099999999951 0.00000000099999999951 0.00000000099999999951 0.00000000099999999951 0.00000000099999999951 0.99999999199999989319 0.00000000099999999951 0.00000000099999999951 
0.00000000099999999978 0.00000000099999999978 0.99719576415211774734 0.00000000099999999978 0.00000000099999999978 0.00000000099999999978 0.00000000099999999978 0.00280422884788234699 0.00000000099999999978 
0.00000000099999999994 0.00000000099999999994 0.45865071818416963678 0.00000000099999999994 0.00000000099999999994 0.53502404032176464899 0.00607726774937843248 0.00000005020880744939 0.00024791953587980064 
0.00000000099999999974 0.00000000099999999974 0.98339126072079130481 0.00000000099999999974 0.00000000099999999974 0.00000000099999999974 0.00000000099999999974 0.01660873227920883419 0.00000000099999999974 
0.00111908646308193135 0.00000000099999999996 0.74686482166567480512 0.00000000099999999996 0.00000000099999999996 0.25201576859986707380 0.00000029513271861742 0.00000002413865775851 0.00000000099999999996 
0.00000183961363021922 0.00000000099999999996 0.00000000141139457433 0.00000000099999999996 0.99999378022616569606 0.00000019739096465555 0.00000279289717045679 0.00000000131364968727 0.00000138514702488992 
0.00000000099999999982 0.00000000099999999982 0.76055025521604502359 0.00000000099999999982 0.00000000099999999982 0.23944973778395498010 0.00000000099999999982 0.00000000099999999982 0.00000000099999999982 
0.00000000099999999985 0.00000000099999999985 0.00000025113889331579 0.00000000099999999985 0.00000000099999999985 0.99999974186110662799 0.00000000099999999985 0.00000000099999999985 0.00000000099999999985 
0.00000000099999999978 0.00000000099999999978 0.00000000099999999978 0.00000000099999999978 0.00000000099999999978 0.99999999200000000421 0.00000000099999999978 0.00000000099999999978 0.00000000099999999978 
0.00000000099999999987 0.00000000099999999987 0.00000001142504281601 0.00000000099999999987 0.00000000099999999987 0.96782240906401184599 0.03217757351094539114 0.00000000099999999987 0.00000000099999999987 
0.00000000099999999978 0.00000000099999999978 0.99168334126242685400 0.00000000099999999978 0.00000000099999999978 0.00000000099999999978 0.00000000099999999978 0.00831665173757314448 0.00000000099999999978 
0.00005138205686252340 0.00000000099999999996 0.19647340899466317343 0.00000000099999999996 0.00000000099999999996 0.75938931253277208722 0.03300186992280547404 0.00448438865462264056 0.00659963483827404138 
0.00122516479868034728 0.00000000099999999986 0.00000000099999999986 0.00000000099999999986 0.09325992929642701323 0.00000000099999999986 0.00000000099999999986 0.00000000099999999986 0.90551489990489253401 
0.00000000099999999983 0.00000000099999999983 0.00000000099999999983 0.00000000099999999983 0.00000000099999999983 0.99999999200000000421 0.00000000099999999983 0.00000000099999999983 0.00000000099999999983 
0.00000000099999999991 0.00000000099999999991 0.56068766570427519547 0.00000000099999999991 0.00000000099999999991 0.43931232729572489148 0.00000000099999999991 0.00000000099999999991 0.00000000099999999991 
0.00000000099999999985 0.00000000099999999985 0.98565089370511582700 0.00000000099999999985 0.00000000099999999985 0.00000000099999999985 0.00000000099999999985 0.01434909929488428944 0.00000000099999999985 
0.00000000099999999991 0.00000000099999999991 0.70078869783167208052 0.00000000099999999991 0.00000000099999999991 0.29914747276716108226 0.00000000099999999991 0.00006382340116693417 0.00000000099999999991 
0.00000000099999999989 0.00000000099999999989 0.00000000099999999989 0.00000000099999999989 0.00000000099999999989 0.97524610647146903197 0.02475388652853096130 0.00000000099999999989 0.00000000099999999989 
0.00347664365254375879 0.00000000099999999985 0.00000000099999999985 0.00000000099999999985 0.08709459254498995440 0.00000000099999999985 0.00000000099999999985 0.00000000099999999985 0.90942875780246623663 
0.00243191584719698031 0.00000000099999999986 0.00000000099999999986 0.00000000099999999986 0.07940985976566991567 0.00000000099999999986 0.00000000099999999986 0.00000000099999999986 0.91815821838713318481 
0.00000000099999999988 0.00000000099999999988 0.49008850582916074767 0.00000000099999999988 0.00000000099999999988 0.50161364123087093247 0.00829784693996825883 0.00000000099999999988 0.00000000099999999988 
0.00000000099999999986 0.00000000099999999986 0.96645346090365136238 0.00000000099999999986 0.00000000099999999986 0.00000000099999999986 0.00000000099999999986 0.03354653209634870376 0.00000000099999999986 
0.00359349979079323558 0.00000000099999999995 0.23383908955203161484 0.00000000099999999995 0.00000000099999999995 0.72781829250618423899 0.03296085050670193028 0.00000522473415037627 0.00178303991013857707 
0.00000000099999999990 0.00000000099999999990 0.71178550932071793511 0.00000000099999999990 0.00000000099999999990 0.28821448066246202480 0.00000000099999999990 0.00000000401682022657 0.00000000099999999990 
0.00000000099999999989 0.00000000099999999989 0.00000000099999999989 0.00000000099999999989 0.00000000099999999989 0.96905584530941535348 0.03094414769058472653 0.00000000099999999989 0.00000000099999999989 
0.00764229161755776258 0.00000000099999999986 0.00000000099999999986 0.00000000099999999986 0.09155800266954911004 0.00000000099999999986 0.00000000099999999986 0.00000000099999999986 0.90079969971289319819 
0.00134143042439862519 0.00000000099999999987 0.00000000099999999987 0.00000000099999999987 0.09942448484661332853 0.00000000099999999987 0.00000000099999999987 0.00000000099999999987 0.89923407872898819537 
0.00000203704826526947 0.00000000099999999985 0.00000000099999999985 0.00000000099999999985 0.99999795301065630415 0.00000000099999999985 0.00000000103877374767 0.00000000099999999985 0.00000000390230489315 
0.00000000099999999981 0.00000000099999999981 0.96928435730279793869 0.00000000099999999981 0.00000000099999999981 0.00000000099999999981 0.00000000099999999981 0.03071563569720220377 0.00000000099999999981 
0.00000000099999999986 0.00000000099999999986 0.97936576020021781641 0.00000000099999999986 0.00000000099999999986 0.00000000099999999986 0.00000000099999999986 0.02063423279978212829 0.00000000099999999986 
0.00000000099999999981 0.00000000099999999981 0.99743101177703208382 0.00000000099999999981 0.00000000099999999981 0.00000000099999999981 0.00000000099999999981 0.00256898122296802698 0.00000000099999999981 
0.00000000099999999982 0.00000000099999999982 0.97749385496426521858 0.00000000099999999982 0.00000000099999999982 0.00000000099999999982 0.00000000099999999982 0.02250613803573483021 0.00000000099999999982 
0.00000000099999999990 0.00000000099999999990 0.71535774268885887750 0.00000000099999999990 0.00000000099999999990 0.28329794710202782504 0.00000000099999999990 0.00134430420911314861 0.00000000099999999990 
0.00000000099999999986 0.00000000099999999986 0.52606125189015062737 0.00000000099999999986 0.00000000099999999986 0.47390997475774504499 0.00002876735210428996 0.00000000099999999986 0.00000000099999999986 
0.00000000099999999995 0.00000000099999999995 0.00599008981641018044 0.00000000099999999995 0.00000000099999999995 0.96114241960096691297 0.03286736937114757839 0.00000006175220153840 0.00000005545927387973 
0.00000000099999999984 0.00000000099999999984 0.72017360911305194904 0.00000000099999999984 0.00000000099999999984 0.27982638388694813791 0.00000000099999999984 0.00000000099999999984 0.00000000099999999984 
0.00964361258719169390 0.00000000099999999984 0.00000000099999999984 0.00000000099999999984 0.08520204728976166209 0.00000000099999999984 0.00000000099999999984 0.00000000099999999984 0.90515433412304657779 
0.00000000099999999995 0.00000000099999999995 0.00000010853876871251 0.00000000099999999995 0.00000000099999999995 0.97674269651577005913 0.02325716250212747638 0.00000000283149147808 0.00000002561184211336 
0.00000215735633267476 0.00000000099999999993 0.00000000099999999993 0.00000000099999999993 0.09439015717852250464 0.00000000099999999993 0.00000000099999999993 0.00000000099999999993 0.90560767946514486582 
0.01904453618623282163 0.00000000099999999981 0.00000000099999999981 0.00000000099999999981 0.07164391795785197969 0.00000000099999999981 0.00000000099999999981 0.00000000099999999981 0.90931153985591517408 
0.00023405830088384159 0.00000000099999999996 0.00000000141242549640 0.00000000099999999996 0.98875430228679150879 0.00000000121787952026 0.00000000126444926882 0.00000000143106812859 0.01101163208650210446 
0.00000000099999999980 0.00000000099999999980 0.00000000099999999980 0.00000000099999999980 0.99999999200000000421 0.00000000099999999980 0.00000000099999999980 0.00000000099999999980 0.00000000099999999980 
0.00000000099999999976 0.00000000099999999976 0.98858097623898366635 0.00000000099999999976 0.00000000099999999976 0.00000000099999999976 0.00000000099999999976 0.01141901676101645703 0.00000000099999999976 
0.00000000099999999978 0.00000000099999999978 0.98316086692812032499 0.00000000099999999978 0.00000000099999999978 0.00000000099999999978 0.00000000099999999978 0.01683912607187969951 0.00000000099999999978 
0.00000000099999999982 0.00000000099999999982 0.98331251487722204363 0.00000000099999999982 0.00000000099999999982 0.00000000099999999982 0.00000000099999999982 0.01668747812277794618 0.00000000099999999982 
0.00000000099999999991 0.00000000099999999991 0.49980990989709894734 0.00000000099999999991 0.00000000099999999991 0.49432390240006385262 0.00586618170283703579 0.00000000099999999991 0.00000000099999999991 
0.00000000099999999989 0.00000000099999999989 0.76983262784743400342 0.00000000099999999989 0.00000000099999999989 0.23006874217544071026 0.00000000099999999989 0.00009862397712525002 0.00000000099999999989 
0.01019099187438139882 0.00000000099999999987 0.00000000099999999987 0.00000000099999999987 0.09096338298218392682 0.00000000099999999987 0.00000000099999999987 0.00000000099999999987 0.89884561914343463762 
0.00002167851049639599 0.00000000099999999990 0.00000000099999999990 0.00000000099999999990 0.08629446759468542560 0.00000000099999999990 0.00000000099999999990 0.00000000099999999990 0.91368384789481826846 
0.00000000099999999982 0.00000000099999999982 0.97863458306766870631 0.00000000099999999982 0.00000000099999999982 0.00000000099999999982 0.00000000099999999982 0.02136540993233131472 0.00000000099999999982 
0.00000000099999999987 0.00000000099999999987 0.98501682927474110141 0.00000000099999999987 0.00000000099999999987 0.00000000099999999987 0.00000000099999999987 0.01498316372525886758 0.00000000099999999987 
0.00577895290426265040 0.00000000099999999995 0.23214260194539557136 0.00000000099999999995 0.00000000099999999995 0.71491835385126456526 0.03212809024545178194 0.00000022363138950750 0.01503177442223590024 
0.00000000099999999995 0.00000000099999999995 0.57062592806137990564 0.00000000099999999995 0.00000000099999999995 0.42591450837524491568 0.00344233736767926742 0.00001722119569601180 0.00000000099999999995 
0.00000000099999999990 0.00000000099999999990 0.73506678842610095881 0.00000000099999999990 0.00000000099999999990 0.26493320331600644923 0.00000000099999999990 0.00000000225789256712 0.00000000099999999990 
0.00078819641004045093 0.00000000099999999989 0.00000000099999999989 0.00000000099999999989 0.06727123156569415896 0.00000000099999999989 0.00000000099999999989 0.00000000099999999989 0.93194056602426544877 
0.00001563000208618533 0.00000000099999999989 0.00000000099999999989 0.00000000099999999989 0.07062984271622792243 0.00000000099999999989 0.00000000099999999989 0.00000000099999999989 0.92935452128168594133 
0.00000000099999999996 0.00000000099999999996 0.63622061344332403454 0.00000000099999999996 0.02480504602781295059 0.31685693490678162876 0.01880113924114974744 0.00331626238093165639 0.00000000099999999996 
0.99999999200000011523 0.00000000099999999959 0.00000000099999999959 0.00000000099999999959 0.00000000099999999959 0.00000000099999999959 0.00000000099999999959 0.00000000099999999959 0.00000000099999999959 
0.00544729039436110066 0.00000000099999999997 0.61411526198668908716 0.00000000099999999997 0.00063215830639744806 0.33931256282886906872 0.02794553484304285532 0.01254718864064040956 0.00000000099999999997 
0.00000015145990875388 0.00000000099999999994 0.00000000099999999994 0.00000000099999999994 0.00000207296591778495 0.98555031993733388518 0.01444745063683962674 0.00000000099999999994 0.00000000099999999994 
0.00090200917038382722 0.00000000099999999997 0.00000014121880045222 0.00000000099999999997 0.00544333565739804019 0.97672062846103480105 0.01693388149238296905 0.00000000099999999997 0.00000000099999999997 
0.01780832650860303748 0.00000000099999999988 0.00000000099999999988 0.00000000099999999988 0.24744770518173689333 0.00000000099999999988 0.00000000099999999988 0.00000000099999999988 0.73474396230966010357 
0.00000776838027580645 0.00861888361736653889 0.64822239456061991891 0.00000800273123414552 0.00186608861604517983 0.31702436579008080875 0.01899662111397485906 0.00008602571173301778 0.00516984947866967488 
0.00008014602282530377 0.00000000099999999996 0.43726408444942527209 0.00000000099999999996 0.01475043677334130464 0.51645026686609429856 0.03145506188831373451 0.00000000099999999996 0.00000000099999999996 
0.00000000099999999993 0.00000000099999999993 0.46184311532575245129 0.00000000099999999993 0.00000000116346773093 0.50190402455962845885 0.03625285373853249365 0.00000000121261898965 0.00000000099999999993 
0.00213480918832506831 0.00000300928439542580 0.45423477151679109154 0.00000000099999999996 0.01890218493234820454 0.50136076859128253513 0.02336445348685755458 0.00000000099999999996 0.00000000099999999996 
0.00000000099999999996 0.00000000099999999996 0.48441382289072321132 0.00000000099999999996 0.00000010369248288966 0.48840558553281598897 0.02718048288397795220 0.00000000099999999996 0.00000000099999999996 
0.00000000261398714688 0.00000000099999999993 0.45226665888038403152 0.00000000099999999993 0.02021954677775251660 0.50467940420093626575 0.02283438352694022733 0.00000000099999999993 0.00000000099999999993 
0.00000000099999999993 0.00000000099999999993 0.49349466428011290464 0.00000000099999999993 0.00859105243514436331 0.47412697426193622929 0.02269921915188682915 0.00108808587091955991 0.00000000099999999993 
0.01338408388819260775 0.08109365040283036952 0.00000008661111462483 0.00415473907419876016 0.13719266042931868577 0.01212987976062405472 0.02620469352479488576 0.00074250748747301909 0.72509769882145302944 
0.00000000099999999988 0.00000000099999999988 0.00000000099999999988 0.00000000099999999988 0.16874104666937872476 0.00000000099999999988 0.00000000099999999988 0.00000000099999999988 0.83125894633062114014 
0.01576059124649124843 0.00000000099999999997 0.00000000099999999997 0.00000000099999999997 0.14360343269159139834 0.00000706798324846524 0.04050584531816191214 0.00000000099999999997 0.80012305876050704434 
0.00031216981544003727 0.00000000099999999997 0.00000002345903780435 0.00000000099999999997 0.14981302925720657582 0.00878273075000808590 0.00000033962919337734 0.00000000099999999997 0.84109170408911404504 
0.00000000099999999976 0.00000000099999999976 0.00000000099999999976 0.00000000099999999976 0.00000000099999999976 0.00000000099999999976 0.00000000099999999976 0.00000000099999999976 0.99999999200000000421 
0.00000331332200273974 0.00065908963622071746 0.67647985649775965733 0.03746895877787156243 0.00000000099999999999 0.28295189917188329209 0.00099985076206049895 0.00143702983220145688 0.00000000099999999999 
0.01017623124710677340 0.00000000099999999989 0.00000000099999999989 0.00000000099999999989 0.05827763332615540359 0.00000000099999999989 0.00000000099999999989 0.00000000099999999989 0.93154612942673775677 
