0.00000000099999999964 0.00000000099999999964 0.00000000099999999964 0.00000000099999999964 0.99999999399999994765 0.00000000099999999964 0.00000000099999999964 
0.92880443974620419123 0.00194439065883919332 0.06757274497771535715 0.00000000099999999999 0.00013575816229860916 0.00154266445494253938 0.00000000099999999999 
0.88354081972807985146 0.00000000099999999998 0.10700967147459085338 0.00000000099999999998 0.00553862749027080482 0.00391087830705852488 0.00000000099999999998 
0.00000000099999999992 0.00000000099999999992 0.00000000099999999992 0.00000000099999999992 0.00000000099999999992 0.99999999400000005867 0.00000000099999999992 
0.00000132917184203722 0.00000000099999999995 0.00000000099999999995 0.00000000099999999995 0.00000000099999999995 0.99999866582815788441 0.00000000099999999995 
0.77811587148427119320 0.00000000099999999998 0.17312173523502366601 0.00000000099999999998 0.04781383600071440615 0.00000000099999999998 0.00094855427999087348 
0.86521872998470794602 0.00000000099999999996 0.13478126501529208436 0.00000000099999999996 0.00000000099999999996 0.00000000099999999996 0.00000000099999999996 
0.77783212479346042212 0.00000000099999999999 0.17194234921947834649 0.00000000099999999999 0.04593609911588406036 0.00423266516111757765 0.00005675971005980228 
0.00000000099999999970 0.00000000099999999970 0.00000000099999999970 0.00000000099999999970 0.00000000099999999970 0.00000000099999999970 0.99999999399999994765 
0.00000000099999999952 0.00000000099999999952 0.00000000099999999952 0.00000000099999999952 0.00000000099999999952 0.00000000099999999952 0.99999999400000005867 
0.92805308531225039204 0.00000000099999999992 0.07194690968774970774 0.00000000099999999992 0.00000000099999999992 0.00000000099999999992 0.00000000099999999992 
0.00000000099999999986 0.00000000099999999986 0.00000000099999999986 0.99999999399999994765 0.00000000099999999986 0.00000000099999999986 0.00000000099999999986 
0.00000000099999999968 0.00000000099999999968 0.00000000099999999968 0.00000000099999999968 0.00000000099999999968 0.00000000099999999968 0.99999999399999994765 
0.98484128563178119364 0.00000000099999999986 0.01515870936821892695 0.00000000099999999986 0.00000000099999999986 0.00000000099999999986 0.00000000099999999986 
0.00000000099999999963 0.00000000099999999963 0.00000000099999999963 0.00000000099999999963 0.00000000099999999963 0.00000000099999999963 0.99999999400000005867 
0.90309466103319513408 0.00000000099999999992 0.09690533396680493794 0.00000000099999999992 0.00000000099999999992 0.00000000099999999992 0.00000000099999999992 
0.99043553652352089856 0.00000000099999999996 0.00956445847647911275 0.00000000099999999996 0.00000000099999999996 0.00000000099999999996 0.00000000099999999996 
0.90401995323378481206 0.00000000099999999990 0.09598004176621532935 0.00000000099999999990 0.00000000099999999990 0.00000000099999999990 0.00000000099999999990 
0.68451086036528274725 0.00000000099999999998 0.29670008120559782094 0.00000000099999999998 0.01868705294368283587 0.00000000099999999998 0.00010200248543651598 
0.80223336757518270979 0.00000000099999999999 0.17051170286868372328 0.00000000099999999999 0.02605186400460328400 0.00120306255153043067 0.00000000099999999999 
0.79334657626422955268 0.00000000099999999999 0.15005601753657737962 0.00000000099999999999 0.05501885027231064734 0.00157499285243338115 0.00000356107444913863 
0.00000000099999999975 0.00000000099999999975 0.00000000099999999975 0.00000000099999999975 0.00000000099999999975 0.00000000099999999975 0.99999999400000005867 
0.00000000099999999962 0.00000000099999999962 0.00000000099999999962 0.00000000099999999962 0.00000000099999999962 0.00000000099999999962 0.99999999399999994765 
0.98806765720633726868 0.00000000630224407907 0.01193233249141878970 0.00000000099999999999 0.00000000099999999999 0.00000000099999999999 0.00000000099999999999 
0.00000000099999999946 0.00000000099999999946 0.00000000099999999946 0.00000000099999999946 0.00000000099999999946 0.00000000099999999946 0.99999999400000005867 
0.00000000099999999973 0.00000000099999999973 0.00000000099999999973 0.00000000099999999973 0.99999999399999994765 0.00000000099999999973 0.00000000099999999973 
0.87299117252588809279 0.00000000099999999994 0.12700882247411204862 0.00000000099999999994 0.00000000099999999994 0.00000000099999999994 0.00000000099999999994 
0.87613117038653454127 0.00000000099999999990 0.12386882461346553075 0.00000000099999999990 0.00000000099999999990 0.00000000099999999990 0.00000000099999999990 
0.00000000099999999954 0.00000000099999999954 0.00000000099999999954 0.00000000099999999954 0.00000000099999999954 0.00000000099999999954 0.99999999400000005867 
0.00000000099999999958 0.00000000099999999958 0.00000000099999999958 0.00000000099999999958 0.00000000099999999958 0.00000000099999999958 0.99999999400000005867 
0.00000000099999999950 0.00000000099999999950 0.00000000099999999950 0.00000000099999999950 0.00000000099999999950 0.00000000099999999950 0.99999999400000005867 
0.00890010524778197566 0.67842121669224519920 0.00507561576363312582 0.00553594861595894591 0.00000000099999999999 0.30206711168038075099 0.00000000099999999999 
0.98465713871483473429 0.00000000099999999988 0.01534285628516541926 0.00000000099999999988 0.00000000099999999988 0.00000000099999999988 0.00000000099999999988 
0.99982055660070634495 0.00000000099999999996 0.00017943839929364621 0.00000000099999999996 0.00000000099999999996 0.00000000099999999996 0.00000000099999999996 
0.00000000099999999978 0.00000000099999999978 0.00000000099999999978 0.00000000099999999978 0.00000000099999999978 0.00000000099999999978 0.99999999399999994765 
0.84543608196548103439 0.00000000099999999983 0.15456391303451902375 0.00000000099999999983 0.00000000099999999983 0.00000000099999999983 0.00000000099999999983 
0.00000000099999999957 0.00000000099999999957 0.00000000099999999957 0.00000000099999999957 0.00000000099999999957 0.00000000099999999957 0.99999999399999994765 
0.00000000099999999996 0.00000000099999999996 0.00000000099999999996 0.00000000099999999996 0.00000000099999999996 0.99999999399999994765 0.00000000099999999996 
0.00000000099999999963 0.00000000099999999963 0.00000000099999999963 0.00000000099999999963 0.99999999400000005867 0.00000000099999999963 0.00000000099999999963 
0.00000000099999999959 0.00000000099999999959 0.00000000099999999959 0.00000000099999999959 0.00000000099999999959 0.00000000099999999959 0.99999999400000005867 
0.90884952152583886598 0.00000000099999999992 0.09115047347416124768 0.00000000099999999992 0.00000000099999999992 0.00000000099999999992 0.00000000099999999992 
0.89446482454294928832 0.00000000099999999996 0.10553517045705067268 0.00000000099999999996 0.00000000099999999996 0.00000000099999999996 0.00000000099999999996 
0.92495613883868077476 0.00000000099999999994 0.07504385616131932502 0.00000000099999999994 0.00000000099999999994 0.00000000099999999994 0.00000000099999999994 
0.42071363360566288447 0.00000000420595557165 0.40222211006010610834 0.03426220376146760921 0.01918266573821515372 0.00444267223637600378 0.11917671039221658380 
0.00000000099999999964 0.00000000099999999964 0.00000000099999999964 0.00000000099999999964 0.00000000099999999964 0.00000000099999999964 0.99999999399999994765 
0.00000000099999999986 0.00000000099999999986 0.00000000099999999986 0.00000000099999999986 0.01812036805446720633 0.00000000099999999986 0.98187962694553287957 
0.00000000099999999978 0.00000000099999999978 0.00000000099999999978 0.00000000099999999978 0.99999999400000005867 0.00000000099999999978 0.00000000099999999978 
0.00000000099999999958 0.00000000099999999958 0.00000000099999999958 0.00000000099999999958 0.99999999399999994765 0.00000000099999999958 0.00000000099999999958 
0.43077071429051499996 0.00000000100000000000 0.40587775499673833801 0.02968297491643114364 0.02037813279197744562 0.00000000100000000000 0.11329042100433801832 
0.00000000099999999980 0.00000000099999999980 0.00000000099999999980 0.00000000099999999980 0.00000000099999999980 0.00000000099999999980 0.99999999400000005867 
0.78188881218448402777 0.00438353007435057871 0.16493144929335287752 0.00148987615146519998 0.03731029463170842247 0.00999603666463871020 0.00000000100000000000 
0.00000000099999999947 0.00000000099999999947 0.00000000099999999947 0.00000000099999999947 0.00000000099999999947 0.00000000099999999947 0.99999999400000005867 
0.00000000099999999974 0.00000000099999999974 0.00000000099999999974 0.00000000099999999974 0.00000000099999999974 0.00000000099999999974 0.99999999399999994765 
0.00000000099999999969 0.00000000099999999969 0.00000000099999999969 0.00000000099999999969 0.00000000099999999969 0.00000000099999999969 0.99999999399999994765 
0.00000000099999999993 0.00000000099999999993 0.00000000099999999993 0.00000000099999999993 0.00000000099999999993 0.99999999400000005867 0.00000000099999999993 
0.00000000099999999984 0.00000000099999999984 0.00000000099999999984 0.99999999400000005867 0.00000000099999999984 0.00000000099999999984 0.00000000099999999984 
0.99999999400000005867 0.00000000099999999975 0.00000000099999999975 0.00000000099999999975 0.00000000099999999975 0.00000000099999999975 0.00000000099999999975 
0.99999999400000005867 0.00000000099999999979 0.00000000099999999979 0.00000000099999999979 0.00000000099999999979 0.00000000099999999979 0.00000000099999999979 
0.00000000099999999981 0.00000000099999999981 0.00000000099999999981 0.99999999399999994765 0.00000000099999999981 0.00000000099999999981 0.00000000099999999981 
0.84100386120224435160 0.00000000099999999985 0.15899613379775567878 0.00000000099999999985 0.00000000099999999985 0.00000000099999999985 0.00000000099999999985 
0.89372378235280425240 0.00000000099999999990 0.10627621264719590288 0.00000000099999999990 0.00000000099999999990 0.00000000099999999990 0.00000000099999999990 
0.00000000099999999969 0.00000000099999999969 0.00000000099999999969 0.00000000099999999969 0.00000000099999999969 0.00000000099999999969 0.99999999400000005867 
0.00000000099999999965 0.00000000099999999965 0.00000000099999999965 0.00000000099999999965 0.00000000099999999965 0.00000000099999999965 0.99999999400000005867 
0.00000000099999999969 0.00000000099999999969 0.00000000099999999969 0.00000000099999999969 0.99999999399999994765 0.00000000099999999969 0.00000000099999999969 
0.77626082732889900573 0.00000000099999999995 0.17435758413736127115 0.00000000099999999995 0.04938158453373960727 0.00000000099999999995 0.00000000099999999995 
0.89685062032232476525 0.00000000099999999983 0.10314937467767533452 0.00000000099999999983 0.00000000099999999983 0.00000000099999999983 0.00000000099999999983 
0.64990973511781713334 0.00000000099999999998 0.12712075579781306756 0.00257086588061896390 0.00599212260029918699 0.21440651860345150137 0.00000000099999999998 
0.00000000099999999994 0.00867524266628246984 0.00000000099999999994 0.00000000099999999994 0.00000000099999999994 0.95748727141844847122 0.03383748191526896737 
0.07340978291021173219 0.00000000099999999989 0.00272172650814792418 0.00000000099999999989 0.00000000099999999989 0.00000000099999999989 0.92386848658164044679 
0.00000000099999999986 0.00000000099999999986 0.00000000099999999986 0.00000000099999999986 0.00000000099999999986 0.00000000099999999986 0.99999999399999994765 
0.00000000099999999996 0.00000000099999999996 0.00000000099999999996 0.00000000099999999996 0.00000000099999999996 0.92184444102751572636 0.07815555397248434566 
0.70912463100246159176 0.00000000099999999998 0.15435119145157483178 0.00000000099999999998 0.00000000099999999998 0.00000000099999999998 0.13652417354596355081 
0.07030244521398040791 0.62226028496791696565 0.00398673058115770872 0.00650746432494024325 0.00788450263398458862 0.28905857127801998230 0.00000000100000000000 
0.84109011377394971021 0.00000000099999999983 0.15890988122605032018 0.00000000099999999983 0.00000000099999999983 0.00000000099999999983 0.00000000099999999983 
0.82280049672784705272 0.00000000099999999980 0.17719949827215297766 0.00000000099999999980 0.00000000099999999980 0.00000000099999999980 0.00000000099999999980 
0.95914818142421442992 0.00000000099999999992 0.00000000099999999992 0.00000000099999999992 0.00000000099999999992 0.00000000099999999992 0.04085181357578573230 
0.69560559356841189516 0.00000000099999999994 0.13713992369283073414 0.00000000099999999994 0.00000000099999999994 0.00000000099999999994 0.16725447873875740057 
0.82584505169837374439 0.00000000099999999998 0.04965971995896779900 0.00000000099999999998 0.12449522434265850035 0.00000000099999999998 0.00000000099999999998 
0.00000000099999999988 0.00000000099999999988 0.00000000099999999988 0.00000000099999999988 0.00000000099999999988 0.99999999399999994765 0.00000000099999999988 
0.86828124748204005279 0.00000000099999999997 0.13171854818330383519 0.00000000099999999997 0.00000020033465627646 0.00000000099999999997 0.00000000099999999997 
0.00631037625428715766 0.53968086592752673170 0.00000000100000000000 0.02750598111263664186 0.00837527749183290988 0.26026392142544985120 0.15786357678826667961 
0.78228944949474132908 0.00000000099999999997 0.08420148984312350593 0.00000000099999999997 0.00349567571921102077 0.00000000099999999997 0.13001338194292419437 
0.02863978812291348083 0.00000000099999999985 0.04566545222649914110 0.00000000099999999985 0.00000000099999999985 0.00000000099999999985 0.92569475565058723099 
0.56652446037711712279 0.00000000100000000000 0.07583963210968752700 0.00000008941322037746 0.00000000100000000000 0.01308492878748274829 0.34455088731249217116 
0.89435284992356223199 0.02944770269216086603 0.07619937627863414276 0.00000000099999999999 0.00000000099999999999 0.00000006810564280136 0.00000000099999999999 
0.83642317244777297791 0.00000000099999999996 0.16357682255222713574 0.00000000099999999996 0.00000000099999999996 0.00000000099999999996 0.00000000099999999996 
0.90662153041908233320 0.00437687947525247385 0.06300779787181144675 0.02420494335720782195 0.00000000099999999999 0.00178884687664586134 0.00000000099999999999 
0.82264995284535979980 0.00000000099999999981 0.17735004215464031385 0.00000000099999999981 0.00000000099999999981 0.00000000099999999981 0.00000000099999999981 
0.00000009825292756788 0.00000000099999999997 0.00000000099999999997 0.00000000099999999997 0.00000000099999999997 0.02812970368338637422 0.97187019406368602148 
0.00000000099999999996 0.00000000099999999996 0.00000000099999999996 0.00000000099999999996 0.00000000099999999996 0.99999999399999994765 0.00000000099999999996 
0.00000000099999999952 0.00000000099999999952 0.00000000099999999952 0.00000000099999999952 0.00000000099999999952 0.00000000099999999952 0.99999999399999994765 
0.79836016043074642390 0.00000000099999999992 0.09177264614802053966 0.00000000099999999992 0.10986718942123309406 0.00000000099999999992 0.00000000099999999992 
0.92047621616475316930 0.00000000099999999992 0.07952377883524695823 0.00000000099999999992 0.00000000099999999992 0.00000000099999999992 0.00000000099999999992 
0.79839319096520766639 0.00000000099999999999 0.15498674127833483860 0.00077942435131483131 0.03187739435087542234 0.00000379477910859832 0.01395945327515865121 
0.99999999400000005867 0.00000000099999999972 0.00000000099999999972 0.00000000099999999972 0.00000000099999999972 0.00000000099999999972 0.00000000099999999972 
0.90048350499798945901 0.00000000099999999995 0.09951649000201057138 0.00000000099999999995 0.00000000099999999995 0.00000000099999999995 0.00000000099999999995 
0.00000000099999999998 0.00000000099999999998 0.00000000099999999998 0.00000000099999999998 0.00804800830297388615 0.89381278109252682018 0.09813920660449923505 
0.59551784094982063156 0.00000000099999999999 0.21925414779899715656 0.00105569789930990213 0.16763430531322032202 0.01653800603865214144 0.00000000099999999999 
0.43652994251816973348 0.00000001810095084595 0.01686078866505697632 0.00000000099999999999 0.54295005482812330744 0.00365919388769921083 0.00000000099999999999 
0.76097671467468896989 0.00000000099999999993 0.09168455495364725982 0.00000000099999999993 0.00000000099999999993 0.00000000099999999993 0.14733872637166381403 
0.85166235137902479568 0.00370982836511993307 0.12762277796750304271 0.01596021957223129131 0.00104350727444527613 0.00000131444167575924 0.00000000100000000000 
0.83174378277114524582 0.00055782203666041670 0.05911688914343477680 0.00000000099999999998 0.00743652614060048931 0.10114497790815911438 0.00000000099999999998 
0.00000000099999999989 0.01095827338907750213 0.00000000099999999989 0.00000000099999999989 0.00000000099999999989 0.98904172161092240856 0.00000000099999999989 
0.12013626757747927765 0.00000000099999999989 0.00000000099999999989 0.00000000099999999989 0.87986372742252072499 0.00000000099999999989 0.00000000099999999989 
0.85887265223174413808 0.00000000099999999998 0.11493561440377228489 0.02619102610466907816 0.00000070425981468270 0.00000000099999999998 0.00000000099999999998 
0.78572511788765952989 0.00000000099999999997 0.16161336584656779691 0.00000000099999999997 0.05266151226577273081 0.00000000099999999997 0.00000000099999999997 
0.78728226849848426117 0.00000000099999999998 0.17572101542783336026 0.00000000099999999998 0.03699671207368253334 0.00000000099999999998 0.00000000099999999998 
0.75217186321014728456 0.00000000099999999999 0.09864388621925265777 0.00000000099999999999 0.03120675083762167526 0.00000000099999999999 0.11797749673297835971 
0.00000000099999999982 0.00000000099999999982 0.00000000099999999982 0.00000000099999999982 0.04387210265719269919 0.00000000099999999982 0.95612789234280737283 
0.00000000099999999953 0.00000000099999999953 0.00000000099999999953 0.00000000099999999953 0.99999999400000005867 0.00000000099999999953 0.00000000099999999953 
0.00000000099999999975 0.00000000099999999975 0.00000000099999999975 0.00000000099999999975 0.99999999400000005867 0.00000000099999999975 0.00000000099999999975 
0.00000000099999999975 0.00000000099999999975 0.00000000099999999975 0.00000000099999999975 0.99999999400000005867 0.00000000099999999975 0.00000000099999999975 
0.00817526971213575551 0.00000000099999999996 0.00148443626159900093 0.00000000099999999996 0.99034029002626522420 0.00000000099999999996 0.00000000099999999996 
0.00000000099999999974 0.00000000099999999974 0.00000000099999999974 0.00000000099999999974 0.99999999399999994765 0.00000000099999999974 0.00000000099999999974 
0.00000000099999999990 0.00000000099999999990 0.00000000099999999990 0.00000000099999999990 0.99999999399999994765 0.00000000099999999990 0.00000000099999999990 
0.00000000099999999965 0.00000000099999999965 0.00000000099999999965 0.00000000099999999965 0.99999999399999994765 0.00000000099999999965 0.00000000099999999965 
0.00000000099999999955 0.00000000099999999955 0.00000000099999999955 0.00000000099999999955 0.99999999399999994765 0.00000000099999999955 0.00000000099999999955 
0.00000000099999999990 0.00000000099999999990 0.00000000099999999990 0.00000000099999999990 0.99999999399999994765 0.00000000099999999990 0.00000000099999999990 
0.00000000099999999967 0.00000000099999999967 0.00000000099999999967 0.00000000099999999967 0.99999999400000005867 0.00000000099999999967 0.00000000099999999967 
0.00000000099999999995 0.00000000099999999995 0.00000000099999999995 0.00000000099999999995 0.99923687001109917638 0.00000000099999999995 0.00076312498890092350 
0.00000000099999999997 0.00000000099999999997 0.00529119978147890319 0.00000000099999999997 0.04773377017394633826 0.94697502604457484132 0.00000000099999999997 
0.00000000099999999962 0.00000000099999999962 0.00000000099999999962 0.00000000099999999962 0.99999999400000005867 0.00000000099999999962 0.00000000099999999962 
0.00000000099999999957 0.00000000099999999957 0.00000000099999999957 0.00000000099999999957 0.99999999399999994765 0.00000000099999999957 0.00000000099999999957 
0.00000000099999999973 0.00000000099999999973 0.00000000099999999973 0.00000000099999999973 0.99999999400000005867 0.00000000099999999973 0.00000000099999999973 
0.00000000099999999973 0.00000000099999999973 0.00000000099999999973 0.00000000099999999973 0.99999999400000005867 0.00000000099999999973 0.00000000099999999973 
0.00000000099999999966 0.00000000099999999966 0.00000000099999999966 0.00000000099999999966 0.99999999399999994765 0.00000000099999999966 0.00000000099999999966 
0.00000000099999999976 0.00000000099999999976 0.00000000099999999976 0.00000000099999999976 0.99999999399999994765 0.00000000099999999976 0.00000000099999999976 
0.00000000099999999955 0.00000000099999999955 0.00000000099999999955 0.00000000099999999955 0.99999999400000005867 0.00000000099999999955 0.00000000099999999955 
0.00000000099999999962 0.00000000099999999962 0.00000000099999999962 0.00000000099999999962 0.99999999399999994765 0.00000000099999999962 0.00000000099999999962 
0.00000000099999999965 0.00000000099999999965 0.00000000099999999965 0.00000000099999999965 0.99999999399999994765 0.00000000099999999965 0.00000000099999999965 
0.00000000099999999985 0.98783737646325131543 0.00000000099999999985 0.01216261853674869935 0.00000000099999999985 0.00000000099999999985 0.00000000099999999985 
0.00018881493641316306 0.46599991452708589001 0.00000000099999999997 0.00000000099999999997 0.00683511924187368055 0.52697614829462702257 0.00000000099999999997 
0.00000000099999999982 0.97696946467661671676 0.00000000099999999982 0.02303053032338350792 0.00000000099999999982 0.00000000099999999982 0.00000000099999999982 
0.00000000099999999997 0.76339464101481258052 0.00000000099999999997 0.00000000099999999997 0.00000005877607147376 0.23660529620911607829 0.00000000099999999997 
0.00000000099999999996 0.48445574949601982739 0.00000000099999999996 0.00000000099999999996 0.01141950663716502848 0.50412473986681494154 0.00000000099999999996 
0.00000000099999999987 0.00000000099999999987 0.99999999400000005867 0.00000000099999999987 0.00000000099999999987 0.00000000099999999987 0.00000000099999999987 
0.00000000099999999989 0.78202094423383283761 0.00000000099999999989 0.00000000099999999989 0.00000000099999999989 0.21797905076616724829 0.00000000099999999989 
0.00000000099999999991 0.00000000099999999991 0.00000000099999999991 0.00000000099999999991 0.00000000099999999991 0.99999999400000005867 0.00000000099999999991 
0.00000000099999999986 0.00000000099999999986 0.00000000099999999986 0.00000000099999999986 0.00000000099999999986 0.99999999400000005867 0.00000000099999999986 
0.00000000099999999991 0.00000000099999999991 0.00000000099999999991 0.00000000099999999991 0.03004462263055390769 0.96995537236944617820 0.00000000099999999991 
0.00000000099999999985 0.98574733369578793063 0.00000000099999999985 0.01425266130421209108 0.00000000099999999985 0.00000000099999999985 0.00000000099999999985 
0.00736377632656945360 0.20266873127340412353 0.00000000099999999998 0.00428564743641924022 0.03294398625319193419 0.75273785671041526513 0.00000000099999999998 
0.92009858767492180842 0.00000000099999999988 0.07990140732507831911 0.00000000099999999988 0.00000000099999999988 0.00000000099999999988 0.00000000099999999988 
0.00000000099999999988 0.00000000099999999988 0.00000000099999999988 0.00000000099999999988 0.00000000099999999988 0.99999999399999994765 0.00000000099999999988 
0.00000000099999999994 0.57946880325843841408 0.00000000099999999994 0.00000000099999999994 0.00000000099999999994 0.42053119174156156079 0.00000000099999999994 
0.00000000099999999990 0.00000000099999999990 0.99999999400000005867 0.00000000099999999990 0.00000000099999999990 0.00000000099999999990 0.00000000099999999990 
0.00000000569469605711 0.00000000099999999993 0.99999998930530409336 0.00000000099999999993 0.00000000099999999993 0.00000000099999999993 0.00000000099999999993 
0.00000000099999999989 0.97702194274049525280 0.00000000099999999989 0.02297805225950469779 0.00000000099999999989 0.00000000099999999989 0.00000000099999999989 
0.00000000099999999994 0.71488916246111344766 0.00000000099999999994 0.00000010008307557052 0.00000000099999999994 0.28511073345581100513 0.00000000099999999994 
0.00000000099999999993 0.00000000099999999993 0.00000000099999999993 0.00000000099999999993 0.02169897281397233091 0.97830102218602754682 0.00000000099999999993 
0.92474322632856376103 0.00000000099999999986 0.07525676867143624160 0.00000000099999999986 0.00000000099999999986 0.00000000099999999986 0.00000000099999999986 
0.93305547590459814167 0.00000000099999999987 0.06694451909540187484 0.00000000099999999987 0.00000000099999999987 0.00000000099999999987 0.00000000099999999987 
0.00000000099999999993 0.50991020599596303953 0.00000000099999999993 0.00000000099999999993 0.00797050201099419250 0.48211928799304271109 0.00000000099999999993 
0.00000000099999999991 0.96007874331708542570 0.00000000099999999991 0.03992125168291456999 0.00000000099999999991 0.00000000099999999991 0.00000000099999999991 
0.00488619663361811955 0.24234203835067591459 0.00000000099999999998 0.00000000099999999998 0.03344597271598249988 0.71932578929972335047 0.00000000099999999998 
0.00000000099999999993 0.73090400063281391052 0.00000000099999999993 0.00000000099999999993 0.00000000099999999993 0.26909599436718611987 0.00000000099999999993 
0.00000000099999999993 0.00000000099999999993 0.00000000099999999993 0.00000000099999999993 0.02888223332795217257 0.97111776167204788557 0.00000000099999999993 
0.92199667037487964549 0.00000000099999999988 0.07800332462512049592 0.00000000099999999988 0.00000000099999999988 0.00000000099999999988 0.00000000099999999988 
0.91409245192779864375 0.00000000099999999989 0.08590754307220155317 0.00000000099999999989 0.00000000099999999989 0.00000000099999999989 0.00000000099999999989 
0.00000000099999999982 0.00000000099999999982 0.99999999399999994765 0.00000000099999999982 0.00000000099999999982 0.00000000099999999982 0.00000000099999999982 
0.00000000099999999987 0.96306968470056752984 0.00000000099999999987 0.03693031029943256299 0.00000000099999999987 0.00000000099999999987 0.00000000099999999987 
0.00000000099999999990 0.97208162674294162908 0.00000000099999999990 0.02791836825705851927 0.00000000099999999990 0.00000000099999999990 0.00000000099999999990 
0.00000000099999999987 0.98918119911896562613 0.00000000099999999987 0.01081879588103449620 0.00000000099999999987 0.00000000099999999987 0.00000000099999999987 
0.00000000099999999988 0.97111299692908736869 0.00000000099999999988 0.02888699807091263047 0.00000000099999999988 0.00000000099999999988 0.00000000099999999988 
0.00000000099999999994 0.72874808640545507554 0.00000000099999999994 0.00107479338004834771 0.00000000099999999994 0.27017711621449669313 0.00000000099999999994 
0.00000000099999999991 0.54827738768797507074 0.00000000099999999991 0.00000000099999999991 0.00000347182349579929 0.45171913648852918266 0.00000000099999999991 
0.00000000099999999997 0.00002449670613175037 0.00000000099999999997 0.00000000099999999997 0.03153238821108126505 0.96844311108278702260 0.00000000099999999997 
0.00000000099999999990 0.73905165785750970286 0.00000000099999999990 0.00000000099999999990 0.00000000099999999990 0.26094833714249027201 0.00000000099999999990 
0.92146539900000090650 0.00000000099999999986 0.07853459599999908225 0.00000000099999999986 0.00000000099999999986 0.00000000099999999986 0.00000000099999999986 
0.00000000099999999996 0.00000000099999999996 0.00000000099999999996 0.00000000099999999996 0.02143147666405929158 0.97856851833594060697 0.00000000099999999996 
0.91940169786348335812 0.00000000099999999993 0.08059829713651683880 0.00000000099999999993 0.00000000099999999993 0.00000000099999999993 0.00000000099999999993 
0.93190816838724843674 0.00000000099999999984 0.06809182661275166304 0.00000000099999999984 0.00000000099999999984 0.00000000099999999984 0.00000000099999999984 
0.01669762120087891349 0.00000000099999999987 0.98330237379912122098 0.00000000099999999987 0.00000000099999999987 0.00000000099999999987 0.00000000099999999987 
0.01250330851326731871 0.00000000099999999992 0.98749668648673272209 0.00000000099999999992 0.00000000099999999992 0.00000000099999999992 0.00000000099999999992 
0.00000000099999999983 0.00000000099999999983 0.99999999400000005867 0.00000000099999999983 0.00000000099999999983 0.00000000099999999983 0.00000000099999999983 
0.00000000099999999983 0.97979407949841301750 0.00000000099999999983 0.02020591550158709615 0.00000000099999999983 0.00000000099999999983 0.00000000099999999983 
0.00000000099999999984 0.97708730479401173508 0.00000000099999999984 0.02291269020598831266 0.00000000099999999984 0.00000000099999999984 0.00000000099999999984 
0.00000000099999999988 0.97526666631262948215 0.00000000099999999988 0.02473332868737057599 0.00000000099999999988 0.00000000099999999988 0.00000000099999999988 
0.00000000099999999995 0.51502818773617076165 0.00000000099999999995 0.00000000099999999995 0.00630809979729231047 0.47866370846653683024 0.00000000099999999995 
0.00000000099999999993 0.79061438833443986596 0.00000000099999999993 0.00000000334443697007 0.00000000099999999993 0.20938560432112318654 0.00000000099999999993 
0.91656630744975498004 0.00000000099999999989 0.08343368755024514749 0.00000000099999999989 0.00000000099999999989 0.00000000099999999989 0.00000000099999999989 
0.92277278706977283740 0.00000000099999999991 0.07722720793022737340 0.00000000099999999991 0.00000000099999999991 0.00000000099999999991 0.00000000099999999991 
0.00000000099999999987 0.97239069888749529724 0.00000000099999999987 0.02760929611250490662 0.00000000099999999987 0.00000000099999999987 0.00000000099999999987 
0.00000000099999999992 0.97437501330883136141 0.00000000099999999992 0.02562498169116880081 0.00000000099999999992 0.00000000099999999992 0.00000000099999999992 
0.01988551663520082835 0.23931988683608951263 0.00000000099999999997 0.00000000099999999997 0.03341519495835787446 0.70737939857035159186 0.00000000099999999997 
0.00000000099999999997 0.58167798082103860935 0.00000000099999999997 0.00000000099999999997 0.00393307028628945600 0.41438894489267191767 0.00000000099999999997 
0.00000000099999999993 0.74939658443608037075 0.00000000099999999993 0.00000000099999999993 0.00000000099999999993 0.25060341056391965964 0.00000000099999999993 
0.94308122848153430606 0.00000000099999999990 0.05691876651846580065 0.00000000099999999990 0.00000000099999999990 0.00000000099999999990 0.00000000099999999990 
0.94138685552648759813 0.00000000099999999991 0.05861313947351247389 0.00000000099999999991 0.00000000099999999991 0.00000000099999999991 0.00000000099999999991 
0.02897900387125019322 0.00000000099999999994 0.97102099112874995512 0.00000000099999999994 0.00000000099999999994 0.00000000099999999994 0.00000000099999999994 
0.00000000099999999998 0.65373197441659758322 0.02304840128128025911 0.00167326115054062803 0.01904710424285830511 0.30249925690872320194 0.00000000099999999998 
0.33746425783320499470 0.00000000182369516062 0.49175858723011783846 0.02908223435385814265 0.03163205351273922633 0.00718926830540843245 0.10287359694097600316 
0.00000000099999999997 0.63576938822740569623 0.00989412502173469578 0.01125945348179059960 0.02588987914671033591 0.31718715212235887302 0.00000000099999999997 
0.00000000099999999995 0.00000000099999999995 0.00456021532441707508 0.00000000099999999995 0.01254726205810435292 0.98289251861747861660 0.00000000099999999995 
0.00000000099999999997 0.00000000099999999997 0.00957294987144217610 0.00000000099999999997 0.01561821802028570162 0.97480882810827207408 0.00000000099999999997 
0.76936509543564823854 0.00000000099999999990 0.23063489956435181960 0.00000000099999999990 0.00000000099999999990 0.00000000099999999990 0.00000000099999999990 
0.00680844340357946408 0.66224084856151943512 0.00028982828537244020 0.00002844851278276158 0.02094076531160613680 0.30416388598496202356 0.00552777994017771349 
0.00000000099999999997 0.45934192965964332211 0.01184199797721650557 0.00000000099999999997 0.03211231350006588103 0.49670375586307430327 0.00000000099999999997 
0.00000000099999999995 0.48402144928563606285 0.00000005806503124752 0.00000000099999999995 0.03623691688180003673 0.47974157276753259804 0.00000000099999999995 
0.00000000099999999998 0.47557884114819903854 0.01706803748591092032 0.00000000099999999998 0.02447205104210417592 0.48288024087804920503 0.00000082744573674432 
0.00000000099999999997 0.50559230798840892884 0.00059175159441344496 0.00000000099999999997 0.02682635647059410100 0.46698958094658366003 0.00000000099999999997 
0.00000000099999999996 0.47286249348960318617 0.01738899875276873550 0.00000000099999999996 0.02297290809958418834 0.48677559665804381872 0.00000000099999999996 
0.00000000099999999997 0.51049966759127374250 0.00711340103636939631 0.00002049194285581383 0.02342246112435631203 0.45894397630514471853 0.00000000099999999997 
0.74167534669070300790 0.00000000100000000000 0.13148361811986294945 0.00000300135580842187 0.02571213297853278124 0.01372978335739289367 0.08739611649770002988 
0.84767613939728847505 0.00000000099999999989 0.15232385560271161085 0.00000000099999999989 0.00000000099999999989 0.00000000099999999989 0.00000000099999999989 
0.82037431786600689687 0.00000000099999999997 0.13921314670451209738 0.00000000099999999997 0.04041253142948094540 0.00000000099999999997 0.00000000099999999997 
0.84933945429865831400 0.00000000099999999998 0.14231191159112926981 0.00000000099999999998 0.00000000099999999998 0.00834863011021235585 0.00000000099999999998 
0.00000000099999999991 0.00000000099999999991 0.00000000099999999991 0.00000000099999999991 0.00000000099999999991 0.00000000099999999991 0.99999999399999994765 
0.99999999400000016969 0.00000000099999999981 0.00000000099999999981 0.00000000099999999981 0.00000000099999999981 0.00000000099999999981 0.00000000099999999981 
0.00000000099999999999 0.68973485783544963290 0.00000000099999999999 0.00321001566535724205 0.00173827132434384714 0.26795072509659700888 0.03736612807825244464 
0.95015040371594483570 0.00000000099999999991 0.04984959128405529183 0.00000000099999999991 0.00000000099999999991 0.00000000099999999991 0.00000000099999999991 
0.85113440082698010869 0.00000000099999999999 0.05513897841686497825 0.00152514017675002794 0.00037461484603212755 0.09182686373337278773 0.00000000099999999999 
0.00000000099999999958 0.00000000099999999958 0.00000000099999999958 0.00000000099999999958 0.99999999399999994765 0.00000000099999999958 0.00000000099999999958 
0.98553766614775462074 0.00000000099999999994 0.00000000099999999994 0.00000000099999999994 0.00000000099999999994 0.01446232885224543047 0.00000000099999999994 
0.00000000099999999994 0.00033759412904394332 0.00000000099999999994 0.00000000099999999994 0.00686231655946183475 0.99280008531149421813 0.00000000099999999994 
0.04126709117352504730 0.00000000099999999987 0.00000000099999999987 0.00000000099999999987 0.95873290382647502472 0.00000000099999999987 0.00000000099999999987 
0.99999999400000016969 0.00000000099999999968 0.00000000099999999968 0.00000000099999999968 0.00000000099999999968 0.00000000099999999968 0.00000000099999999968 
0.00000000099999999997 0.00000000099999999997 0.00000000099999999997 0.00000000099999999997 0.00006947687150509645 0.99993051812849487181 0.00000000099999999997 
0.92922601022295681084 0.00000000099999999994 0.05504134099439042527 0.00000000099999999994 0.00000000099999999994 0.00000000099999999994 0.01573264478265275212 
0.00000000099999999980 0.00000000099999999980 0.00000000099999999980 0.00000000099999999980 0.00000000099999999980 0.00000000099999999980 0.99999999399999994765 
0.44452115519191004456 0.00575345932728390467 0.04973155383219268755 0.00352563770488438554 0.00000000099999999999 0.00002507770264787971 0.49644311524108103439 
0.00000000099999999968 0.00000000099999999968 0.00000000099999999968 0.00000000099999999968 0.99999999399999994765 0.00000000099999999968 0.00000000099999999968 
0.46556903353987399985 0.00000000100000000000 0.35987046547302009580 0.03667078923555375236 0.01113183690527493053 0.00000102786356111094 0.12675684598271599879 
0.76348224365650485534 0.00000000099999999997 0.17221770318273277312 0.00000000099999999997 0.03970590810469639548 0.02459414205606587356 0.00000000099999999997 
0.00000000099999999992 0.00000000099999999992 0.00000000099999999992 0.00000000099999999992 0.00000004248267080145 0.99999995251732920476 0.00000000099999999992 
0.00000000099999999959 0.00000000099999999959 0.00000000099999999959 0.00000000099999999959 0.00000000099999999959 0.00000000099999999959 0.99999999400000005867 
0.90017987235152230330 0.00000000099999999986 0.09982012264847775485 0.00000000099999999986 0.00000000099999999986 0.00000000099999999986 0.00000000099999999986 
0.87059044216779568615 0.00000000099999999994 0.12940955283220445526 0.00000000099999999994 0.00000000099999999994 0.00000000099999999994 0.00000000099999999994 
0.00000000099999999949 0.00000000099999999949 0.00000000099999999949 0.00000000099999999949 0.00000000099999999949 0.00000000099999999949 0.99999999400000005867 
0.01762945809117462750 0.00000000099999999989 0.00000000099999999989 0.00000000099999999989 0.98237053690882536472 0.00000000099999999989 0.00000000099999999989 
0.00000000099999999984 0.00028684881396912455 0.00000000099999999984 0.00000000099999999984 0.00000000099999999984 0.99971314618603090985 0.00000000099999999984 
0.94057814309585263679 0.00000000099999999992 0.05942185190414747686 0.00000000099999999992 0.00000000099999999992 0.00000000099999999992 0.00000000099999999992 
0.00000000099999999966 0.00000000099999999966 0.00000000099999999966 0.00000000099999999966 0.00000000099999999966 0.00000000099999999966 0.99999999400000005867 
0.87686961271332508616 0.00000000099999999988 0.12313038228667504137 0.00000000099999999988 0.00000000099999999988 0.00000000099999999988 0.00000000099999999988 
0.81901228410497695087 0.00002403507372264908 0.14487577161278661353 0.00000000100000000000 0.03243837257855573114 0.00026712047112724673 0.00338241515883074516 
0.88496782256257044974 0.00000000099999999994 0.11350115260715161469 0.00000000099999999994 0.00000000099999999994 0.00000000099999999994 0.00153102083027799058 
0.82550981078484242381 0.00130575037274836174 0.08782378447033745150 0.00298855084163948941 0.07103927225733248918 0.01133083073281894969 0.00000200054028066437 
0.90112075548311676432 0.00000000099999999995 0.09887923951688330770 0.00000000099999999995 0.00000000099999999995 0.00000000099999999995 0.00000000099999999995 
0.99999999400000005867 0.00000000099999999972 0.00000000099999999972 0.00000000099999999972 0.00000000099999999972 0.00000000099999999972 0.00000000099999999972 
0.00000000099999999991 0.00000000099999999991 0.00000000099999999991 0.00000000099999999991 0.00000000099999999991 0.99999999400000005867 0.00000000099999999991 
0.99999999400000016969 0.00000000099999999969 0.00000000099999999969 0.00000000099999999969 0.00000000099999999969 0.00000000099999999969 0.00000000099999999969 
0.00000000099999999950 0.00000000099999999950 0.00000000099999999950 0.00000000099999999950 0.00000000099999999950 0.00000000099999999950 0.99999999400000005867 
0.93501953976208984631 0.00000000099999999993 0.06498045523791025346 0.00000000099999999993 0.00000000099999999993 0.00000000099999999993 0.00000000099999999993 
0.90962019076442979237 0.00000000099999999989 0.09037980423557026577 0.00000000099999999989 0.00000000099999999989 0.00000000099999999989 0.00000000099999999989 
0.92237142608391942122 0.00000000099999999998 0.07620284376320612951 0.00000000099999999998 0.00000000099999999998 0.00000000099999999998 0.00142572615287444204 
0.80916158001114835141 0.00000000099999999993 0.15459842543806862070 0.00000000099999999993 0.03623999055078317572 0.00000000099999999993 0.00000000099999999993 
