0.00000000099999999976 0.00000000099999999976 0.99999999599999989108 0.00000000099999999976 0.00000000099999999976 
0.98851865162850705016 0.00000000099999999998 0.00506484709961660829 0.00000000099999999998 0.00641649927187645016 
0.00000000099999999995 0.00000000099999999995 0.00000000099999999995 0.00000000099999999995 0.99999999599999989108 
0.00508650177787505191 0.00000000099999999997 0.00002031678064622439 0.00000000099999999997 0.99489317944147881434 
0.94756963138849259476 0.00239808374610151181 0.05003228286540574443 0.00000000099999999999 0.00000000099999999999 
0.94603523705622127871 0.00000493386363799285 0.04684496777470841672 0.00000000100000000000 0.00711486030543250457 
0.00000000099999999980 0.99999999600000011313 0.00000000099999999980 0.00000000099999999980 0.00000000099999999980 
0.00000000099999999966 0.99999999600000011313 0.00000000099999999966 0.00000000099999999966 0.00000000099999999966 
0.99999999600000000211 0.00000000099999999995 0.00000000099999999995 0.00000000099999999995 0.00000000099999999995 
0.00000000099999999977 0.99999999600000011313 0.00000000099999999977 0.00000000099999999977 0.00000000099999999977 
0.99999999600000000211 0.00000000099999999991 0.00000000099999999991 0.00000000099999999991 0.00000000099999999991 
0.00000000099999999974 0.99999999600000000211 0.00000000099999999974 0.00000000099999999974 0.00000000099999999974 
0.99999999600000011313 0.00000000099999999996 0.00000000099999999996 0.00000000099999999996 0.00000000099999999996 
0.99988887548666527394 0.00000000099999999999 0.00000000099999999999 0.00000000931155162965 0.00011111320178313763 
0.99999999600000000211 0.00000000099999999994 0.00000000099999999994 0.00000000099999999994 0.00000000099999999994 
0.96818116967135692263 0.00000000099999999999 0.02758584227259803720 0.00000000233904693130 0.00423298471699819732 
0.93729215383849528997 0.00000065595175011411 0.05565621407339692295 0.00000000100000000000 0.00705097513635765966 
0.00000000099999999982 0.99999999600000000211 0.00000000099999999982 0.00000000099999999982 0.00000000099999999982 
0.00000000099999999974 0.99999999600000011313 0.00000000099999999974 0.00000000099999999974 0.00000000099999999974 
0.00000000099999999962 0.99999999600000011313 0.00000000099999999962 0.00000000099999999962 0.00000000099999999962 
0.00000000099999999983 0.00000000099999999983 0.99999999600000000211 0.00000000099999999983 0.00000000099999999983 
0.99951623334273909105 0.00000000099999999996 0.00048376365726099385 0.00000000099999999996 0.00000000099999999996 
0.99999999600000000211 0.00000000099999999994 0.00000000099999999994 0.00000000099999999994 0.00000000099999999994 
0.00000000099999999969 0.99999999600000000211 0.00000000099999999969 0.00000000099999999969 0.00000000099999999969 
0.00000000099999999970 0.99999999600000000211 0.00000000099999999970 0.00000000099999999970 0.00000000099999999970 
0.00000000099999999965 0.99999999600000011313 0.00000000099999999965 0.00000000099999999965 0.00000000099999999965 
0.01059528286807146988 0.00000000099999999999 0.00000000099999999999 0.57351619511454465794 0.41588852001738385589 
0.99999999600000011313 0.00000000099999999993 0.00000000099999999993 0.00000000099999999993 0.00000000099999999993 
0.99397391211705365954 0.00602608488294651377 0.00000000099999999998 0.00000000099999999998 0.00000000099999999998 
0.00000000099999999985 0.99999999600000011313 0.00000000099999999985 0.00000000099999999985 0.00000000099999999985 
0.99999999600000011313 0.00000000099999999988 0.00000000099999999988 0.00000000099999999988 0.00000000099999999988 
0.00000000099999999970 0.99999999600000000211 0.00000000099999999970 0.00000000099999999970 0.00000000099999999970 
0.00000000099999999998 0.00000000099999999998 0.00000000099999999998 0.00000000099999999998 0.99999999600000000211 
0.00000000099999999975 0.00000000099999999975 0.99999999599999989108 0.00000000099999999975 0.00000000099999999975 
0.00000000099999999970 0.99999999600000000211 0.00000000099999999970 0.00000000099999999970 0.00000000099999999970 
0.99999999600000011313 0.00000000099999999996 0.00000000099999999996 0.00000000099999999996 0.00000000099999999996 
0.99999999600000000211 0.00000000099999999997 0.00000000099999999997 0.00000000099999999997 0.00000000099999999997 
0.99781460466253135699 0.00000000099999999998 0.00218539233746871267 0.00000000099999999998 0.00000000099999999998 
0.83005502573612932604 0.12167613426398467269 0.02132378870349827329 0.02646267747666795206 0.00048237381971977098 
0.00000000099999999975 0.99999999600000011313 0.00000000099999999975 0.00000000099999999975 0.00000000099999999975 
0.00000000099999999991 0.98223889785184359535 0.01776109914815646174 0.00000000099999999991 0.00000000099999999991 
0.00000000099999999985 0.00000000099999999985 0.99999999600000000211 0.00000000099999999985 0.00000000099999999985 
0.00000000099999999973 0.00000000099999999973 0.99999999599999989108 0.00000000099999999973 0.00000000099999999973 
0.84370350067413091288 0.11488081763832980187 0.02416994365538444739 0.01724573703215481063 0.00000000100000000000 
0.00000000099999999986 0.99999999600000011313 0.00000000099999999986 0.00000000099999999986 0.00000000099999999986 
0.94015296521035374155 0.00000000100000000000 0.04086048348835166766 0.00756860121469223740 0.01141794908660244239 
0.00000000099999999962 0.99999999600000000211 0.00000000099999999962 0.00000000099999999962 0.00000000099999999962 
0.00000000099999999982 0.99999999600000000211 0.00000000099999999982 0.00000000099999999982 0.00000000099999999982 
0.00000000099999999978 0.99999999600000011313 0.00000000099999999978 0.00000000099999999978 0.00000000099999999978 
0.00000000099999999996 0.00000000099999999996 0.00000000099999999996 0.00000000099999999996 0.99999999600000000211 
0.99999999600000000211 0.00000000099999999984 0.00000000099999999984 0.00000000099999999984 0.00000000099999999984 
0.99999999600000000211 0.00000000099999999987 0.00000000099999999987 0.00000000099999999987 0.00000000099999999987 
0.99999999600000011313 0.00000000099999999989 0.00000000099999999989 0.00000000099999999989 0.00000000099999999989 
0.99999999600000011313 0.00000000099999999994 0.00000000099999999994 0.00000000099999999994 0.00000000099999999994 
0.00000000099999999978 0.99999999600000000211 0.00000000099999999978 0.00000000099999999978 0.00000000099999999978 
0.00000000099999999975 0.99999999600000011313 0.00000000099999999975 0.00000000099999999975 0.00000000099999999975 
0.00000000099999999981 0.00000000099999999981 0.99999999599999989108 0.00000000099999999981 0.00000000099999999981 
0.94648976215787272714 0.00000000099999999998 0.05023473703624444647 0.00000000099999999998 0.00327549880588278971 
0.99999999600000011313 0.00000000099999999989 0.00000000099999999989 0.00000000099999999989 0.00000000099999999989 
0.77178127507434235444 0.00000000099999999999 0.00684564588375355127 0.00000441101151135732 0.22136866703039287385 
0.00000000099999999996 0.03573264086295133840 0.00000000099999999996 0.00000000099999999996 0.96426735613704872563 
0.07666591753587277680 0.92333407946412726641 0.00000000099999999992 0.00000000099999999992 0.00000000099999999992 
0.00000000099999999991 0.99999999600000011313 0.00000000099999999991 0.00000000099999999991 0.00000000099999999991 
0.00000000099999999999 0.08074955599129340911 0.00071182075285683097 0.00000000099999999999 0.91853862125584984089 
0.86092734864886699686 0.13907264835113292145 0.00000000099999999998 0.00000000099999999998 0.00000000099999999998 
0.06707021341309878093 0.00000000099999999999 0.00613189540664871389 0.54700452832281176718 0.37979336185744061449 
0.99999999600000000211 0.00000000099999999988 0.00000000099999999988 0.00000000099999999988 0.00000000099999999988 
0.99999999600000000211 0.00000000099999999987 0.00000000099999999987 0.00000000099999999987 0.00000000099999999987 
0.95392429629500952171 0.04607570070499044518 0.00000000099999999995 0.00000000099999999995 0.00000000099999999995 
0.83138479476360027665 0.16861520223639964167 0.00000000099999999997 0.00000000099999999997 0.00000000099999999997 
0.00000000099999999993 0.00000000099999999993 0.00000000099999999993 0.00000000099999999993 0.99999999600000000211 
0.99762544226964078309 0.00000000099999999998 0.00237455473035929525 0.00000000099999999998 0.00000000099999999998 
0.00503163764234694326 0.15925901694084193538 0.00741013355020439697 0.48252754661264085634 0.34577166525396590968 
0.86371052326025299362 0.13161891683070520154 0.00467055790904178769 0.00000000099999999999 0.00000000099999999999 
0.07835208524990422418 0.92164791175009586066 0.00000000099999999989 0.00000000099999999989 0.00000000099999999989 
0.63171508124246367188 0.35344031802613917748 0.00000000100000000000 0.00000000100000000000 0.01484459873139728006 
0.96741478525330626415 0.00000003602732243939 0.00000000100000000000 0.02796965486805616519 0.00461552285131519753 
0.99847250322939129497 0.00000000099999999999 0.00152749207341087946 0.00000000099999999999 0.00000000269719783758 
0.99999999600000000211 0.00000000099999999987 0.00000000099999999987 0.00000000099999999987 0.00000000099999999987 
0.00000006056972818343 0.97218229485473961482 0.00000004272630915881 0.00000000099999999999 0.02781760084922289822 
0.00000000099999999998 0.00000000099999999998 0.00000009270213297860 0.00000000099999999998 0.99999990429786711488 
0.00000000099999999968 0.99999999600000000211 0.00000000099999999968 0.00000000099999999968 0.00000000099999999968 
0.88970907789767617047 0.00000000099999999995 0.11029091910232394214 0.00000000099999999995 0.00000000099999999995 
0.99999999600000011313 0.00000000099999999996 0.00000000099999999996 0.00000000099999999996 0.00000000099999999996 
0.94771861522739264672 0.01465492760406767077 0.03147509461769656264 0.00000000100000000000 0.00615136155084299464 
0.99999999600000000211 0.00000000099999999982 0.00000000099999999982 0.00000000099999999982 0.00000000099999999982 
0.99733678809628423245 0.00000000099999999998 0.00266320890371586063 0.00000000099999999998 0.00000000099999999998 
0.00000000099999999999 0.09876206829760533767 0.01265852778441724398 0.00000000099999999999 0.88857940191797735174 
0.84939966642401731889 0.15060033057598273820 0.00000000099999999996 0.00000000099999999996 0.00000000099999999996 
0.88604251615644968876 0.00000000099999999999 0.00725259872762630282 0.00026166934176692901 0.10644321477415720489 
0.00000000099999999993 0.00000000099999999993 0.00000000099999999993 0.00003588089339174634 0.99996411610660818070 
0.11746447379002514233 0.00000000099999999993 0.88253552320997485925 0.00000000099999999993 0.00000000099999999993 
0.97190316031127710339 0.00196006958321688326 0.00001942511084198554 0.02611723800800835535 0.00000010698665575438 
0.94560411490067741713 0.00000001414814013129 0.05439559933470615449 0.00000000099999999999 0.00000027061647640280 
0.96053002230146422580 0.00000000099999999999 0.03836535213638846836 0.00000000099999999999 0.00110462356214732901 
0.00000000099999999989 0.95622829295341993383 0.04377170404658018571 0.00000000099999999989 0.00000000099999999989 
0.00000000099999999969 0.00000000099999999969 0.99999999600000000211 0.00000000099999999969 0.00000000099999999969 
0.00000000099999999983 0.00000000099999999983 0.99999999600000000211 0.00000000099999999983 0.00000000099999999983 
0.00000000099999999984 0.00000000099999999984 0.99999999600000000211 0.00000000099999999984 0.00000000099999999984 
0.00924647773451371668 0.00000000099999999997 0.99075351926548638204 0.00000000099999999997 0.00000000099999999997 
0.00000000099999999983 0.00000000099999999983 0.99999999600000000211 0.00000000099999999983 0.00000000099999999983 
0.00000000099999999993 0.00000000099999999993 0.99999999599999989108 0.00000000099999999993 0.00000000099999999993 
0.00000000099999999977 0.00000000099999999977 0.99999999599999989108 0.00000000099999999977 0.00000000099999999977 
0.00000000099999999970 0.00000000099999999970 0.99999999600000000211 0.00000000099999999970 0.00000000099999999970 
0.00000000099999999993 0.00000000099999999993 0.99999999599999989108 0.00000000099999999993 0.00000000099999999993 
0.00000000099999999978 0.00000000099999999978 0.99999999600000000211 0.00000000099999999978 0.00000000099999999978 
0.00000000099999999998 0.00000665363780344928 0.99999334336219658503 0.00000000099999999998 0.00000000099999999998 
0.00289429087506050745 0.00000000099999999998 0.05750414182351129555 0.00000000099999999998 0.93960156530142813214 
0.00000000099999999975 0.00000000099999999975 0.99999999599999989108 0.00000000099999999975 0.00000000099999999975 
0.00000000099999999971 0.00000000099999999971 0.99999999600000000211 0.00000000099999999971 0.00000000099999999971 
0.00000000099999999982 0.00000000099999999982 0.99999999599999989108 0.00000000099999999982 0.00000000099999999982 
0.00000000099999999982 0.00000000099999999982 0.99999999600000000211 0.00000000099999999982 0.00000000099999999982 
0.00000000099999999978 0.00000000099999999978 0.99999999599999989108 0.00000000099999999978 0.00000000099999999978 
0.00000000099999999984 0.00000000099999999984 0.99999999600000000211 0.00000000099999999984 0.00000000099999999984 
0.00000000099999999971 0.00000000099999999971 0.99999999600000000211 0.00000000099999999971 0.00000000099999999971 
0.00000000099999999975 0.00000000099999999975 0.99999999600000000211 0.00000000099999999975 0.00000000099999999975 
0.00000000099999999976 0.00000000099999999976 0.99999999599999989108 0.00000000099999999976 0.00000000099999999976 
0.00000000099999999988 0.00000000099999999988 0.00000000099999999988 0.99999999599999989108 0.00000000099999999988 
0.00000000099999999997 0.00000000099999999997 0.00404581203194752381 0.38452713088622930693 0.61142705508182304541 
0.00000000099999999986 0.00000000099999999986 0.00000000099999999986 0.99999999599999989108 0.00000000099999999986 
0.00000000099999999997 0.00000000099999999997 0.00000000099999999997 0.64290183713625348449 0.35709815986374665586 
0.99999999600000000211 0.00000000099999999994 0.00000000099999999994 0.00000000099999999994 0.00000000099999999994 
0.00000000099999999991 0.00000000099999999991 0.00000000099999999991 0.62827871142655378200 0.37172128557344630284 
0.00000000099999999994 0.00000000099999999994 0.00000000099999999994 0.00000000099999999994 0.99999999600000000211 
0.00000000099999999992 0.00000000099999999992 0.00000000099999999992 0.00000000099999999992 0.99999999599999989108 
0.00000000099999999995 0.00000000099999999995 0.03574581394612806606 0.00000000099999999995 0.96425418305387189388 
0.00000000099999999988 0.00000000099999999988 0.00000000099999999988 0.99999999599999989108 0.00000000099999999988 
0.00383581342245907899 0.00000000099999999998 0.03444408269056166427 0.16442979412711308806 0.79729030875986628413 
0.99999999600000011313 0.00000000099999999992 0.00000000099999999992 0.00000000099999999992 0.00000000099999999992 
0.00000000099999999993 0.00000000099999999993 0.00000000099999999993 0.00000000099999999993 0.99999999600000000211 
0.00000000099999999995 0.00000000099999999995 0.00000000099999999995 0.44620083103466634533 0.55379916596533362849 
0.00000000099999999991 0.00000000099999999991 0.00000000099999999991 0.99999999600000000211 0.00000000099999999991 
0.00000000099999999994 0.00000000099999999994 0.00000000099999999994 0.60495037651102445686 0.39504962048897557247 
0.00000000099999999996 0.00000000099999999996 0.02994738377303490101 0.00000000099999999996 0.97005261322696501036 
0.99999999600000011313 0.00000000099999999991 0.00000000099999999991 0.00000000099999999991 0.00000000099999999991 
0.99999999600000011313 0.00000000099999999992 0.00000000099999999992 0.00000000099999999992 0.00000000099999999992 
0.00000000099999999995 0.00000000099999999995 0.00495963160206167042 0.38161605906918438791 0.61342430732875397048 
0.00000000099999999993 0.00000000099999999993 0.00000000099999999993 0.99999999600000000211 0.00000000099999999993 
0.00008120998856663716 0.00000000099999999998 0.03463907888115412559 0.18080094454137216053 0.78447876558890705656 
0.00000000099999999994 0.00000000099999999994 0.00000000099999999994 0.60192827977063545486 0.39807171722936451896 
0.00000000099999999996 0.00000000099999999996 0.03524250998246416383 0.00000000099999999996 0.96475748701753583081 
0.99999999600000011313 0.00000000099999999993 0.00000000099999999993 0.00000000099999999993 0.00000000099999999993 
0.99999999600000011313 0.00000000099999999993 0.00000000099999999993 0.00000000099999999993 0.00000000099999999993 
0.99999999600000011313 0.00000000099999999990 0.00000000099999999990 0.00000000099999999990 0.00000000099999999990 
0.00000000099999999990 0.00000000099999999990 0.00000000099999999990 0.99999999599999989108 0.00000000099999999990 
0.00000000099999999992 0.00000000099999999992 0.00000000099999999992 0.99999999600000000211 0.00000000099999999992 
0.00000000099999999990 0.00000000099999999990 0.00000000099999999990 0.99999999600000000211 0.00000000099999999990 
0.00000000099999999991 0.00000000099999999991 0.00000000099999999991 0.99999999599999989108 0.00000000099999999991 
0.00000000099999999995 0.00000000099999999995 0.00000000099999999995 0.62834796330276176946 0.37165203369723814886 
0.00000000099999999993 0.00000000099999999993 0.00000000099999999993 0.40745951094481513977 0.59254048605518483406 
0.00000000099999999998 0.00000000099999999998 0.03655977453184958842 0.00037403031755602523 0.96306619315059427411 
0.00000000099999999991 0.00000000099999999991 0.00000000099999999991 0.59698222096083330968 0.40301777603916666415 
0.99999999600000011313 0.00000000099999999992 0.00000000099999999992 0.00000000099999999992 0.00000000099999999992 
0.00000000099999999998 0.00000000099999999998 0.02986155652755699899 0.00000000099999999998 0.97013844047244313096 
0.99999999600000011313 0.00000000099999999997 0.00000000099999999997 0.00000000099999999997 0.00000000099999999997 
0.99999999600000000211 0.00000000099999999989 0.00000000099999999989 0.00000000099999999989 0.00000000099999999989 
0.99999999600000000211 0.00000000099999999993 0.00000000099999999993 0.00000000099999999993 0.00000000099999999993 
0.99999999600000011313 0.00000000099999999992 0.00000000099999999992 0.00000000099999999992 0.00000000099999999992 
0.00000000099999999986 0.00000000099999999986 0.00000000099999999986 0.99999999600000000211 0.00000000099999999986 
0.00000000099999999987 0.00000000099999999987 0.00000000099999999987 0.99999999599999989108 0.00000000099999999987 
0.00000000099999999990 0.00000000099999999990 0.00000000099999999990 0.99999999600000000211 0.00000000099999999990 
0.00000000099999999996 0.00000000099999999996 0.00003711130078274836 0.40465237128187475646 0.59531051541734236743 
0.00000000099999999993 0.00000000099999999993 0.00000000099999999993 0.65809468854365027468 0.34190530845634975465 
0.99999999600000000211 0.00000000099999999993 0.00000000099999999993 0.00000000099999999993 0.00000000099999999993 
0.99999999600000000211 0.00000000099999999994 0.00000000099999999994 0.00000000099999999994 0.00000000099999999994 
0.00000000099999999990 0.00000000099999999990 0.00000000099999999990 0.99999999599999989108 0.00000000099999999990 
0.00000000099999999993 0.00000000099999999993 0.00000000099999999993 0.99999999599999989108 0.00000000099999999993 
0.01670322663116355008 0.00000000099999999998 0.03245507964637605464 0.18447005944167982339 0.76637163328078050650 
0.00000000099999999997 0.00000000099999999997 0.00000000149889981009 0.47534999063017602250 0.52465000587092425199 
0.00000000099999999994 0.00000000099999999994 0.00000000099999999994 0.62727865079634315126 0.37272134620365676705 
0.99999999600000000211 0.00000000099999999995 0.00000000099999999995 0.00000000099999999995 0.00000000099999999995 
0.99999999600000000211 0.00000000099999999995 0.00000000099999999995 0.00000000099999999995 0.00000000099999999995 
0.01004016369585379598 0.00000000099999999999 0.01886372078372277120 0.54866415924037525986 0.42243195528004817696 
0.83858192345815774082 0.10471543980432609922 0.03531936996846381238 0.01695881197186262582 0.00442445479718975038 
0.00000000099999999998 0.00000000099999999998 0.02614724069597971698 0.51962385489895246415 0.45422890240506780257 
0.00000000099999999997 0.00000000099999999997 0.01677154143386154483 0.00000000099999999997 0.98322845556613847062 
0.00010588407573324752 0.00000000099999999999 0.01962803639867235703 0.00000000099999999999 0.98026607752559447029 
0.99999999600000011313 0.00000000099999999994 0.00000000099999999994 0.00000000099999999994 0.00000000099999999994 
0.00229622336652141610 0.00654153343538486226 0.01720342915458479213 0.55554376729434296056 0.41841504674916613071 
0.00000000099999999998 0.00000000099999999998 0.03429856328083387418 0.34630242563913904430 0.61939900908002709645 
0.00000000099999999995 0.00000000099999999995 0.03065140615982842043 0.35878286504542561408 0.61056572679474596654 
0.00000000099999999999 0.00000000099999999999 0.02645102604856307618 0.35911215422141506970 0.61443681773002178925 
0.00000000099999999997 0.00000000099999999997 0.02083992147244111831 0.38504350156318895015 0.59411657496436998116 
0.00034759816037168453 0.00000000099999999998 0.02543561701203409658 0.35652714809359037362 0.61768963573400381684 
0.00000000099999999997 0.00000000099999999997 0.01951203265078256185 0.40871062618915199316 0.57177733916006545645 
0.86423703829648379493 0.09323811986743597846 0.02675070108098939400 0.00000000100000000000 0.01577413975509088864 
0.99999999600000000211 0.00000000099999999993 0.00000000099999999993 0.00000000099999999993 0.00000000099999999993 
0.95404194537587916347 0.00000000099999999999 0.04107716313627376298 0.00000000099999999999 0.00488088948784728451 
0.98907738093397956636 0.00000000099999999998 0.00000000099999999998 0.00000000099999999998 0.01092261606602051849 
0.99999999600000011313 0.00000000099999999990 0.00000000099999999990 0.00000000099999999990 0.00000000099999999990 
0.00000000099999999999 0.03254655331212114033 0.00034283570310257610 0.58651333941409311556 0.38059727057068326594 
0.99999999600000000211 0.00000000099999999994 0.00000000099999999994 0.00000000099999999994 0.00000000099999999994 
0.00000000099999999973 0.00000000099999999973 0.99999999600000000211 0.00000000099999999973 0.00000000099999999973 
0.98115085907233823281 0.00000000099999999996 0.00000000099999999996 0.00262791531426803454 0.01622122361339389113 
0.00000000099999999997 0.00000000099999999997 0.01051330012441891240 0.00000016361869758930 0.98948653425688359864 
0.03968096671116244645 0.00000000099999999992 0.96031903028883769391 0.00000000099999999992 0.00000000099999999992 
0.99999999600000011313 0.00000000099999999981 0.00000000099999999981 0.00000000099999999981 0.00000000099999999981 
0.98286638310830554133 0.01713361389169449842 0.00000000099999999997 0.00000000099999999997 0.00000000099999999997 
0.00000000099999999986 0.99999999600000000211 0.00000000099999999986 0.00000000099999999986 0.00000000099999999986 
0.48145939788140817983 0.50882265888986855096 0.00000000099999999999 0.00955353199340701863 0.00016441023531616722 
0.00000000099999999979 0.00000000099999999979 0.99999999599999989108 0.00000000099999999979 0.00000000099999999979 
0.83031811102086838794 0.13152316371138456086 0.01423747465148825567 0.02391048642566804411 0.00001076419059066662 
0.93066825786601170556 0.00000000099999999999 0.04043533128508156049 0.00000000099999999999 0.02889640884890685296 
0.00000000099999999995 0.00000000099999999995 0.00477655696316304709 0.00000000099999999995 0.99522344003683704816 
0.00000000099999999971 0.99999999600000011313 0.00000000099999999971 0.00000000099999999971 0.00000000099999999971 
0.99999999600000000211 0.00000000099999999991 0.00000000099999999991 0.00000000099999999991 0.00000000099999999991 
0.99999796773854765508 0.00000000099999999997 0.00000202926145234442 0.00000000099999999997 0.00000000099999999997 
0.00000000099999999964 0.99999999600000000211 0.00000000099999999964 0.00000000099999999964 0.00000000099999999964 
0.01625776593351583449 0.00000000099999999993 0.98374223106648417403 0.00000000099999999993 0.00000000099999999993 
0.00000000099999999990 0.00000000099999999990 0.00000000099999999990 0.00000000099999999990 0.99999999600000000211 
0.00000000099999999976 0.99999999600000011313 0.00000000099999999976 0.00000000099999999976 0.00000000099999999976 
0.99999999600000000211 0.00000000099999999991 0.00000000099999999991 0.00000000099999999991 0.00000000099999999991 
0.95619722558749176144 0.00385265314482441910 0.03432805059144817400 0.00143397691044077637 0.00418809376579500417 
0.99602181784662791042 0.00397817915337206861 0.00000000099999999997 0.00000000099999999997 0.00000000099999999997 
0.99999999600000000211 0.00000000099999999983 0.00000000099999999983 0.00000000099999999983 0.00000000099999999983 
0.00000000099999999995 0.00000000099999999995 0.00000034955871922851 0.00000000099999999995 0.99999964744128067018 
0.99999999600000000211 0.00000000099999999982 0.00000000099999999982 0.00000000099999999982 0.00000000099999999982 
0.00000000099999999965 0.99999999600000011313 0.00000000099999999965 0.00000000099999999965 0.00000000099999999965 
0.99999999600000000211 0.00000000099999999996 0.00000000099999999996 0.00000000099999999996 0.00000000099999999996 
0.99999999600000011313 0.00000000099999999993 0.00000000099999999993 0.00000000099999999993 0.00000000099999999993 
0.96093534796953627986 0.00000000099999999997 0.03906464903046377724 0.00000000099999999997 0.00000000099999999997 
0.99999999600000000211 0.00000000099999999995 0.00000000099999999995 0.00000000099999999995 0.00000000099999999995 
0.00000000099999999979 0.99999999600000000211 0.00000000099999999979 0.00000000099999999979 0.00000000099999999979 
0.99149424432952604214 0.00476255951089071729 0.00000000099999999999 0.00374319415958333269 0.00000000099999999999 
0.99999999600000011313 0.00000000099999999996 0.00000000099999999996 0.00000000099999999996 0.00000000099999999996 
0.99999999600000011313 0.00000000099999999986 0.00000000099999999986 0.00000000099999999986 0.00000000099999999986 
0.99999999600000011313 0.00000000099999999985 0.00000000099999999985 0.00000000099999999985 0.00000000099999999985 
0.99999999600000011313 0.00000000099999999987 0.00000000099999999987 0.00000000099999999987 0.00000000099999999987 
0.99296427279938981325 0.00000000099999999998 0.00703572420061023950 0.00000000099999999998 0.00000000099999999998 
0.79535709490999884075 0.20464290209000113308 0.00000000099999999997 0.00000000099999999997 0.00000000099999999997 
0.00000000099999999997 0.00000000099999999997 0.00517532379084377839 0.00076445326581461729 0.99406022094334156591 
0.00000000099999999993 0.00000000099999999993 0.00000000099999999993 0.58561802824511544063 0.41438196875488453319 
0.00000000099999999998 0.03697967738483054490 0.00000000099999999998 0.87270854009096299198 0.09031178052420645030 
0.00000000099999999994 0.00000000099999999994 0.00000000099999999994 0.59279445545286124641 0.40720554154713867190 
0.00000000099999999992 0.00000000099999999992 0.00000000099999999992 0.60745922949093777987 0.39254076750906230497 
0.00000000099999999997 0.00000000099999999997 0.00000000099999999997 0.57740384598921001835 0.42259615101078978894 
0.00000000099999999994 0.00000000099999999994 0.00000000099999999994 0.63277789071382928299 0.36722210628617085737 
0.00000000099999999980 0.99999999600000011313 0.00000000099999999980 0.00000000099999999980 0.00000000099999999980 
0.00000000099999999994 0.00000000099999999994 0.00000000099999999994 0.00000000099999999994 0.99999999599999989108 
0.00000000099999999993 0.00000000099999999993 0.00000000099999999993 0.60257544109443406111 0.39742455590556585721 
0.00000000099999999995 0.00000000099999999995 0.00000000099999999995 0.59397591777102476396 0.40602407922897520987 
0.00000000099999999989 0.00000000099999999989 0.00000000099999999989 0.74388866776843276529 0.25611132923156709751 
0.00000000099999999995 0.00000000099999999995 0.00000000099999999995 0.61765472082204520010 0.38234527617795482923 
0.00000000099999999996 0.26578954554156153378 0.00000000099999999996 0.73421045145843844004 0.00000000099999999996 
0.00000000099999999996 0.27665438924372898200 0.00000000099999999996 0.72334560775627099183 0.00000000099999999996 
0.00000000099999999996 0.00000000099999999996 0.00113296820578417511 0.56967414016072126515 0.42919288963349461197 
0.00000000099999999991 0.00000000099999999991 0.00000000099999999991 0.64614323090873337918 0.35385676609126642811 
0.00000000099999999996 0.00000000099999999996 0.00231505141881673459 0.60691278685699756590 0.39077215972418566370 
0.99999999600000011313 0.00000000099999999993 0.00000000099999999993 0.00000000099999999993 0.00000000099999999993 
0.00000000099999999996 0.00000000099999999996 0.00000000099999999996 0.60956518155952166271 0.39043481544047825560 
0.00000000099999999997 0.00000000099999999997 0.00008209636421301278 0.00000000099999999997 0.99991790063578700476 
0.00000000099999999995 0.00000000099999999995 0.00000000099999999995 0.59667679492001901576 0.40332320207998090256 
0.00000000099999999995 0.00000000099999999995 0.00000000099999999995 0.61672424263987668525 0.38327575436012328858 
0.00000000099999999992 0.00000000099999999992 0.00013483556910572457 0.62366118413853832703 0.37620397829235585618 
0.00000000099999999998 0.00000000099999999998 0.00036139391551337502 0.58877908042537496769 0.41085952365911165840 
0.00000000099999999993 0.00000000099999999993 0.00000000099999999993 0.64511124058964741668 0.35488875641035255715 
0.00000000099999999995 0.00000000099999999995 0.00000000099999999995 0.59796738546651551083 0.40203261153348446300 
0.00000000099999999994 0.00000000099999999994 0.00178868955843341604 0.59635730992308544351 0.40185399851848113695 
0.00000000099999999997 0.00000000099999999997 0.00133101201022355130 0.59930234550252614589 0.39936664048725029064 
0.00000000099999999993 0.00000000099999999993 0.00000000099999999993 0.00000000099999999993 0.99999999600000000211 
0.00000000099999999995 0.00000000099999999995 0.00000000099999999995 0.59167904720091013537 0.40832094979908989396 
0.00000000099999999972 0.99999999600000000211 0.00000000099999999972 0.00000000099999999972 0.00000000099999999972 
0.00000000099999999992 0.00000000099999999992 0.00000000099999999992 0.59694753266811018122 0.40305246433188979260 
0.99999999600000011313 0.00000000099999999995 0.00000000099999999995 0.00000000099999999995 0.00000000099999999995 
0.00000000099999999988 0.00000000099999999988 0.00000000099999999988 0.74616019370127295574 0.25383980329872696258 
0.00442349303088955190 0.27490381620274739749 0.00000000099999999996 0.72067268876636292330 0.00000000099999999996 
0.00000000099999999992 0.00000000099999999992 0.00000000099999999992 0.62963965597492899118 0.37036034102507109367 
0.00000000099999999996 0.00000000099999999996 0.00263893803396814857 0.57541657209064089873 0.42194448787539096113 
0.00000000099999999994 0.00000000099999999994 0.00000000099999999994 0.57089024612796823721 0.42910975087203162559 
0.00000000099999999996 0.00000000099999999996 0.00195131653188585982 0.67991019051351364588 0.31813849095460050576 
0.00000000099999999997 0.00000000099999999997 0.00000000099999999997 0.59787376394656532863 0.40212623305343458968 
0.00000000099999999994 0.00000000099999999994 0.00000000099999999994 0.62339026401444441738 0.37660973298555544542 
0.00000000099999999996 0.27475181129103753985 0.00000000099999999996 0.72524818570896232295 0.00000000099999999996 
0.00000000099999999994 0.00000000099999999994 0.00000000099999999994 0.00000000099999999994 0.99999999599999989108 
0.00000000099999999997 0.00000000099999999997 0.00000242518807001535 0.55071764876756279516 0.44927992404436722929 
0.00000000099999999994 0.00000000099999999994 0.00000000099999999994 0.00000000099999999994 0.99999999600000000211 
0.00000000099999999997 0.00000000099999999997 0.00300522914495523954 0.58207542552261470892 0.41491934333243013500 
0.00000000099999999992 0.00000000099999999992 0.00000000099999999992 0.61959313273050087290 0.38040686426949898991 
0.00000000099999999997 0.00000000099999999997 0.00006439440169530058 0.57512083164042215877 0.42481477195788241996 
0.00000000099999999994 0.00000000099999999994 0.00000000099999999994 0.59518221666883808219 0.40481778033116183613 
0.00000000099999999988 0.00000000099999999988 0.00000000099999999988 0.76907962715416977595 0.23092036984583017012 
0.00000000099999999994 0.00000000099999999994 0.00000000099999999994 0.59436720574062196221 0.40563279125937790059 
0.00000000099999999993 0.00000000099999999993 0.00000000099999999993 0.62236727117592438585 0.37763272582407547695 
0.00000000099999999997 0.00000000099999999997 0.00333310063969912253 0.00000000099999999997 0.99666689636030081356 
0.99905151987483875597 0.00000000099999999997 0.00000000099999999997 0.00000000099999999997 0.00094847712516129906 
0.00000000099999999997 0.00000000099999999997 0.00006670404590136748 0.57794666081221968135 0.42198663314187895290 
0.00000000099999999971 0.99999999600000000211 0.00000000099999999971 0.00000000099999999971 0.00000000099999999971 
0.00000000099999999985 0.99999999600000011313 0.00000000099999999985 0.00000000099999999985 0.00000000099999999985 
0.00000000099999999993 0.00000000099999999993 0.00000000099999999993 0.60764708811451695336 0.39235290888548290944 
0.00000000099999999995 0.00000000099999999995 0.00000000099999999995 0.63821066179623398007 0.36178933520376599375 
0.00000000099999999996 0.00000000099999999996 0.00000000099999999996 0.57062999788613621988 0.42936999911386369844 
0.00000000099999999995 0.00000000099999999995 0.00000000099999999995 0.63643260890359776294 0.36356738809640226640 
0.00000000099999999997 0.00000000099999999997 0.00013234616980452221 0.55612562903609408238 0.44374202279410140948 
0.00000000100000000000 0.02554250875154151848 0.00528840036340772011 0.90847397500312887519 0.06069511488192174536 
0.00000000099999999998 0.00000000099999999998 0.00000000099999999998 0.55235706441526433164 0.44764293258473564219 
0.99999999600000000211 0.00000000099999999992 0.00000000099999999992 0.00000000099999999992 0.00000000099999999992 
0.00000000099999999995 0.00000000099999999995 0.00000000099999999995 0.63969686286553228971 0.36030313413446762860 
0.00000000099999999994 0.00000000099999999994 0.00000000099999999994 0.64365732656292073965 0.35634267043707928968 
0.00000000099999999997 0.00000000099999999997 0.00000036807598407911 0.58466600826036196903 0.41533362166365406232 
0.00000000099999999996 0.00000000099999999996 0.00000000099999999996 0.60650739980679424512 0.39349259719320572870 
0.00000000099999999998 0.00000000099999999998 0.00000000099999999998 0.58390687489093195950 0.41609312210906801432 
0.00000000099999999995 0.00000000099999999995 0.00000000099999999995 0.61925194056005083976 0.38074805643994913407 
0.00000000099999999992 0.00000000099999999992 0.00000000099999999992 0.00033632236813938113 0.99966367463186056597 
0.00000000099999999997 0.00000000099999999997 0.00000000099999999997 0.41937526696600618825 0.58062473003399384108 
0.00000000099999999995 0.00000000099999999995 0.01137929164130382399 0.00000000099999999995 0.98862070535869606136 
0.00000000099999999994 0.00000000099999999994 0.00734071669857677429 0.59125455093536549711 0.40140473036605772705 
0.00006902336547968671 0.04304827690585753125 0.01173454157082081707 0.80689726018123164586 0.13825089797661030411 
0.00000000099999999991 0.00000000099999999991 0.00000000099999999991 0.98558174055198966013 0.01441825644801039696 
0.00000000099999999994 0.00000000099999999994 0.00000000099999999994 0.99921357151619394354 0.00078642548380595373 
0.00000000099999999996 0.00000000099999999996 0.00000000099999999996 0.38670181642143519607 0.61329818057856488878 
0.00000000099999999994 0.00000000099999999994 0.00000000099999999994 0.42237518971801540912 0.57762480728198462021 
0.00000000100000000000 0.09454469384988389846 0.00376631743934424928 0.88116025833993538718 0.02052872937083646127 
0.00000000099999999997 0.00000000099999999997 0.00000000099999999997 0.59734797861669841623 0.40265201838330166861 
0.00000837319774281997 0.03631983379649229154 0.00144759112115366156 0.79328203132340280312 0.16894217056120836018 
0.01404218014191155502 0.03307897023092905286 0.00463273378089427024 0.79723086352174565850 0.15101525232451948333 
0.00000000099999999998 0.00000000099999999998 0.00398576498650551371 0.02121740982759007937 0.97479682318590454848 
0.00000000099999999996 0.00000000099999999996 0.00000000099999999996 0.40334611767933020721 0.59665387932066960008 
0.00000000099999999994 0.00000000099999999994 0.00000000099999999994 0.05575534562760541685 0.94424465137239466106 
0.00000000099999999996 0.19075154091094112530 0.00000000099999999996 0.80924845608905882077 0.00000000099999999996 
0.00000000099999999998 0.00000000099999999998 0.00003760884629670112 0.45532603010827354950 0.54463635904542984090 
0.00000000099999999996 0.00000000099999999996 0.00000076690281818184 0.39452676335122405238 0.60547246774595786523 
0.00000000099999999995 0.00000000099999999995 0.00000000099999999995 0.57399571681173400250 0.42600428018826608234 
0.00000000099999999997 0.00000000099999999997 0.00000034157032790148 0.53102280042362759449 0.46897685600604449574 
0.00000000100000000000 0.11275217232095553765 0.00000000763812320665 0.88724128912540511926 0.00000652991551613319 
0.00000000099999999998 0.00000000099999999998 0.00425655658053154980 0.57464545347544770948 0.42109798794402064637 
0.00000000099999999992 0.00000000099999999992 0.00000000099999999992 0.99999992052058672698 0.00000007647941315640 
0.01275233033075220783 0.05461643386226589653 0.00544213491427763141 0.80485089472943915911 0.12233820616326514241 
0.00472029064890388487 0.04262130069877066024 0.00000000100000000000 0.83879063807656151219 0.11386776957576393021 
0.00000000099999999996 0.00000000099999999996 0.00000000099999999996 0.58494091294083727650 0.41505908405916269732 
0.00000000099999999993 0.00000000099999999993 0.00000000099999999993 0.58960451220746146195 0.41039548479253851188 
0.00000000099999999997 0.00000000099999999997 0.00000000099999999997 0.99999928985847186258 0.00000070714152801175 
0.00000000099999999992 0.00000000099999999992 0.00000000099999999992 0.99999999599999989108 0.00000000099999999992 
0.00000000099999999992 0.00000000099999999992 0.00000000099999999992 0.77819250637822012795 0.22180749062177998465 
0.00000000099999999996 0.00000000099999999996 0.00000000099999999996 0.57241441776677748354 0.42758557923322243477 
0.00000000099999999997 0.20987594462445063881 0.00000000099999999997 0.79012405237554939053 0.00000000099999999997 
0.00000000099999999995 0.20306251040624681559 0.00000000099999999995 0.79693748659375318599 0.00000000099999999995 
0.00000000099999999998 0.18756165100192537243 0.00000000099999999998 0.81243834599807451813 0.00000000099999999998 
0.00228136848087600848 0.07722975194220131623 0.00752547178943060221 0.82175578410061056456 0.09120762368688163646 
0.00092166728255500222 0.06149461728901589597 0.00887544875201741815 0.80097511266076093506 0.12773315401565074612 
0.00000000099999999997 0.00000000099999999997 0.00013702076182218724 0.61401467971170942128 0.38584829752646826462 
0.00000000099999999995 0.00000000099999999995 0.00000000099999999995 0.63473587349753379794 0.36526412350246623140 
0.00000000099999999999 0.04567659271219415285 0.01206890368269401131 0.81048812896735156208 0.13176637363776030898 
0.00378353054987622941 0.03589405754391458703 0.00702867524165302210 0.79422094431405454440 0.15907279235050172939 
0.00000000099999999995 0.00000000099999999995 0.00000000099999999995 0.00004373429545412723 0.99995626270454573969 
