0.00000000099999999996 0.80204533396661659150 0.00000000099999999996 0.00000000099999999996 0.00000000099999999996 0.00000000099999999996 0.00000000099999999996 0.19795465903338341218 0.00000000099999999996 
0.00000000099999999996 0.75450766302441774069 0.00000000099999999996 0.00000000099999999996 0.00000000099999999996 0.00000000099999999996 0.00000000099999999996 0.24549232997558234626 0.00000000099999999996 
0.00000000099999999991 0.00000000099999999991 0.00000000099999999991 0.00000000099999999991 0.00000000099999999991 0.00000000099999999991 0.00000000099999999991 0.00000000099999999991 0.99999999199999989319 
0.00000000099999999994 0.79779282317832345139 0.00000000099999999994 0.00000000099999999994 0.00000000099999999994 0.00000000099999999994 0.00337726577654400744 0.19882990504513273211 0.00000000099999999994 
0.00000000099999999990 0.86899954110524491036 0.00000000099999999990 0.00000000099999999990 0.00000000099999999990 0.00000000099999999990 0.01882058449771038811 0.11217986839704481572 0.00000000099999999990 
0.00000000099999999993 0.87206025657546215601 0.00000000099999999993 0.00000000099999999993 0.00000000099999999993 0.00000000099999999993 0.02310293861791136091 0.10483679880662644113 0.00000000099999999993 
0.00000000099999999957 0.00000000099999999957 0.00000000099999999957 0.00000000099999999957 0.99999999200000011523 0.00000000099999999957 0.00000000099999999957 0.00000000099999999957 0.00000000099999999957 
0.00000000099999999983 0.76086132675609530196 0.00000000099999999983 0.00000000099999999983 0.00000000099999999983 0.00000000099999999983 0.00000000099999999983 0.23913866624390486826 0.00000000099999999983 
0.00000000099999999938 0.00000000099999999938 0.00000000099999999938 0.00000000099999999938 0.99999999200000011523 0.00000000099999999938 0.00000000099999999938 0.00000000099999999938 0.00000000099999999938 
0.00000000099999999985 0.71140870857105731329 0.00000000099999999985 0.00000000099999999985 0.00000000099999999985 0.00000000099999999985 0.00000000099999999985 0.28859128442894271815 0.00000000099999999985 
0.00000000099999999980 0.77421445817780265575 0.00000000099999999980 0.00000000099999999980 0.00000000099999999980 0.00000000099999999980 0.00000000099999999980 0.22578553482219751447 0.00000000099999999980 
0.00000000099999999991 0.89243777625867715120 0.00000000099999999991 0.00000000099999999991 0.00000000099999999991 0.00000000099999999991 0.00000000099999999991 0.10756221674132289412 0.00000000099999999991 
0.00000000099999999995 0.89182304855672878130 0.00000000099999999995 0.00000000099999999995 0.00000000099999999995 0.00000000099999999995 0.00561390357755502459 0.10256304186571635340 0.00000000099999999995 
0.00000000099999999993 0.86970503104305241227 0.00000000099999999993 0.00000000099999999993 0.00000000099999999993 0.00000000099999999993 0.02623961046206028588 0.10405535249488759297 0.00000000099999999993 
0.00000000099999999991 0.00000000099999999991 0.08906247152686037893 0.00000000099999999991 0.00000000099999999991 0.00000000099999999991 0.00000000099999999991 0.00000000099999999991 0.91093752147313955536 
0.00000000099999999984 0.80360630528773668857 0.00000000099999999984 0.00000000099999999984 0.00000000099999999984 0.00000000099999999984 0.00000000099999999984 0.19639368771226356492 0.00000000099999999984 
0.00000000099999999980 0.73314257305987540203 0.00000000099999999980 0.00000000099999999980 0.00000000099999999980 0.00000000099999999980 0.00000000099999999980 0.26685741994012479594 0.00000000099999999980 
0.00000000099999999987 0.87607471168127470929 0.00000000099999999987 0.00000000099999999987 0.01230657852235334838 0.00000000099999999987 0.00000000099999999987 0.11161870379637196804 0.00000000099999999987 
0.00000000099999999986 0.78045764245221060929 0.00000000099999999986 0.00000000099999999986 0.00000000099999999986 0.00000000099999999986 0.00000000099999999986 0.21954235054778939440 0.00000000099999999986 
0.00000000099999999996 0.89567414440161008393 0.00000000099999999996 0.00000000099999999996 0.10432584859839014180 0.00000000099999999996 0.00000000099999999996 0.00000000099999999996 0.00000000099999999996 
0.00000000099999999955 0.00000000099999999955 0.00000000099999999955 0.00000000099999999955 0.99999999200000000421 0.00000000099999999955 0.00000000099999999955 0.00000000099999999955 0.00000000099999999955 
0.00000000099999999991 0.90655843336473962424 0.00000000099999999991 0.00000000099999999991 0.09344155963526050435 0.00000000099999999991 0.00000000099999999991 0.00000000099999999991 0.00000000099999999991 
0.00535835751108621871 0.87087577298596841047 0.00000000099999999998 0.00000000099999999998 0.00000000099999999998 0.00000000099999999998 0.01578602928309831566 0.10797983521984703958 0.00000000099999999998 
0.00000000099999999942 0.00000000099999999942 0.00000000099999999942 0.00000000099999999942 0.99999999200000000421 0.00000000099999999942 0.00000000099999999942 0.00000000099999999942 0.00000000099999999942 
0.00000000099999999948 0.00000000099999999948 0.00000000099999999948 0.00000000099999999948 0.00000000099999999948 0.00000000099999999948 0.00000000099999999948 0.99999999200000000421 0.00000000099999999948 
0.00000000099999999982 0.76228181683985551942 0.00000000099999999982 0.00000000099999999982 0.00000000099999999982 0.00000000099999999982 0.00000000099999999982 0.23771817616014467855 0.00000000099999999982 
0.00000000099999999988 0.78090392357287519154 0.00000000099999999988 0.00000000099999999988 0.00000000099999999988 0.00000000099999999988 0.02695553315508541006 0.19214053727203952993 0.00000000099999999988 
0.00000000099999999971 0.66223584668234214412 0.00000000099999999971 0.00000000099999999971 0.00000000099999999971 0.00000000099999999971 0.00000000099999999971 0.33776414631765805385 0.00000000099999999971 
0.95550000658113265484 0.00000000099999999994 0.01222988943866375362 0.00000090491877688700 0.03226919406142698260 0.00000000099999999994 0.00000000099999999994 0.00000000099999999994 0.00000000099999999994 
0.00000000099999999965 0.00000000099999999965 0.00000000099999999965 0.00000000099999999965 0.99999999200000000421 0.00000000099999999965 0.00000000099999999965 0.00000000099999999965 0.00000000099999999965 
0.00000000099999999999 0.88262877042596987742 0.01240845884833772714 0.00000000099999999999 0.00000000099999999999 0.00000000099999999999 0.00000705498261001011 0.10495571074308243653 0.00000000099999999999 
0.00000000099999999994 0.62986407182398951310 0.00000000099999999994 0.00000000099999999994 0.12314849857529945598 0.00000000099999999994 0.00000000099999999994 0.24698742360071127000 0.00000000099999999994 
0.00000000099999999998 0.67425001166943776543 0.01382232589372270164 0.00000000099999999998 0.00062428353648996346 0.01102668093454045074 0.00000000099999999998 0.30027669396580897176 0.00000000099999999998 
0.00000000099999999987 0.65865748612905183901 0.00000000099999999987 0.00000000099999999987 0.00000000099999999987 0.00000000099999999987 0.10084791252732301647 0.24049459534362521707 0.00000000099999999987 
0.00000000099999999980 0.06509139548010144105 0.00000000099999999980 0.00000000099999999980 0.93490154706213934865 0.00000000099999999980 0.00000000099999999980 0.00000705145775913334 0.00000000099999999980 
0.00000000099999999984 0.74921486079390975377 0.00000000099999999984 0.00000000099999999984 0.00000000099999999984 0.00000000099999999984 0.00000000099999999984 0.25078513220609033318 0.00000000099999999984 
0.00000000099999999995 0.85967681071858470521 0.00000000099999999995 0.00000000099999999995 0.01014770786162408865 0.00000000099999999995 0.01270637210499956163 0.11746910431479165582 0.00000000099999999995 
0.00000000099999999940 0.00000000099999999940 0.00000000099999999940 0.00000000099999999940 0.00000000099999999940 0.00000000099999999940 0.00000000099999999940 0.99999999199999989319 0.00000000099999999940 
0.00000000099999999988 0.76837312434756488422 0.00000000099999999988 0.00000000099999999988 0.00000000099999999988 0.00000000099999999988 0.00000000099999999988 0.23162686865243525824 0.00000000099999999988 
0.00000000099999999996 0.56963924504237095636 0.00000000099999999996 0.00000000099999999996 0.24695368753093599468 0.00000000099999999996 0.00018120277489880058 0.18322585965179427614 0.00000000099999999996 
0.00000000099999999985 0.63410326959429452742 0.00000000099999999985 0.00000000099999999985 0.13742523533266221003 0.00000000099999999985 0.00000000099999999985 0.22847148907304337673 0.00000000099999999985 
0.08463223116635400223 0.68864277416388386399 0.00000000099999999998 0.01014493967526598935 0.00000000099999999998 0.00000000099999999998 0.00570880873611073845 0.21087124225838535518 0.00000000099999999998 
0.98916716458456366290 0.00000000099999999989 0.00000000099999999989 0.01083282841543649518 0.00000000099999999989 0.00000000099999999989 0.00000000099999999989 0.00000000099999999989 0.00000000099999999989 
0.00000000099999999995 0.74738567339525852073 0.00000000099999999995 0.00000000099999999995 0.00000000099999999995 0.00000000099999999995 0.00000000099999999995 0.23057069156902215701 0.02204362903571954052 
0.00000000099999999989 0.80231526907575390073 0.00000000099999999989 0.00000000099999999989 0.00000000099999999989 0.00000000099999999989 0.02864532761816290102 0.16903939730608333325 0.00000000099999999989 
0.00000000099999999991 0.84387009254117617552 0.00000000099999999991 0.00000000099999999991 0.00000000099999999991 0.00000000099999999991 0.01216099127299252389 0.14396891018583141131 0.00000000099999999991 
0.99999999200000022626 0.00000000099999999994 0.00000000099999999994 0.00000000099999999994 0.00000000099999999994 0.00000000099999999994 0.00000000099999999994 0.00000000099999999994 0.00000000099999999994 
0.88877732707438239501 0.00000000099999999992 0.00000000099999999992 0.06548747631172857631 0.00000000099999999992 0.00000000099999999992 0.04573519061388924695 0.00000000099999999992 0.00000000099999999992 
0.86399426365017228946 0.00000000099999999993 0.00000000099999999993 0.07724096618260083147 0.00000000099999999993 0.00000000099999999993 0.05876476416722695162 0.00000000099999999993 0.00000000099999999993 
0.29952683168527116653 0.00000000099999999996 0.27621970869337159060 0.37970313590942977866 0.00000000099999999996 0.03766505098592663747 0.00688526872600078374 0.00000000099999999996 0.00000000099999999996 
0.65987637243857355518 0.00082005096161386103 0.06736012893893691955 0.20293107139471178169 0.00000000099999999998 0.03092450759798554341 0.03788731318316197055 0.00000000099999999998 0.00020055348501653452 
0.00000000099999999984 0.00000000099999999984 0.11110749048677255602 0.88889250251322760032 0.00000000099999999984 0.00000000099999999984 0.00000000099999999984 0.00000000099999999984 0.00000000099999999984 
0.00000000099999999981 0.00000000099999999981 0.00000000099999999981 0.99999999200000000421 0.00000000099999999981 0.00000000099999999981 0.00000000099999999981 0.00000000099999999981 0.00000000099999999981 
0.61572022414052329786 0.00000000099999999997 0.14394782030191249911 0.18218451276578206954 0.00000000099999999997 0.01875534363484634634 0.03670813919040869650 0.00268395696652705146 0.00000000099999999997 
0.00000000099999999975 0.00000000099999999975 0.00000000099999999975 0.99999999200000000421 0.00000000099999999975 0.00000000099999999975 0.00000000099999999975 0.00000000099999999975 0.00000000099999999975 
0.00000000099999999988 0.00000000099999999988 0.00000000099999999988 0.99999999200000011523 0.00000000099999999988 0.00000000099999999988 0.00000000099999999988 0.00000000099999999988 0.00000000099999999988 
0.61809576716317393696 0.01964159225847786697 0.19433177309430313406 0.13150760482437140464 0.00000000099999999998 0.00012611500513403206 0.03629626193154512903 0.00000088372299443083 0.00000000099999999998 
0.07922134449911019671 0.00000000099999999995 0.25506326953811547797 0.65148255369133822867 0.00000000099999999995 0.01423282727143608713 0.00000000099999999995 0.00000000099999999995 0.00000000099999999995 
0.00000000099999999997 0.89095861823625466247 0.00000000099999999997 0.00968566979027049753 0.09119092365667803846 0.00000000099999999997 0.00816476038810284507 0.00000000099999999997 0.00000002392869402951 
0.00000000099999999984 0.00000000099999999984 0.00000000099999999984 0.99999999200000011523 0.00000000099999999984 0.00000000099999999984 0.00000000099999999984 0.00000000099999999984 0.00000000099999999984 
0.00000000099999999980 0.00000000099999999980 0.00000000099999999980 0.99999999200000011523 0.00000000099999999980 0.00000000099999999980 0.00000000099999999980 0.00000000099999999980 0.00000000099999999980 
0.00000000099999999982 0.00000000099999999982 0.00000000099999999982 0.99999999200000000421 0.00000000099999999982 0.00000000099999999982 0.00000000099999999982 0.00000000099999999982 0.00000000099999999982 
0.00000000099999999983 0.00000000099999999983 0.00000000099999999983 0.99999999200000011523 0.00000000099999999983 0.00000000099999999983 0.00000000099999999983 0.00000000099999999983 0.00000000099999999983 
0.00000000099999999981 0.00000000099999999981 0.00000000099999999981 0.99999999200000000421 0.00000000099999999981 0.00000000099999999981 0.00000000099999999981 0.00000000099999999981 0.00000000099999999981 
0.00000000099999999984 0.00000000099999999984 0.00000000099999999984 0.99999999200000011523 0.00000000099999999984 0.00000000099999999984 0.00000000099999999984 0.00000000099999999984 0.00000000099999999984 
0.00568461439783851316 0.82326781401907711544 0.00000000099999999999 0.00000000099999999999 0.07429214103709957939 0.00000000099999999999 0.01406335327195629148 0.08263627035558493428 0.00005580391844362350 
0.00000000099999999990 0.83875642421314600128 0.00000000099999999990 0.00000000099999999990 0.00000000099999999990 0.00000000099999999990 0.01509586414259942409 0.14614770564425480504 0.00000000099999999990 
0.00000000099999999991 0.93142897267145718931 0.00000000099999999991 0.00000000099999999991 0.06857102032854298090 0.00000000099999999991 0.00000000099999999991 0.00000000099999999991 0.00000000099999999991 
0.00000000099999999959 0.00000000099999999959 0.00000000099999999959 0.00000000099999999959 0.99999999200000011523 0.00000000099999999959 0.00000000099999999959 0.00000000099999999959 0.00000000099999999959 
0.00000000099999999983 0.00000000099999999983 0.00000000099999999983 0.00000000099999999983 0.00000000099999999983 0.00000000099999999983 0.00000000099999999983 0.99999999199999989319 0.00000000099999999983 
0.00000000099999999977 0.55549036352435676722 0.00000000099999999977 0.00000000099999999977 0.00000000099999999977 0.00000000099999999977 0.00000000099999999977 0.44450962947564337524 0.00000000099999999977 
0.00000000099999999931 0.00000000099999999931 0.00000000099999999931 0.00000000099999999931 0.00000000099999999931 0.00000000099999999931 0.00000000099999999931 0.99999999199999989319 0.00000000099999999931 
0.00000000099999999988 0.75321108556379479104 0.00000000099999999988 0.00000000099999999988 0.01132564982747940284 0.00000000099999999988 0.00000000099999999988 0.23546325860872596714 0.00000000099999999988 
0.00000000099999999984 0.79106088188130130323 0.00000000099999999984 0.00000000099999999984 0.00000000099999999984 0.00000000099999999984 0.00000000099999999984 0.20893911111869878372 0.00000000099999999984 
0.00000000099999999990 0.76021512935280177725 0.00000000099999999990 0.00000000099999999990 0.00000000099999999990 0.00000000099999999990 0.04445971704296985266 0.19532514760422847733 0.00000000099999999990 
0.00000000099999999990 0.88977046195160924835 0.00000000099999999990 0.00000000099999999990 0.11022953104839089411 0.00000000099999999990 0.00000000099999999990 0.00000000099999999990 0.00000000099999999990 
0.01292106130637143274 0.78422336519792579246 0.00000000099999999995 0.00000000099999999995 0.00000000099999999995 0.00000000099999999995 0.02560540043299654525 0.17725016806270621483 0.00000000099999999995 
0.00000000099999999975 0.76913675144466830957 0.00000000099999999975 0.00000000099999999975 0.00000000099999999975 0.00000000099999999975 0.00000000099999999975 0.23086324155533183289 0.00000000099999999975 
0.99999999200000011523 0.00000000099999999983 0.00000000099999999983 0.00000000099999999983 0.00000000099999999983 0.00000000099999999983 0.00000000099999999983 0.00000000099999999983 0.00000000099999999983 
0.00000000099999999985 0.76703586756109809475 0.00000000099999999985 0.00000000099999999985 0.00000000099999999985 0.00000000099999999985 0.00000000099999999985 0.23296412543890201996 0.00000000099999999985 
0.00000000099999999996 0.87179623941679074139 0.00000000099999999996 0.00000000099999999996 0.00000000099999999996 0.00000000099999999996 0.01304525441888200292 0.11515850016432722935 0.00000000099999999996 
0.00000000099999999934 0.00000000099999999934 0.00000000099999999934 0.00000000099999999934 0.00000000099999999934 0.00000000099999999934 0.00000000099999999934 0.99999999200000000421 0.00000000099999999934 
0.00000000099999999986 0.77418347820224242550 0.00000000099999999986 0.00000000099999999986 0.00000000099999999986 0.00000000099999999986 0.00000000099999999986 0.22581651479775768920 0.00000000099999999986 
0.00000000099999999978 0.79177321853205173685 0.00000000099999999978 0.00000000099999999978 0.00000000099999999978 0.00000000099999999978 0.00000000099999999978 0.20822677446794826683 0.00000000099999999978 
0.00000000099999999991 0.78482257071169581053 0.00000000099999999991 0.00000000099999999991 0.00000000099999999991 0.00000000099999999991 0.00000000099999999991 0.21517742228830433193 0.00000000099999999991 
0.00000000099999999984 0.80364518056000988633 0.00000000099999999984 0.00000000099999999984 0.00000000099999999984 0.00000000099999999984 0.01329175123841920547 0.18306306220157103626 0.00000000099999999984 
0.97008282381672727990 0.00000000099999999996 0.00005944006789419127 0.00000000099999999996 0.00000000099999999996 0.02985773011537853558 0.00000000099999999996 0.00000000099999999996 0.00000000099999999996 
0.00000000099999999948 0.00000000099999999948 0.00000000099999999948 0.00000000099999999948 0.00000000099999999948 0.00000000099999999948 0.00000000099999999948 0.99999999200000000421 0.00000000099999999948 
0.00000000099999999956 0.00000000099999999956 0.00000000099999999956 0.00000000099999999956 0.00000000099999999956 0.00000000099999999956 0.00000000099999999956 0.99999999199999989319 0.00000000099999999956 
0.00000000099999999990 0.83604505162699427334 0.00000000099999999990 0.00000000099999999990 0.00000000099999999990 0.00000000099999999990 0.00000000099999999990 0.16395494137300595239 0.00000000099999999990 
0.01578289922502556022 0.00000000099999999989 0.38847882283033535744 0.00000000099999999989 0.00000000099999999989 0.23992744415317721063 0.00000000099999999989 0.00000000099999999989 0.35581082879146191944 
0.09966377867551723391 0.00000000099999999992 0.85384847014948561661 0.04648774517499736081 0.00000000099999999992 0.00000000099999999992 0.00000000099999999992 0.00000000099999999992 0.00000000099999999992 
0.00000000099999999976 0.00000000099999999976 0.99999999200000000421 0.00000000099999999976 0.00000000099999999976 0.00000000099999999976 0.00000000099999999976 0.00000000099999999976 0.00000000099999999976 
0.00000000099999999948 0.00000000099999999948 0.00000000099999999948 0.00000000099999999948 0.00000000099999999948 0.00000000099999999948 0.00000000099999999948 0.00000000099999999948 0.99999999200000000421 
0.00000000099999999939 0.00000000099999999939 0.00000000099999999939 0.00000000099999999939 0.00000000099999999939 0.00000000099999999939 0.00000000099999999939 0.00000000099999999939 0.99999999200000000421 
0.00000000099999999979 0.71380716442516778386 0.00000000099999999979 0.00000000099999999979 0.00000000099999999979 0.00000000099999999979 0.00000000099999999979 0.28619282857483235860 0.00000000099999999979 
0.11974825661620608352 0.00000000099999999995 0.81354711998675532936 0.03911968499967295732 0.00000000099999999995 0.02620897923832531465 0.00137595515904032485 0.00000000099999999995 0.00000000099999999995 
0.23286775059120431997 0.00000000099999999997 0.63047222510789535654 0.00178286611824206515 0.00000000099999999997 0.09253460184854038484 0.00899111866231372056 0.00000000099999999997 0.03335143467180409771 
0.10913130507591761731 0.00000000099999999994 0.82020093274239791459 0.05964295700557595281 0.00000000099999999994 0.01102479625685066043 0.00000000491925784003 0.00000000099999999994 0.00000000099999999994 
0.07981070949872150211 0.00000000099999999986 0.92018928350127848770 0.00000000099999999986 0.00000000099999999986 0.00000000099999999986 0.00000000099999999986 0.00000000099999999986 0.00000000099999999986 
0.00000000099999999980 0.00000000099999999980 0.99999999200000011523 0.00000000099999999980 0.00000000099999999980 0.00000000099999999980 0.00000000099999999980 0.00000000099999999980 0.00000000099999999980 
0.00000000099999999936 0.00000000099999999936 0.00000000099999999936 0.00000000099999999936 0.00000000099999999936 0.00000000099999999936 0.00000000099999999936 0.00000000099999999936 0.99999999199999989319 
0.00000000099999999952 0.00000000099999999952 0.00000000099999999952 0.00000000099999999952 0.00000000099999999952 0.00000000099999999952 0.00000000099999999952 0.00000000099999999952 0.99999999200000000421 
0.12878536846059898680 0.00000000099999999992 0.87121462453940101689 0.00000000099999999992 0.00000000099999999992 0.00000000099999999992 0.00000000099999999992 0.00000000099999999992 0.00000000099999999992 
0.00000000099999999974 0.00000000099999999974 0.99999999200000011523 0.00000000099999999974 0.00000000099999999974 0.00000000099999999974 0.00000000099999999974 0.00000000099999999974 0.00000000099999999974 
0.18310966944037201931 0.00000000099999999994 0.80117309540786796340 0.00000000099999999994 0.00000000099999999994 0.01571722915176005167 0.00000000099999999994 0.00000000099999999994 0.00000000099999999994 
0.19850815966143176006 0.00000000099999999996 0.74242244624671105413 0.00048919473400291073 0.00000000099999999996 0.01964624309095713492 0.00000000099999999996 0.00000000099999999996 0.03893395226689728289 
0.21380599581273157517 0.00000000099999999997 0.63950111811094323411 0.07676477545414836512 0.00000000099999999997 0.03945263896298414202 0.00211342726606309752 0.00000000099999999997 0.02836204139312952996 
0.00608112512993837142 0.00000000099999999993 0.36155954103018833612 0.00000000099999999993 0.00000000099999999993 0.27849398798401320265 0.00000000099999999993 0.00000000099999999993 0.35386534085585996667 
0.24221154342961212502 0.00000000099999999996 0.64372156541476943659 0.00000000202178791366 0.00000000099999999996 0.06936589246748255111 0.00134738348605285331 0.00000000099999999996 0.04335361018029515456 
0.22799922180094212010 0.00000000099999999997 0.71326381231480651124 0.00000000099999999997 0.00000000099999999997 0.01627851022985338236 0.00000000099999999997 0.00000000099999999997 0.04245845065439802363 
0.11002522895194806474 0.00000000099999999993 0.79609185759297995677 0.08402064095394071175 0.00000000099999999993 0.00986226750113139601 0.00000000099999999993 0.00000000099999999993 0.00000000099999999993 
0.99962025090715389553 0.00000000099999999985 0.00000000099999999985 0.00037958448178035566 0.00000000099999999985 0.00000015861106585733 0.00000000099999999985 0.00000000099999999985 0.00000000099999999985 
0.07273672559011672145 0.00000000099999999994 0.26792503720691424052 0.08088456714259043001 0.00000000099999999994 0.20718737100619630254 0.00000000099999999994 0.00000000099999999994 0.37126629505418229371 
0.59964020638705961552 0.01634757047247017980 0.13084556293827714901 0.20632647702818812663 0.00000000099999999998 0.00348666561917997022 0.04314972894119824959 0.00000000099999999998 0.00020378661362685719 
0.99530533588577729809 0.00000000099999999987 0.00000000099999999987 0.00469465711422287733 0.00000000099999999987 0.00000000099999999987 0.00000000099999999987 0.00000000099999999987 0.00000000099999999987 
0.01633861261694019573 0.00000000099999999993 0.18132081136889691142 0.00000001084022221573 0.00000000099999999993 0.24481856389153450193 0.00000000099999999993 0.00000000099999999993 0.55752199728240614540 
0.02917965556633134866 0.00000000099999999992 0.38475196236428077512 0.11905196965290219813 0.00000000099999999992 0.13688368594841032744 0.00000000099999999992 0.00000000099999999992 0.33013272246807540133 
0.06057603988473454770 0.00000000099999999994 0.30388563152091502273 0.11443862597046244867 0.00000000099999999994 0.19602536574538750869 0.00000000099999999994 0.00000000099999999994 0.32507433287850040493 
0.98820225073300105301 0.00000000099999999994 0.00000000099999999994 0.00000000099999999994 0.00000000099999999994 0.01179774226699916058 0.00000000099999999994 0.00000000099999999994 0.00000000099999999994 
0.00000000099999999985 0.00000000099999999985 0.00000000099999999985 0.99999999200000000421 0.00000000099999999985 0.00000000099999999985 0.00000000099999999985 0.00000000099999999985 0.00000000099999999985 
0.94551988062785941036 0.00000000099999999991 0.05380377731220541832 0.00000000099999999991 0.00000000099999999991 0.00067633605993526219 0.00000000099999999991 0.00000000099999999991 0.00000000099999999991 
0.00000000099999999965 0.00000000099999999965 0.00000000099999999965 0.00000000099999999965 0.00000000099999999965 0.00000000099999999965 0.00000000099999999965 0.00000000099999999965 0.99999999199999989319 
0.00000006250532381204 0.00000000099999999993 0.13906642083771908469 0.00000000099999999993 0.00000000099999999993 0.24860360830794983600 0.00000000099999999993 0.00000000099999999993 0.61232990334900727625 
0.62315758092408446434 0.00529538047771674434 0.04849333753667991326 0.21188767105678765756 0.00000000099999999998 0.06048982542341276719 0.03698573023334979226 0.00000000099999999998 0.01369047234796869246 
0.07533136114674768291 0.00000000099999999997 0.30115864819660959073 0.04132562079751030126 0.00000000099999999997 0.18571467931776483584 0.00000000099999999997 0.00000000099999999997 0.39646968654136777177 
0.05637020715263891396 0.00000000099999999992 0.29108612491518742749 0.05003227204395452321 0.00000000099999999992 0.21187349111943176716 0.00000000099999999992 0.00000000099999999992 0.39063790076878734947 
0.00000000099999999987 0.00000000099999999987 0.90479070423020635516 0.09520928825836655340 0.00000000099999999987 0.00000000151142697173 0.00000000099999999987 0.00000000099999999987 0.00000000099999999987 
0.00000000099999999981 0.00000000099999999981 0.00000000099999999981 0.00000000099999999981 0.00000000099999999981 0.00000000099999999981 0.00000000099999999981 0.00000000099999999981 0.99999999199999989319 
0.00000000099999999963 0.00000000099999999963 0.00000000099999999963 0.00000000099999999963 0.00000000099999999963 0.00000000099999999963 0.00000000099999999963 0.00000000099999999963 0.99999999200000000421 
0.00000000099999999970 0.00000000099999999970 0.00000000099999999970 0.00000000099999999970 0.00000000099999999970 0.00000000099999999970 0.00000000099999999970 0.00000000099999999970 0.99999999199999989319 
0.05312181849415851392 0.00000000099999999993 0.26299980793552441005 0.04498534236214667137 0.00000000099999999993 0.19549780919893697262 0.00000000099999999993 0.00000000099999999993 0.44339521800923337169 
0.11671216043835687393 0.00000000099999999996 0.28677682001942178536 0.00000005499315688674 0.00000000099999999996 0.17361073367462145911 0.00000000099999999996 0.00000000099999999996 0.42290022687444311922 
0.04143266412353230344 0.00000000099999999993 0.76941049139662098799 0.17421858082710825477 0.00000000099999999993 0.01493825865273853103 0.00000000099999999993 0.00000000099999999993 0.00000000099999999993 
0.05009091840118527067 0.00000000099999999993 0.28947892733631042095 0.10061663038727712560 0.00000000099999999993 0.19540366363458019916 0.00000000099999999993 0.00000000099999999993 0.36440985624064697879 
0.08384530404101059320 0.00000000099999999993 0.30056464264545956766 0.08808729240887255840 0.00000000099999999993 0.18095541407304660542 0.00000000099999999993 0.00000000099999999993 0.34654734283161064967 
0.99999999200000022626 0.00000000099999999990 0.00000000099999999990 0.00000000099999999990 0.00000000099999999990 0.00000000099999999990 0.00000000099999999990 0.00000000099999999990 0.00000000099999999990 
0.00000000099999999984 0.00000000099999999984 0.97369853189591770715 0.02630146110408230001 0.00000000099999999984 0.00000000099999999984 0.00000000099999999984 0.00000000099999999984 0.00000000099999999984 
0.00000000099999999987 0.00000000099999999987 0.00000000099999999987 0.99999999200000011523 0.00000000099999999987 0.00000000099999999987 0.00000000099999999987 0.00000000099999999987 0.00000000099999999987 
0.99999999200000022626 0.00000000099999999989 0.00000000099999999989 0.00000000099999999989 0.00000000099999999989 0.00000000099999999989 0.00000000099999999989 0.00000000099999999989 0.00000000099999999989 
0.00000000099999999968 0.00000000099999999968 0.00000000099999999968 0.00000000099999999968 0.00000000099999999968 0.00000000099999999968 0.00000000099999999968 0.00000000099999999968 0.99999999200000000421 
0.00000000099999999991 0.00000000099999999991 0.24700115431304875413 0.09258359484765825431 0.00000000099999999991 0.26904548260352412203 0.00000000099999999991 0.00000000099999999991 0.39136976323576883052 
0.10489287184540468933 0.00000000099999999996 0.42559374730401178244 0.08886508300254974957 0.00000000099999999996 0.10717961638601607166 0.00000000099999999996 0.00000000099999999996 0.27346867746201769522 
0.00000000099999999987 0.00000000099999999987 0.00000000099999999987 0.99999999200000000421 0.00000000099999999987 0.00000000099999999987 0.00000000099999999987 0.00000000099999999987 0.00000000099999999987 
0.27076232282805379192 0.00000000099999999996 0.23335170592321369254 0.44678431979833660437 0.00000000099999999996 0.04514709406715169265 0.00395455338324422756 0.00000000099999999996 0.00000000099999999996 
0.00000000099999999979 0.00000000099999999979 0.00000000099999999979 0.00000000099999999979 0.00000000099999999979 0.00000000099999999979 0.00000000099999999979 0.00000000099999999979 0.99999999199999989319 
0.03187610240586460919 0.00000000099999999992 0.21527499380361775350 0.00273765694957487033 0.00000000099999999992 0.22054332465849088574 0.00000000099999999992 0.00000000099999999992 0.52956791818245185777 
0.05174527388376812947 0.41909382570939934798 0.00000000099999999998 0.08005268162765286077 0.00438088778093715867 0.00000000099999999998 0.37230580658107192971 0.07242152141717043967 0.00000000099999999998 
0.00000000099999999950 0.00000000099999999950 0.00000000099999999950 0.00000000099999999950 0.00000000099999999950 0.00000000099999999950 0.99999999199999989319 0.00000000099999999950 0.00000000099999999950 
0.00000000099999999962 0.00000000099999999962 0.00000000099999999962 0.00000000099999999962 0.00000000099999999962 0.00000000099999999962 0.99999999200000000421 0.00000000099999999962 0.00000000099999999962 
0.05554724370306299980 0.44113615586097881804 0.00000000099999999998 0.07707047418950140061 0.00900945897881588395 0.00000000099999999998 0.36219344933374886253 0.05504321493389191522 0.00000000099999999998 
0.00000000099999999954 0.00000000099999999954 0.00000000099999999954 0.00000000099999999954 0.00000000099999999954 0.00000000099999999954 0.99999999199999989319 0.00000000099999999954 0.00000000099999999954 
0.00000000099999999947 0.00000000099999999947 0.00000000099999999947 0.00000000099999999947 0.00000000099999999947 0.00000000099999999947 0.99999999200000000421 0.00000000099999999947 0.00000000099999999947 
0.00000000099999999941 0.00000000099999999941 0.00000000099999999941 0.00000000099999999941 0.00000000099999999941 0.00000000099999999941 0.99999999199999989319 0.00000000099999999941 0.00000000099999999941 
0.07791670808442217877 0.44035522376650459986 0.00000000099999999998 0.06730586536407943965 0.00000000099999999998 0.00000000099999999998 0.36668060366999155608 0.04774159511500226938 0.00000000099999999998 
0.00000000099999999953 0.00000000099999999953 0.00000000099999999953 0.00000000099999999953 0.00000000099999999953 0.00000000099999999953 0.99999999199999989319 0.00000000099999999953 0.00000000099999999953 
0.07649381937396725062 0.47077453830430326942 0.00000000099999999998 0.04082157762575593790 0.00398438897864373653 0.00000000099999999998 0.35982692778539565603 0.04809874493193414674 0.00000000099999999998 
0.00000000099999999940 0.00000000099999999940 0.00000000099999999940 0.00000000099999999940 0.00000000099999999940 0.00000000099999999940 0.99999999200000000421 0.00000000099999999940 0.00000000099999999940 
0.00000000099999999993 0.87413074242868760155 0.00000000099999999993 0.00000000099999999993 0.09056781826831193649 0.00000000099999999993 0.00000000099999999993 0.03530143330300069410 0.00000000099999999993 
0.00000000099999999994 0.77603252471615313812 0.00000000099999999994 0.00000000099999999994 0.00000000099999999994 0.00000000099999999994 0.00000000099999999994 0.22396746828384708761 0.00000000099999999994 
0.00000000099999999994 0.90022582739826084719 0.00000000099999999994 0.00000000099999999994 0.09977416560173917037 0.00000000099999999994 0.00000000099999999994 0.00000000099999999994 0.00000000099999999994 
0.03326691691683981295 0.00000000099999999992 0.31661064115466175384 0.00000000099999999992 0.00000000099999999992 0.25432649117177896780 0.00000000099999999992 0.00000000099999999992 0.39579594575671944723 
0.00000000099999999983 0.76058546868629572923 0.00000000099999999983 0.00000000099999999983 0.00000000099999999983 0.00000000099999999983 0.00000000099999999983 0.23941452431370441323 0.00000000099999999983 
0.00000000099999999994 0.84656147726169261869 0.00000000099999999994 0.00000000099999999994 0.00000000099999999994 0.00000000099999999994 0.02230293610724629755 0.13113558063106114937 0.00000000099999999994 
0.00000000227698078078 0.00000000099999999991 0.23081863717712303163 0.05008526267540928251 0.00000000099999999991 0.31118369137735973906 0.00000000099999999991 0.00000000099999999991 0.40791240249312721300 
0.00000000099999999946 0.00000000099999999946 0.00000000099999999946 0.00000000099999999946 0.99999999200000011523 0.00000000099999999946 0.00000000099999999946 0.00000000099999999946 0.00000000099999999946 
0.00000000099999999994 0.90441400644673919373 0.00000000099999999994 0.00000000099999999994 0.00000000099999999994 0.00000000099999999994 0.01144674737321136476 0.08413924018004940997 0.00000000099999999994 
0.25511480842571215844 0.00000000099999999992 0.28487326956867042860 0.46001191600561747164 0.00000000099999999992 0.00000000099999999992 0.00000000099999999992 0.00000000099999999992 0.00000000099999999992 
0.02906836791339056925 0.00000000099999999992 0.24214948894203908170 0.06777666150335873163 0.00000000099999999992 0.29498667042446252706 0.00000000099999999992 0.00000000099999999992 0.36601880721674923125 
0.17975200721285666816 0.00000000099999999992 0.23600229301410283189 0.58424563875300494775 0.00000000099999999992 0.00000005602003568173 0.00000000099999999992 0.00000000099999999992 0.00000000099999999992 
0.00000000099999999988 0.00000000099999999988 0.36999813780267565289 0.03285067148464465570 0.00000000099999999988 0.21663091565502959335 0.00000000099999999988 0.00000000099999999988 0.38052027005765021173 
0.29219449903858824014 0.00000000099999999996 0.24551109252440228570 0.43855842100631059477 0.00000000099999999996 0.01580042684857997301 0.00793555658211902298 0.00000000099999999996 0.00000000099999999996 
0.00000000099999999991 0.86586053790417294440 0.00000000099999999991 0.00000000099999999991 0.00000000099999999991 0.00000000099999999991 0.01144645194515020274 0.12269300415067699306 0.00000000099999999991 
0.00000000099999999983 0.70946904824316869842 0.00000000099999999983 0.00000000099999999983 0.00000000099999999983 0.00000000099999999983 0.00000000099999999983 0.29053094475683149955 0.00000000099999999983 
0.01218092942471348666 0.00000000099999999991 0.04583158976009751862 0.94198747481518918523 0.00000000099999999991 0.00000000099999999991 0.00000000099999999991 0.00000000099999999991 0.00000000099999999991 
0.26039714092566873527 0.00000000099999999990 0.27436295946285926828 0.46523989361147199961 0.00000000099999999990 0.00000000099999999990 0.00000000099999999990 0.00000000099999999990 0.00000000099999999990 
0.00000000099999999966 0.00000000099999999966 0.00000000099999999966 0.00000000099999999966 0.99999999200000000421 0.00000000099999999966 0.00000000099999999966 0.00000000099999999966 0.00000000099999999966 
0.00000000099999999989 0.00000000099999999989 0.39202358597164843612 0.04622255166994310160 0.00000000099999999989 0.23561343119513097899 0.00000000099999999989 0.00000000099999999989 0.32614042616327737489 
0.00000000099999999950 0.00000000099999999950 0.00000000099999999950 0.00000000099999999950 0.00000000099999999950 0.00000000099999999950 0.99999999199999989319 0.00000000099999999950 0.00000000099999999950 
0.84301238859767935185 0.00000000099999999993 0.00000000099999999993 0.10051385340373505950 0.00000000099999999993 0.00000000099999999993 0.05647375199858569589 0.00000000099999999993 0.00000000099999999993 
0.00000000099999999944 0.00000000099999999944 0.00000000099999999944 0.00000000099999999944 0.00000000099999999944 0.00000000099999999944 0.99999999200000000421 0.00000000099999999944 0.00000000099999999944 
0.00000000099999999949 0.00000000099999999949 0.00000000099999999949 0.00000000099999999949 0.00000000099999999949 0.00000000099999999949 0.99999999199999989319 0.00000000099999999949 0.00000000099999999949 
0.81379922776730440059 0.00000000099999999996 0.00000000099999999996 0.13434447591121240206 0.00000000099999999996 0.00000000099999999996 0.05185629032148333234 0.00000000099999999996 0.00000000099999999996 
0.00000000099999999975 0.00000000099999999975 0.00000000099999999975 0.00000000099999999975 0.00000000099999999975 0.00000000099999999975 0.99999999200000000421 0.00000000099999999975 0.00000000099999999975 
0.87763084772278954215 0.00000000099999999995 0.00000000099999999995 0.06982344326415045044 0.00000000099999999995 0.00000000099999999995 0.05254570301306001751 0.00000000099999999995 0.00000000099999999995 
0.00000000099999999977 0.00000000099999999977 0.00000000099999999977 0.00000000099999999977 0.00000000099999999977 0.00000000099999999977 0.99999999199999989319 0.00000000099999999977 0.00000000099999999977 
0.84200752444924686912 0.00000000099999999998 0.00000000099999999998 0.10763012125565665777 0.00000000099999999998 0.00000000099999999998 0.05036234829509656646 0.00000000099999999998 0.00000000099999999998 
0.00000000099999999979 0.69179526921509848503 0.00000000099999999979 0.00000000099999999979 0.00000000099999999979 0.00000000099999999979 0.00000000099999999979 0.30820472378490160192 0.00000000099999999979 
0.00000000099999999984 0.00000000099999999984 0.06234219968299568176 0.00000000099999999984 0.00000000099999999984 0.93765779331700427335 0.00000000099999999984 0.00000000099999999984 0.00000000099999999984 
0.00000000099999999992 0.84567534773654451374 0.00000000099999999992 0.00000000099999999992 0.00000000099999999992 0.00000000099999999992 0.02917073839463866017 0.12515390786881705476 0.00000000099999999992 
0.00000000099999999975 0.71145206040068309505 0.00000000099999999975 0.00000000099999999975 0.00000000099999999975 0.00000000099999999975 0.00000000099999999975 0.28854793259931704741 0.00000000099999999975 
0.00000000099999999987 0.77676454214422385736 0.00000000099999999987 0.00000000099999999987 0.00000000099999999987 0.00000000099999999987 0.00000000099999999987 0.22323545085577639613 0.00000000099999999987 
