0.99901092565034488313 0.00098388363626436591 0.00000518971339064666 0.00000000099999999999 
0.00000000099999999997 0.65112889951726748983 0.00000000099999999997 0.34887109848273251123 
0.99343427480286972120 0.00000000122449349554 0.00656572297263682825 0.00000000099999999999 
0.95326363127866098335 0.00000000099999999999 0.04450010402038714896 0.00223626370095177020 
0.95112954054087950340 0.00000000099999999999 0.04323952762756738677 0.00563093083155319016 
0.00000000099999999987 0.00000000099999999987 0.00000000099999999987 0.99999999699999997382 
0.99999999700000008485 0.00000000099999999995 0.00000000099999999995 0.00000000099999999995 
0.00000000099999999977 0.00000000099999999977 0.00000000099999999977 0.99999999699999997382 
0.99999999700000008485 0.00000000099999999996 0.00000000099999999996 0.00000000099999999996 
0.99999999699999997382 0.00000000099999999995 0.00000000099999999995 0.00000000099999999995 
0.97572226427142538796 0.00000000099999999999 0.01977605793403996656 0.00450167679453480733 
0.97139558893566935183 0.00000000099999999999 0.02860440906433056249 0.00000000099999999999 
0.94515143580310889693 0.00000000100000000000 0.05359132872314267132 0.00125723447374846762 
0.00000000099999999998 0.67881091922025404983 0.00000000099999999998 0.32118907877974600673 
0.99999999699999997382 0.00000000099999999996 0.00000000099999999996 0.00000000099999999996 
0.99999999699999997382 0.00000000099999999995 0.00000000099999999995 0.00000000099999999995 
0.99999999699999997382 0.00000000099999999997 0.00000000099999999997 0.00000000099999999997 
0.81456560753126894259 0.00711467247690882824 0.01853004085666530923 0.15978967913515687571 
0.00000000099999999985 0.00000000099999999985 0.00000000099999999985 0.99999999699999997382 
0.82835702866952076739 0.00000000100000000000 0.01906940248556842840 0.15257356784491082902 
0.94857482047531394009 0.01210339153766427055 0.03917701373779351043 0.00014477424922825990 
0.00000000099999999980 0.00000000099999999980 0.00000000099999999980 0.99999999699999997382 
0.99999999699999997382 0.00000000099999999987 0.00000000099999999987 0.00000000099999999987 
0.99999999699999997382 0.00000000099999999995 0.00000000099999999995 0.00000000099999999995 
0.95093422086613721422 0.00000000099999999997 0.04906577713386291867 0.00000000099999999997 
0.99999999699999997382 0.00000000099999999991 0.00000000099999999991 0.00000000099999999991 
0.00000000100000000000 0.92916429289782809242 0.04104356420371813724 0.02979214189845384719 
0.00000000099999999988 0.00000000099999999988 0.00000000099999999988 0.99999999700000008485 
0.87752154702053719593 0.00000000099999999999 0.00001968834908832013 0.12245876363037452861 
0.97070930193350646320 0.02625265347278235573 0.00000000960831402549 0.00303803498539716903 
0.89182148479331191382 0.00000000099999999996 0.10817851320668805948 0.00000000099999999996 
0.99999999699999997382 0.00000000099999999996 0.00000000099999999996 0.00000000099999999996 
0.95346382066839396874 0.00000000099999999999 0.03147218042323337434 0.01506399790837270602 
0.99999999700000008485 0.00000000099999999985 0.00000000099999999985 0.00000000099999999985 
0.99999999699999997382 0.00000000099999999997 0.00000000099999999997 0.00000000099999999997 
0.86128395944388014271 0.00000000099999999996 0.00000000099999999996 0.13871603855612002487 
0.89639635041114973379 0.08954796220156269193 0.01405568638728758001 0.00000000099999999999 
0.00000000099999999997 0.96296186458137567055 0.03703813341862433745 0.00000000099999999997 
0.96983432086630438906 0.02132163132789289053 0.00000000100000000000 0.00884404680580281634 
0.94914857037411681784 0.00000000099999999999 0.05085138355081291611 0.00000004507507040186 
0.96776361779181496736 0.00000000099999999999 0.03223638020818490879 0.00000000099999999999 
0.00000000099999999999 0.97328650463385613101 0.02671349336614392209 0.00000000099999999999 
0.01257573089354185533 0.85685405249348922663 0.13057021561296877632 0.00000000099999999999 
0.00000739964759090653 0.96670421939625061913 0.03328837995615845091 0.00000000099999999998 
0.01230962008339555463 0.90883018644440904943 0.07886019247219529238 0.00000000099999999999 
0.00000000099999999997 0.98711672193140120868 0.01288327606859884268 0.00000000099999999997 
0.00000000099999999996 0.96895038498678742744 0.03104961301321253198 0.00000000099999999996 
0.00901395338862547198 0.91130760608157446168 0.07967843952980015187 0.00000000099999999998 
0.00000000099999999995 0.97944026334980116566 0.02055973465019884927 0.00000000099999999995 
0.00000000099999999997 0.97306916949621280466 0.02693082850378716517 0.00000000099999999997 
0.02715018618618687124 0.90500594065053019399 0.06784387216328280346 0.00000000099999999999 
0.00000000099999999998 0.98344203884819025863 0.01655795915180966957 0.00000000099999999998 
0.80776028540879918349 0.00665972013687950084 0.04083882538988378719 0.14474116906443751374 
0.00000000099999999998 0.92862867646823765710 0.07137132153176221905 0.00000000099999999998 
0.00000000099999999996 0.93267611480176748628 0.06732388319823247314 0.00000000099999999996 
0.00000000100000000000 0.93285335723886297910 0.06690390947974365898 0.00024273228139341696 
0.00000000099999999997 0.93961535698954889995 0.06038464101045106641 0.00000000099999999997 
0.00000002659879457468 0.93362299318281638527 0.06637697921838893456 0.00000000099999999999 
0.00000000099999999997 0.94994919107809194792 0.05005080692190812947 0.00000000099999999997 
0.87640125732289420046 0.00648368627022818250 0.02946451277668554400 0.08765054363019200712 
0.96183784016345641454 0.00000000099999999998 0.03816215783654355181 0.00000000099999999998 
0.88584219510231543282 0.00000014904212639354 0.00097965869883265820 0.11317799715672563488 
0.00000000099999999984 0.00000000099999999984 0.00000000099999999984 0.99999999700000008485 
0.98704950386900047743 0.01295049413099953230 0.00000000099999999997 0.00000000099999999997 
0.99999999699999997382 0.00000000099999999984 0.00000000099999999984 0.00000000099999999984 
0.98697383125579096763 0.00000000099999999997 0.00000000099999999997 0.01302616674420913577 
0.81807230311772993758 0.00000000116461514520 0.00773321304772208590 0.17419448266993284302 
0.94162926853396167193 0.01356450612224085854 0.04480622434379746832 0.00000000099999999999 
0.99999999699999997382 0.00000000099999999992 0.00000000099999999992 0.00000000099999999992 
0.00000000099999999996 0.96967593172350174946 0.03032406627649839037 0.00000000099999999996 
0.99999999699999997382 0.00000000099999999995 0.00000000099999999995 0.00000000099999999995 
0.96755494022201127269 0.00004600237162912703 0.02840840383152779675 0.00399065357483182476 
0.99999999700000008485 0.00000000099999999984 0.00000000099999999984 0.00000000099999999984 
0.99999999700000008485 0.00000000099999999996 0.00000000099999999996 0.00000000099999999996 
0.99999999699999997382 0.00000000099999999994 0.00000000099999999994 0.00000000099999999994 
0.96607564486218000521 0.00000000099999999997 0.03392435313781983625 0.00000000099999999997 
0.01485895967661523230 0.97164442275810691818 0.01349661656527788127 0.00000000099999999999 
0.99999999699999997382 0.00000000099999999987 0.00000000099999999987 0.00000000099999999987 
0.99999999700000008485 0.00000000099999999989 0.00000000099999999989 0.00000000099999999989 
0.99484265188096587806 0.00000000099999999998 0.00515734611903420018 0.00000000099999999998 
0.00000000099999999996 0.90238016301162560229 0.00000000099999999996 0.09761983498837449591 
0.00000000099999999997 0.99666326028000662429 0.00333673771999339975 0.00000000099999999997 
0.00000000099999999990 0.99999999700000008485 0.00000000099999999990 0.00000000099999999990 
0.00000000099999999995 0.60125134148764480813 0.00000000099999999995 0.39874865651235530395 
0.00000000099999999995 0.59232353092202993938 0.00000000099999999995 0.40767646707797000616 
0.99999999700000008485 0.00000000099999999993 0.00000000099999999993 0.00000000099999999993 
0.00000000099999999997 0.99072939430079687284 0.00927060369920323056 0.00000000099999999997 
0.00000000099999999999 0.98570358075107622486 0.01429641724892384731 0.00000000099999999999 
0.00000000099999999996 0.99231371539983592722 0.00768628260016414409 0.00000000099999999996 
0.00000000099999999994 0.99999999700000008485 0.00000000099999999994 0.00000000099999999994 
0.00000000099999999990 0.99999999699999997382 0.00000000099999999990 0.00000000099999999990 
0.00000000099999999995 0.59407457733234481090 0.00000000099999999995 0.40592542066765519015 
0.00000000099999999996 0.58908371740616438661 0.00000000099999999996 0.41091628059383550342 
0.00000000099999999996 0.99593300671395590395 0.00406699128604400776 0.00000000099999999996 
0.00000000099999999989 0.99999999700000008485 0.00000000099999999989 0.00000000099999999989 
0.00000000099999999997 0.99999998239895304675 0.00000001560104688470 0.00000000099999999997 
0.00195952589135676069 0.99216133964026165248 0.00587027697572620796 0.00000885749265546252 
0.00000500585073773514 0.98547405254904840710 0.01452094060021365783 0.00000000099999999999 
0.00000000099999999998 0.91447415688699762448 0.00000000099999999998 0.08552584111300243208 
0.00000000099999999999 0.99161335588100574245 0.00835329226405751198 0.00003335085493679173 
0.00021440442434042574 0.99515956997578880472 0.00397119637304656128 0.00065482922682418574 
0.00000000099999999997 0.99990518848215503844 0.00009480951784499821 0.00000000099999999997 
0.00000000099999999996 0.96616982260182893150 0.03383017539817116670 0.00000000099999999996 
0.00000000099999999999 0.89359120816262072040 0.00001013340083579427 0.10639865743654340624 
0.01847400567739951316 0.89230589148631589413 0.08922010183628466262 0.00000000099999999998 
0.00000000099999999998 0.82673610468416602881 0.00000000099999999998 0.17326389331583400000 
0.00000000099999999998 0.90458763461983826559 0.00000000099999999998 0.09541236338016183260 
0.00000000100000000000 0.90190718488346532933 0.00000522674935201697 0.09808758736718274640 
0.00353657692947654525 0.94956965989899289049 0.04689376217153046200 0.00000000099999999999 
0.00000000099999999997 0.97304694441614270062 0.02695305358385719635 0.00000000099999999997 
0.00000000099999999997 0.97848049986187657368 0.02151949813812344472 0.00000000099999999997 
0.00000000099999999996 0.68820493097364876522 0.00000000099999999996 0.31179506702635145787 
0.00000000099999999997 0.80272313453811772188 0.00000000099999999997 0.19727686346188233468 
0.01559554100997002576 0.90394738535044660832 0.08045707263958344624 0.00000000099999999999 
0.00572783314286251337 0.87454068482747493452 0.00196662066284406965 0.11776486136681849071 
0.00000000099999999998 0.89584549884323438906 0.00000000099999999998 0.10415449915676562587 
0.00000000099999999994 0.99999999699999997382 0.00000000099999999994 0.00000000099999999994 
0.00000000099999999995 0.68109353420970841775 0.00000000099999999995 0.31890646379029169433 
0.00000000099999999995 0.67766749142533799777 0.00000000099999999995 0.32233250657466205880 
0.00000000099999999997 0.69644226665077235694 0.00000000099999999997 0.30355773134922769962 
0.00000000099999999999 0.85489686541225329286 0.00163530793954355419 0.14346782564820317885 
0.00000000099999999999 0.87150944813531072697 0.00348896370031308040 0.12500158716437620443 
0.00000000099999999997 0.99999995147863807166 0.00000004652136192737 0.00000000099999999997 
0.00000000099999999998 0.89003984691331483603 0.00004131913854359286 0.10991883294814155936 
0.00000000099999999999 0.90172061403585235251 0.00426638686826994514 0.09401299809587779222 
0.00000000099999999998 0.97303965446534490535 0.02696034353465508182 0.00000000099999999998 
0.00000000099999999991 0.99999999700000008485 0.00000000099999999991 0.00000000099999999991 
0.00000000099999999998 0.97618243053444697654 0.02381756746555305920 0.00000000099999999998 
0.00000000099999999996 0.95824265761212201742 0.04175734038787796282 0.00000000099999999996 
0.00000000099999999997 0.68215055445660710554 0.00000000099999999997 0.31784944354339306205 
0.00000000099999999998 0.89100107451725274466 0.00000000099999999998 0.10899892348274715925 
0.00000000099999999999 0.91472373527255912418 0.00689332296184997327 0.07838294076559103318 
0.00000000099999999998 0.98161165126551375160 0.01838834673448625640 0.00000000099999999998 
0.00000013919103540371 0.96661521251516657749 0.03338464729379801016 0.00000000099999999999 
0.00000000099999999996 0.69227618556809722428 0.00000000099999999996 0.30772381243190283229 
0.00000000099999999997 0.82287548962050949264 0.00000000099999999997 0.17712450837949048066 
0.47789571239553718662 0.11949171974358130388 0.39225127000599818716 0.01036129785488328764 
0.00000000099999999985 0.00000000099999999985 0.99999999699999997382 0.00000000099999999985 
0.47695868180669959147 0.11800550881332817765 0.38567171882479917011 0.01936409055517306771 
0.00000000099999999983 0.00000000099999999983 0.99999999699999997382 0.00000000099999999983 
0.00000000099999999980 0.00000000099999999980 0.99999999699999997382 0.00000000099999999980 
0.00000000099999999977 0.00000000099999999977 0.99999999699999986280 0.00000000099999999977 
0.47281937255180783719 0.12856389433275111633 0.39084794362755209685 0.00776878948788890366 
0.00000000099999999982 0.00000000099999999982 0.99999999699999986280 0.00000000099999999982 
0.50527723413353098358 0.10478963786802640568 0.37759556611383071623 0.01233756188461195870 
0.00000000099999999977 0.00000000099999999977 0.99999999699999997382 0.00000000099999999977 
0.85917339416787730233 0.00000000100000000000 0.01454016878793734473 0.12628643604418532398 
0.99999020082536238530 0.00000125958018191825 0.00000853859445572637 0.00000000099999999999 
0.82270957226758212322 0.00059137062465895469 0.01777692408112487368 0.15892213302663396601 
0.00000000099999999997 0.89074077166654697102 0.00000000099999999997 0.10925922633345301616 
0.99999999699999997382 0.00000000099999999995 0.00000000099999999995 0.00000000099999999995 
0.95483592871617495312 0.00000000663738489743 0.04516406364644021121 0.00000000099999999999 
0.00000000099999999997 0.88909985538427405150 0.00000000099999999997 0.11090014261572594956 
0.00000000099999999983 0.00000000099999999983 0.00000000099999999983 0.99999999699999997382 
0.96466902233832452218 0.00000350729899308942 0.03527788111098040941 0.00004958925170196032 
0.00000000099999999997 0.97296976253319567007 0.02703023546680424077 0.00000000099999999997 
0.00000000099999999998 0.91274487771151735505 0.00000000099999999998 0.08725512028848272927 
0.00000000099999999996 0.97400083222223798884 0.02599916577776195670 0.00000000099999999996 
0.00000000099999999996 0.89240398559190403649 0.00000000099999999996 0.10759601240809589517 
0.00002717004561455122 0.96330959518773051631 0.03666323376665482636 0.00000000099999999998 
0.96557103741758465443 0.00000000099999999998 0.03442896058241524948 0.00000000099999999998 
0.99999999699999997382 0.00000000099999999994 0.00000000099999999994 0.00000000099999999994 
0.00000000099999999997 0.98443776355698364711 0.01556223444301633833 0.00000000099999999997 
0.00000000099999999996 0.97329611888546274656 0.02670387911453735511 0.00000000099999999996 
0.00000000099999999989 0.00000000099999999989 0.00000000099999999989 0.99999999699999997382 
0.00000000099999999997 0.91104541316982212695 0.00000000099999999997 0.08895458483017788798 
0.00000000099999999981 0.00000000099999999981 0.99999999699999986280 0.00000000099999999981 
0.00000551699639886455 0.86605157180886838120 0.13394289096006173345 0.00000002023467096569 
0.00000000099999999979 0.00000000099999999979 0.99999999699999997382 0.00000000099999999979 
0.00000000099999999981 0.00000000099999999981 0.99999999699999986280 0.00000000099999999981 
0.01418741679362610364 0.86566589593141984871 0.12014665613599702365 0.00000003113895709105 
0.00000000099999999989 0.00000000099999999989 0.99999999699999997382 0.00000000099999999989 
0.00311500570149402878 0.87109717432812150406 0.12456296948403934588 0.00122485048634517419 
0.01445723839907628837 0.87933889495454242713 0.10620386564638140126 0.00000000099999999999 
0.99999999700000008485 0.00000000099999999993 0.00000000099999999993 0.00000000099999999993 
0.94274203845809323443 0.00000000099999999999 0.05229009132983716834 0.00496786921206948413 
0.99999999699999997382 0.00000000099999999992 0.00000000099999999992 0.00000000099999999992 
0.99398181125740348030 0.00000000099999999997 0.00601818674259661616 0.00000000099999999997 
0.95669782783260959302 0.00000000099999999999 0.04330217016739029701 0.00000000099999999999 
0.00000000099999999996 0.96067833592929052777 0.03932166207070943165 0.00000000099999999996 
0.00000000099999999998 0.95917678388150018343 0.04082321411849971354 0.00000000099999999998 
0.99999999700000008485 0.00000000099999999987 0.00000000099999999987 0.00000000099999999987 
0.99999999699999997382 0.00000000099999999995 0.00000000099999999995 0.00000000099999999995 
0.99999999699999997382 0.00000000099999999986 0.00000000099999999986 0.00000000099999999986 
0.00000000099999999995 0.97076248946348409063 0.02923750853651602144 0.00000000099999999995 
0.99999999700000008485 0.00000000099999999993 0.00000000099999999993 0.00000000099999999993 
0.96245828434763458503 0.00000000099999999999 0.03752753674218006069 0.00001417791018536902 
0.99999999699999997382 0.00000000099999999995 0.00000000099999999995 0.00000000099999999995 
0.99999999699999997382 0.00000000099999999996 0.00000000099999999996 0.00000000099999999996 
0.00000000099999999989 0.00000000099999999989 0.00000000099999999989 0.99999999699999997382 
0.99999999699999997382 0.00000000099999999995 0.00000000099999999995 0.00000000099999999995 
0.99999999700000008485 0.00000000099999999996 0.00000000099999999996 0.00000000099999999996 
0.00000000099999999990 0.00000000099999999990 0.00000000099999999990 0.99999999700000008485 
0.99999999700000008485 0.00000000099999999997 0.00000000099999999997 0.00000000099999999997 
0.00000000099999999995 0.96612805559965209135 0.03387194240034803461 0.00000000099999999995 
0.00000000099999999997 0.95622162653945352861 0.04377837146054650713 0.00000000099999999997 
0.00000000099999999996 0.96825361541032262114 0.03174638258967727583 0.00000000099999999996 
0.00000000099999999996 0.96946437508666827298 0.03053562291333172460 0.00000000099999999996 
0.00000000099999999996 0.97153241679826429777 0.02846758120173574491 0.00000000099999999996 
0.00000000099999999996 0.97209542062895371028 0.02790457737104633587 0.00000000099999999996 
0.00000000099999999996 0.97625507044895687425 0.02374492755104310598 0.00000000099999999996 
0.99999999699999997382 0.00000000099999999994 0.00000000099999999994 0.00000000099999999994 
0.82826287066586468111 0.00000000100000000000 0.01054533241787283804 0.16119179591626237036 
0.99998818240585773953 0.00000000099999999999 0.00001181559414225101 0.00000000099999999999 
0.00000000099999999994 0.99999999700000008485 0.00000000099999999994 0.00000000099999999994 
0.00000000099999999995 0.99999999700000008485 0.00000000099999999995 0.00000000099999999995 
0.96396428001641076833 0.00000000099999999998 0.03603571798358926742 0.00000000099999999998 
0.00000000099999999996 0.99999999700000008485 0.00000000099999999996 0.00000000099999999996 
0.00000000099999999991 0.99999999699999997382 0.00000000099999999991 0.00000000099999999991 
0.00000000099999999996 0.97470388155986931178 0.02529611644013067193 0.00000000099999999996 
0.00000000099999999992 0.99999999699999997382 0.00000000099999999992 0.00000000099999999992 
0.00000000099999999993 0.99999999700000008485 0.00000000099999999993 0.00000000099999999993 
0.00000000099999999992 0.99999999700000008485 0.00000000099999999992 0.00000000099999999992 
0.00000000099999999997 0.99782257875981983375 0.00000000099999999997 0.00217741924018007623 
0.00000000099999999991 0.99999999700000008485 0.00000000099999999991 0.00000000099999999991 
0.00000000099999999993 0.99999999699999997382 0.00000000099999999993 0.00000000099999999993 
0.00000000099999999995 0.97524912525270923691 0.02475087274729071904 0.00000000099999999995 
0.96599523894751737618 0.00000000099999999999 0.03319093986187937606 0.00081382019060322324 
0.96635958769621299602 0.00000000099999999999 0.03364041030378698421 0.00000000099999999999 
0.83812538198725516914 0.00000000099999999999 0.00666927454888302344 0.15520534246386183397 
0.00000000099999999995 0.99999999700000008485 0.00000000099999999995 0.00000000099999999995 
0.00000000099999999991 0.99999999700000008485 0.00000000099999999991 0.00000000099999999991 
0.00000000099999999996 0.98475681302203166290 0.01524318497796833642 0.00000000099999999996 
0.00000000099999999997 0.99999999700000008485 0.00000000099999999997 0.00000000099999999997 
0.00000000099999999992 0.99999999699999997382 0.00000000099999999992 0.00000000099999999992 
0.00000000099999999996 0.99999419535845401885 0.00000000099999999996 0.00000580264154598790 
0.00000000099999999997 0.99999999700000008485 0.00000000099999999997 0.00000000099999999997 
0.00000000099999999997 0.99691297241023935083 0.00000000099999999997 0.00308702558976083020 
0.96847483488841390464 0.00000000099999999998 0.03152516311158602008 0.00000000099999999998 
0.00000000099999999997 0.97646940083310118652 0.02353059716689881453 0.00000000099999999997 
0.00000316363744584970 0.99926726305454482979 0.00000000099999999999 0.00072957230800938444 
0.00000000099999999992 0.99999999699999997382 0.00000000099999999992 0.00000000099999999992 
0.98223756708285392403 0.00000010183806363601 0.01189609192096753761 0.00586623915811492879 
0.00000000099999999997 0.98884480920102579837 0.01115518879897413849 0.00000000099999999997 
0.00000000099999999999 0.98270122406057691666 0.01729877393942314337 0.00000000099999999999 
0.00000000099999999995 0.96901329341175057586 0.03098670458824940438 0.00000000099999999995 
0.00000000099999999998 0.98685726682395158438 0.01314273117604836637 0.00000000099999999998 
0.00000000099999999997 0.98064712047637725423 0.01935287752362278846 0.00000000099999999997 
0.00000000099999999996 0.97762490877249585974 0.02237508922750412396 0.00000000099999999996 
0.00000000099999999998 0.97814225856762071487 0.02185773943237917516 0.00000000099999999998 
0.00000000099999999998 0.97716338230507349127 0.02283661569492658264 0.00000000099999999998 
0.00000000099999999996 0.97138265796412925912 0.02861734003587077316 0.00000000099999999996 
0.00000000099999999996 0.98273609727135025071 0.01726390072864962197 0.00000000099999999996 
0.00000000099999999996 0.96637333352359544580 0.03362666447640470097 0.00000000099999999996 
0.99999999699999997382 0.00000000099999999996 0.00000000099999999996 0.00000000099999999996 
0.99999999700000008485 0.00000000099999999993 0.00000000099999999993 0.00000000099999999993 
0.99999999700000008485 0.00000000099999999992 0.00000000099999999992 0.00000000099999999992 
0.99999999700000008485 0.00000000099999999995 0.00000000099999999995 0.00000000099999999995 
0.99999999700000008485 0.00000000099999999997 0.00000000099999999997 0.00000000099999999997 
0.99999999700000008485 0.00000000099999999993 0.00000000099999999993 0.00000000099999999993 
0.99999999699999997382 0.00000000099999999993 0.00000000099999999993 0.00000000099999999993 
0.99999999699999997382 0.00000000099999999997 0.00000000099999999997 0.00000000099999999997 
0.99542217800900856250 0.00000000099999999999 0.00000000099999999999 0.00457781999099149146 
0.99999999700000008485 0.00000000099999999995 0.00000000099999999995 0.00000000099999999995 
0.00000000099999999987 0.00000000099999999987 0.99999999699999997382 0.00000000099999999987 
0.00000000099999999985 0.00000000099999999985 0.99999999699999986280 0.00000000099999999985 
0.00000000099999999991 0.00000000099999999991 0.99999999699999997382 0.00000000099999999991 
0.00000000099999999989 0.00000000099999999989 0.99999999699999986280 0.00000000099999999989 
0.00000000099999999992 0.00000000099999999992 0.99999999699999986280 0.00000000099999999992 
0.00000000099999999980 0.00000000099999999980 0.99999999699999986280 0.00000000099999999980 
0.00000000099999999985 0.00000000099999999985 0.99999999699999997382 0.00000000099999999985 
0.00000000099999999985 0.00000000099999999985 0.99999999699999997382 0.00000000099999999985 
0.00000000099999999982 0.00000000099999999982 0.99999999699999986280 0.00000000099999999982 
0.00000000099999999982 0.00000000099999999982 0.99999999699999986280 0.00000000099999999982 
0.00000000099999999990 0.00000000099999999990 0.99999999699999997382 0.00000000099999999990 
0.00000000099999999978 0.00000000099999999978 0.99999999699999997382 0.00000000099999999978 
0.00000000099999999975 0.00000000099999999975 0.99999999699999986280 0.00000000099999999975 
0.00000000099999999974 0.00000000099999999974 0.99999999699999997382 0.00000000099999999974 
0.00000000099999999979 0.00000000099999999979 0.99999999699999986280 0.00000000099999999979 
0.00000000099999999976 0.00000000099999999976 0.99999999699999986280 0.00000000099999999976 
0.00000000099999999988 0.00000000099999999988 0.99999999699999997382 0.00000000099999999988 
0.00000000099999999981 0.00000000099999999981 0.99999999699999986280 0.00000000099999999981 
0.00000000099999999985 0.00000000099999999985 0.99999999699999997382 0.00000000099999999985 
0.99999999699999997382 0.00000000099999999995 0.00000000099999999995 0.00000000099999999995 
0.83748144808687952079 0.00000000099999999998 0.00000000099999999998 0.16251854991312042475 
0.99603102807045962308 0.00000000099999999998 0.00396896992954046644 0.00000000099999999998 
0.99999999700000008485 0.00000000099999999997 0.00000000099999999997 0.00000000099999999997 
0.99993207828433006146 0.00006791971566994075 0.00000000099999999999 0.00000000099999999999 
0.99999999699999997382 0.00000000099999999997 0.00000000099999999997 0.00000000099999999997 
0.99999999699999997382 0.00000000099999999997 0.00000000099999999997 0.00000000099999999997 
0.99999999700000008485 0.00000000099999999992 0.00000000099999999992 0.00000000099999999992 
0.86222422492115313730 0.00000000099999999999 0.00000000099999999999 0.13777577307884683600 
0.99999999699999997382 0.00000000099999999995 0.00000000099999999995 0.00000000099999999995 
0.99999999699999997382 0.00000000099999999993 0.00000000099999999993 0.00000000099999999993 
0.99999999700000008485 0.00000000099999999995 0.00000000099999999995 0.00000000099999999995 
0.99999999700000008485 0.00000000099999999992 0.00000000099999999992 0.00000000099999999992 
0.99242188473181291997 0.00746133943322432013 0.00011677483496259743 0.00000000099999999999 
0.99679611375787802174 0.00000000099999999999 0.00320388424212192076 0.00000000099999999999 
0.99547897275802066375 0.00000000099999999999 0.00452102524197921588 0.00000000099999999999 
0.99324985108661023592 0.00000000099999999999 0.00658518684786662308 0.00016496106552307967 
0.00000000099999999997 0.96260213611815415025 0.03739786188184577448 0.00000000099999999997 
0.99999999700000008485 0.00000000099999999998 0.00000000099999999998 0.00000000099999999998 
0.01458468003199440456 0.93063632345630764586 0.05477899551169791020 0.00000000099999999999 
0.00573926237088743119 0.93384501331573532834 0.06041572331337714818 0.00000000099999999998 
0.01502973374320093307 0.91651084375854585673 0.06845942149825307022 0.00000000099999999999 
0.00002242021161944383 0.93934413402191097031 0.06063344476646956305 0.00000000099999999999 
0.00885802433823478820 0.94189597037099015431 0.04924600429077493485 0.00000000099999999998 
0.01052436850126795866 0.94615567736902450591 0.04331995312970746831 0.00000000099999999999 
0.01771856936886474082 0.93163659901608619762 0.05064483061504899963 0.00000000099999999999 
0.02681205022374417643 0.91636167908808330296 0.05682626968817254542 0.00000000099999999998 
0.02348314772896982136 0.91070308591197735026 0.06581376535905279768 0.00000000099999999999 
0.00006269261181514775 0.93007354149103393937 0.06986376489715080684 0.00000000099999999998 
0.01909550259400952243 0.88762551699165892494 0.09327897941433156703 0.00000000099999999999 
0.00360859129034188679 0.93503200098967620413 0.06135940671998194734 0.00000000100000000000 
0.00374239279695435818 0.95604997824997273170 0.04020762795307283866 0.00000000099999999999 
0.01041820108528989687 0.94059056908115423745 0.04899122883355577773 0.00000000099999999997 
0.00652275041120790617 0.94371525401203448791 0.04976199457675757609 0.00000000099999999998 
0.01091508559236829476 0.89058506830971662094 0.09849984509791520626 0.00000000099999999999 
0.00882840739937904018 0.94116752262351432989 0.05000406897710664433 0.00000000099999999999 
0.00754781238971726984 0.92949700049935979340 0.06295518611092275341 0.00000000099999999999 
0.00064765045464556582 0.94310611063061244863 0.05624623791474200191 0.00000000099999999999 
0.00000396026569982546 0.92191121968074063453 0.07808481905355960095 0.00000000099999999999 
0.00000000099999999996 0.99999999700000008485 0.00000000099999999996 0.00000000099999999996 
0.00000000099999999999 0.99068045970362417219 0.00931953829637589132 0.00000000099999999999 
0.00000000099999999997 0.99998702265570627024 0.00001297534429373472 0.00000000099999999997 
0.00000000099999999998 0.99191322340847476458 0.00808677459152531454 0.00000000099999999998 
0.00000000099999999996 0.99560542873346613568 0.00439456926653400588 0.00000000099999999996 
0.00000000099999999997 0.99875842691527338957 0.00124157108472652540 0.00000000099999999997 
0.00000000099999999998 0.99764800611648218887 0.00235199188351780525 0.00000000099999999998 
0.00000000099999999995 0.99999999699999997382 0.00000000099999999995 0.00000000099999999995 
0.00000000099999999997 0.98905628987871407887 0.01094370812128595515 0.00000000099999999997 
0.00000000099999999995 0.99999999699999997382 0.00000000099999999995 0.00000000099999999995 
0.00000000099999999998 0.98583450676238337795 0.01416549123761656238 0.00000000099999999998 
0.00000000099999999997 0.98950255769376904702 0.01049744030623091240 0.00000000099999999997 
0.00000000099999999998 0.99121426868216100381 0.00878572931783901459 0.00000000099999999998 
0.00000000099999999996 0.98240522819255571285 0.01759476980744429514 0.00000000099999999996 
0.00000000099999999998 0.98673992635940044327 0.01326007164059948146 0.00000000099999999998 
0.00000000099999999997 0.99184416142060327637 0.00815583657939668999 0.00000000099999999997 
0.00000000099999999999 0.99224799635133265063 0.00775191280641255014 0.00000008984225489310 
0.00000000099999999998 0.98330291519578771897 0.01669665439402693782 0.00000042941018527999 
0.00000000099999999997 0.97862519915170786966 0.02137479884829211751 0.00000000099999999997 
0.00000000100000000000 0.98196686218636686228 0.01553253689238742220 0.00250059992124575768 
0.00000000099999999999 0.99095912920188533590 0.00744703964109704603 0.00159383015701760168 
0.00000000099999999998 0.98486601714710431121 0.01513398085289581300 0.00000000099999999998 
0.00000000099999999996 0.99704051928170500663 0.00295947871829505037 0.00000000099999999996 
0.00045965502461198243 0.98153097684362988762 0.01800936713175812706 0.00000000099999999999 
0.00000000099999999996 0.98343279430324348489 0.01656720369675654392 0.00000000099999999996 
0.00000000099999999995 0.99239025447689332982 0.00760974352310675190 0.00000000099999999995 
0.00000000099999999995 0.99999915293841479258 0.00000084506158519477 0.00000000099999999995 
0.00000000099999999998 0.98718040977290821836 0.01281958822709168382 0.00000000099999999998 
0.00000000099999999998 0.99503456323401440198 0.00496543476598557913 0.00000000099999999998 
0.00000000099999999997 0.98241932373459528449 0.01758067426540471656 0.00000000099999999997 
0.00000000099999999996 0.99986364333655941561 0.00013635466344052698 0.00000000099999999996 
0.00777104879532573151 0.95029144479787952537 0.04193750540679480610 0.00000000100000000000 
0.00000000099999999998 0.99465733054784943867 0.00534266745215052508 0.00000000099999999998 
0.00000000099999999997 0.99844703492695230373 0.00155296307304768431 0.00000000099999999997 
0.00000000099999999996 0.99180801654150274604 0.00819198145849717174 0.00000000099999999996 
0.00000000099999999999 0.98869266765011454279 0.01130733034988549469 0.00000000099999999999 
0.00000000099999999997 0.99966479499726668134 0.00033520300273328030 0.00000000099999999997 
0.00000000099999999995 0.99308529151091318177 0.00691470648908676898 0.00000000099999999995 
0.01053822290062027267 0.95438596397315511588 0.02959754481079348784 0.00547826831543115310 
0.00000000099999999998 0.99975037290739832141 0.00024962509260173613 0.00000000099999999998 
0.00000000099999999999 0.98211805539307828194 0.01788194260692177809 0.00000000099999999999 
0.00023598093658084944 0.98683956824671825725 0.00789950893286407718 0.00502494188383679433 
0.00000000099999999999 0.99345556354890696138 0.00654442416284877534 0.00000001128824442902 
0.00000000099999999999 0.98526715236548079169 0.01473284563451914692 0.00000000099999999999 
0.00000000106965888776 0.98132163708040709427 0.01867836084993407947 0.00000000099999999999 
0.00000000100000000000 0.98983205699937881761 0.01016793339115797633 0.00000000860946319075 
0.00000000099999999997 0.99481901811021633542 0.00518097988978362834 0.00000000099999999997 
0.00000000099999999996 0.98382069424294327220 0.01617930375705674967 0.00000000099999999996 
0.00000000099999999998 0.99058441021978360652 0.00941558778021633208 0.00000000099999999998 
0.00000000099999999999 0.95210836788804265041 0.04789162507015769232 0.00000000604179966862 
0.00000000099999999996 0.99999999699999997382 0.00000000099999999996 0.00000000099999999996 
0.00000000099999999997 0.99090675535265027030 0.00000000099999999997 0.00909324264734971514 
0.00000000099999999995 0.99999449552357577709 0.00000000099999999995 0.00000550247642420457 
0.00000000099999999996 0.99999999699999997382 0.00000000099999999996 0.00000000099999999996 
0.00000000099999999994 0.99999999700000008485 0.00000000099999999994 0.00000000099999999994 
0.00000000099999999999 0.99135377552977166360 0.00000000099999999999 0.00864622247022828888 
0.00000000099999999997 0.99999999700000008485 0.00000000099999999997 0.00000000099999999997 
0.00000000099999999995 0.99999999700000008485 0.00000000099999999995 0.00000000099999999995 
0.00000000099999999998 0.99923359035185588262 0.00000000099999999998 0.00076640764814414695 
0.00000000099999999996 0.99691241730639268415 0.00000000099999999996 0.00308758069360746349 
0.01229816948034929275 0.88963971312987810691 0.09806211638977256617 0.00000000099999999999 
0.01988325004033433471 0.89076715958040941779 0.08934958937925610578 0.00000000099999999998 
0.02015015670297784847 0.89302177460392095920 0.08682806769310114081 0.00000000099999999999 
0.01584196221337186988 0.88933801815636748245 0.09482001863026057187 0.00000000099999999998 
0.01760673627845193642 0.89892673719628934936 0.08346652552525878066 0.00000000099999999998 
0.02296903262216293609 0.90366643999226947681 0.07336452638556764660 0.00000000099999999999 
0.02314839527436868272 0.88644342193864100743 0.09040818178699028262 0.00000000099999999999 
0.00984076896620277204 0.90872752872468920415 0.08143170130910797055 0.00000000099999999998 
0.01729429735401816562 0.90943735497755218145 0.07326834666842962918 0.00000000099999999999 
0.01420053856641095326 0.90177388104243383360 0.08402557939115511132 0.00000000099999999999 
0.99999999700000008485 0.00000000099999999985 0.00000000099999999985 0.00000000099999999985 
0.99999999700000008485 0.00000000099999999986 0.00000000099999999986 0.00000000099999999986 
0.99999999700000008485 0.00000000099999999987 0.00000000099999999987 0.00000000099999999987 
0.99999999699999997382 0.00000000099999999987 0.00000000099999999987 0.00000000099999999987 
0.99999999700000008485 0.00000000099999999987 0.00000000099999999987 0.00000000099999999987 
0.99999999699999997382 0.00000000099999999985 0.00000000099999999985 0.00000000099999999985 
0.99999999699999997382 0.00000000099999999988 0.00000000099999999988 0.00000000099999999988 
0.95889267775991782194 0.00000000099999999996 0.00000000099999999996 0.04110732024008216523 
0.99999999699999997382 0.00000000099999999986 0.00000000099999999986 0.00000000099999999986 
0.99999999700000008485 0.00000000099999999991 0.00000000099999999991 0.00000000099999999991 
0.00000000099999999992 0.99999999700000008485 0.00000000099999999992 0.00000000099999999992 
0.00000000099999999995 0.99999999699999997382 0.00000000099999999995 0.00000000099999999995 
0.00000000099999999995 0.99999998720716520850 0.00000000099999999995 0.00000001079283494923 
0.00000000099999999992 0.99999999699999997382 0.00000000099999999992 0.00000000099999999992 
0.00000000099999999993 0.99966957734623251852 0.00000000099999999993 0.00033042065376748513 
0.00000000099999999995 0.99999999699999997382 0.00000000099999999995 0.00000000099999999995 
0.00000000099999999996 0.99999999699999997382 0.00000000099999999996 0.00000000099999999996 
0.00000000099999999998 0.99803851812002963850 0.00000000099999999998 0.00196147987997036428 
0.00000000099999999992 0.99999999699999997382 0.00000000099999999992 0.00000000099999999992 
0.00000000099999999992 0.99999999700000008485 0.00000000099999999992 0.00000000099999999992 
0.99999995087526638571 0.00000000099999999998 0.00000004712473365242 0.00000000099999999998 
0.99999999700000008485 0.00000000099999999995 0.00000000099999999995 0.00000000099999999995 
0.99999999700000008485 0.00000000099999999992 0.00000000099999999992 0.00000000099999999992 
0.81482494805330807353 0.00000000099999999997 0.00000000099999999997 0.18517504994669189977 
0.99999999699999997382 0.00000000099999999994 0.00000000099999999994 0.00000000099999999994 
0.99999999699999997382 0.00000000099999999998 0.00000000099999999998 0.00000000099999999998 
0.99999999700000008485 0.00000000099999999996 0.00000000099999999996 0.00000000099999999996 
0.99999999699999997382 0.00000000099999999995 0.00000000099999999995 0.00000000099999999995 
0.99779338308467757646 0.00000000099999999998 0.00000000099999999998 0.00220661491532247664 
0.99714241306546602672 0.00000000099999999998 0.00000000099999999998 0.00285758493453400946 
0.00000000099999999987 0.00000000099999999987 0.00000000099999999987 0.99999999699999997382 
0.00000000099999999979 0.00000000099999999979 0.00000000099999999979 0.99999999700000008485 
0.00000000099999999980 0.00000000099999999980 0.00000000099999999980 0.99999999700000008485 
0.00000000099999999974 0.00000000099999999974 0.00000000099999999974 0.99999999699999997382 
0.00000000099999999978 0.00000000099999999978 0.00000000099999999978 0.99999999699999997382 
0.00000000099999999975 0.00000000099999999975 0.00000000099999999975 0.99999999699999997382 
0.00000000099999999977 0.00000000099999999977 0.00000000099999999977 0.99999999699999997382 
0.00000000099999999984 0.00000000099999999984 0.00000000099999999984 0.99999999700000008485 
0.00000000099999999977 0.00000000099999999977 0.00000000099999999977 0.99999999699999997382 
0.00000000099999999987 0.00000000099999999987 0.00000000099999999987 0.99999999700000008485 
0.99999999699999997382 0.00000000099999999991 0.00000000099999999991 0.00000000099999999991 
0.99999999699999997382 0.00000000099999999993 0.00000000099999999993 0.00000000099999999993 
0.99999999699999997382 0.00000000099999999994 0.00000000099999999994 0.00000000099999999994 
0.99999999700000008485 0.00000000099999999995 0.00000000099999999995 0.00000000099999999995 
0.99999999699999997382 0.00000000099999999995 0.00000000099999999995 0.00000000099999999995 
0.99999999700000008485 0.00000000099999999994 0.00000000099999999994 0.00000000099999999994 
0.99999999699999997382 0.00000000099999999995 0.00000000099999999995 0.00000000099999999995 
0.99999999699999997382 0.00000000099999999996 0.00000000099999999996 0.00000000099999999996 
