0.00000000099999999995 0.00000000099999999995 0.00000000099999999995 0.75837668594379303855 0.00000000099999999995 0.00000000099999999995 0.00000000099999999995 0.24162330605620718771 0.00000000099999999995 0.00000000099999999995 
0.00000000099999999991 0.00000000099999999991 0.00000000099999999991 0.00000000099999999991 0.00000362115943925801 0.00000000099999999991 0.00000000099999999991 0.00000000099999999991 0.99999637084056069991 0.00000000099999999991 
0.00000000099999999994 0.00000000099999999994 0.00269297885343595294 0.79955610449032510356 0.00000000099999999994 0.00000000099999999994 0.00000000099999999994 0.19775090965623898231 0.00000000099999999994 0.00000000099999999994 
0.00000000099999999990 0.00000000099999999990 0.02556283678674397750 0.85072226294989905515 0.00000000099999999990 0.00000000099999999990 0.00000000099999999990 0.12371489326335707859 0.00000000099999999990 0.00000000099999999990 
0.00000000099999999993 0.00000000099999999993 0.02432122164664071023 0.87160910949197667463 0.00000000099999999993 0.00000000099999999993 0.00001226201077252683 0.10405740085061014610 0.00000000099999999993 0.00000000099999999993 
0.99999999100000025454 0.00000000099999999944 0.00000000099999999944 0.00000000099999999944 0.00000000099999999944 0.00000000099999999944 0.00000000099999999944 0.00000000099999999944 0.00000000099999999944 0.00000000099999999944 
0.00000000099999999982 0.00000000099999999982 0.00000000099999999982 0.76845876183090067180 0.00000000099999999982 0.00000000099999999982 0.00000000099999999982 0.23154123016909938793 0.00000000099999999982 0.00000000099999999982 
0.00000000099999999907 0.00000000099999999907 0.00000000099999999907 0.00000000099999999907 0.00000000099999999907 0.00000000099999999907 0.99999999100000003249 0.00000000099999999907 0.00000000099999999907 0.00000000099999999907 
0.00000000099999999985 0.00000000099999999985 0.00000000099999999985 0.71681121660889290936 0.00000000099999999985 0.00000000099999999985 0.00000000099999999985 0.28318877539110715036 0.00000000099999999985 0.00000000099999999985 
0.00000000099999999979 0.00000000099999999979 0.00000000099999999979 0.77169100228306131140 0.00000000099999999979 0.00000000099999999979 0.00000000099999999979 0.22830898971693877608 0.00000000099999999979 0.00000000099999999979 
0.00000000099999999991 0.00000000099999999991 0.00493760230780118919 0.87731732890065228236 0.00000000099999999991 0.00000000099999999991 0.00000000099999999991 0.11774506179154656249 0.00000000099999999991 0.00000000099999999991 
0.00000000099999999994 0.00000000099999999994 0.00781642548442743751 0.89226673304532122533 0.00000000099999999994 0.00000000099999999994 0.00000000099999999994 0.09991683447025156983 0.00000000099999999994 0.00000000099999999994 
0.00000000099999999994 0.00000000099999999994 0.03258439816257419769 0.84852392081323169126 0.00000000099999999994 0.00000000099999999994 0.00000000099999999994 0.11889167402419435760 0.00000000099999999994 0.00000000099999999994 
0.00000000099999999989 0.00000000099999999989 0.00000000099999999989 0.00000000099999999989 0.08968057704824432264 0.00000000099999999989 0.00000000099999999989 0.00000000099999999989 0.91031941495175561219 0.00000000099999999989 
0.00000000099999999982 0.00000000099999999982 0.00000000099999999982 0.80855186262652722906 0.00000000099999999982 0.00000000099999999982 0.00000000099999999982 0.19144812937347285842 0.00000000099999999982 0.00000000099999999982 
0.00000000099999999978 0.00000000099999999978 0.00000000099999999978 0.72906483548295331065 0.00000000099999999978 0.00000000099999999978 0.00000000099999999978 0.27093515651704669356 0.00000000099999999978 0.00000000099999999978 
0.00000000099999999985 0.00000000099999999985 0.00000000099999999985 0.78185657987486067988 0.00000000099999999985 0.00000000099999999985 0.00000000099999999985 0.21814341212513937984 0.00000000099999999985 0.00000000099999999985 
0.00015857575402809584 0.00000000099999999995 0.00000000099999999995 0.90102960313659041791 0.00000000099999999995 0.00000000099999999995 0.09881181410938146004 0.00000000099999999995 0.00000000099999999995 0.00000000099999999995 
0.99999999100000025454 0.00000000099999999946 0.00000000099999999946 0.00000000099999999946 0.00000000099999999946 0.00000000099999999946 0.00000000099999999946 0.00000000099999999946 0.00000000099999999946 0.00000000099999999946 
0.00423665062566944053 0.00000000099999999990 0.00000000099999999990 0.91056005731827371896 0.00000000099999999990 0.00000000099999999990 0.08520328505605687108 0.00000000099999999990 0.00000000099999999990 0.00000000099999999990 
0.00000000099999999998 0.00523739342813451386 0.02105425255326769107 0.86211177687381834733 0.00000000099999999998 0.00005109141831686092 0.00000000099999999998 0.11154548072646275347 0.00000000099999999998 0.00000000099999999998 
0.99999999100000025454 0.00000000099999999917 0.00000000099999999917 0.00000000099999999917 0.00000000099999999917 0.00000000099999999917 0.00000000099999999917 0.00000000099999999917 0.00000000099999999917 0.00000000099999999917 
0.00000000099999999943 0.00000000099999999943 0.00000000099999999943 0.00000000099999999943 0.00000000099999999943 0.00000000099999999943 0.00000000099999999943 0.99999999100000003249 0.00000000099999999943 0.00000000099999999943 
0.00000000099999999981 0.00000000099999999981 0.00000000099999999981 0.76847215227398080195 0.00000000099999999981 0.00000000099999999981 0.00000000099999999981 0.23152783972601925777 0.00000000099999999981 0.00000000099999999981 
0.00000000099999999987 0.00000000099999999987 0.03389183532336326188 0.76084375939710291448 0.00000000099999999987 0.00000000099999999987 0.00000000099999999987 0.20526439827953391060 0.00000000099999999987 0.00000000099999999987 
0.00000000099999999969 0.00000000099999999969 0.00000000099999999969 0.65830229418605179514 0.00000000099999999969 0.00000000099999999969 0.00000000099999999969 0.34169769781394826458 0.00000000099999999969 0.00000000099999999969 
0.00000000099999999991 0.00000000099999999991 0.00000000099999999991 0.00000000099999999991 0.00967930190537885822 0.95540166641587809249 0.03491902382353756495 0.00000000099999999991 0.00000000099999999991 0.00000000185520562418 
0.81439963494827660728 0.00000000099999999962 0.00000000099999999962 0.00000000099999999962 0.00000000099999999962 0.00000000099999999962 0.18560035705172359122 0.00000000099999999962 0.00000000099999999962 0.00000000099999999962 
0.00000000479168834821 0.00000000099999999991 0.00000000099999999991 0.64104792673410326831 0.00000000099999999991 0.00000000099999999991 0.11152704300286402084 0.24742501947134445950 0.00000000099999999991 0.00000000099999999991 
0.00101646321529876059 0.01179570836762993888 0.00000000099999999998 0.68780183364809310831 0.01293232324697276940 0.00000000099999999998 0.00000005421334801473 0.28645357600938281539 0.00000000099999999998 0.00000003829927461678 
0.00000000099999999985 0.00000000099999999985 0.10227657713129588435 0.66137423229078484699 0.00000000099999999985 0.00000000099999999985 0.00000000099999999985 0.23634918357791945276 0.00000000099999999985 0.00000000099999999985 
0.00000000099999999983 0.00000000099999999983 0.00000000099999999983 0.75402173757511492536 0.00000000099999999983 0.00000000099999999983 0.00000000099999999983 0.24597825442488516212 0.00000000099999999983 0.00000000099999999983 
0.00000000099999999995 0.00000000099999999995 0.01451567182765657084 0.86009284926983564645 0.00000000099999999995 0.00000000099999999995 0.01067329666277047791 0.11471817623973729061 0.00000000099999999995 0.00000000099999999995 
0.00000000099999999933 0.00000000099999999933 0.00000000099999999933 0.00000000099999999933 0.00000000099999999933 0.00000000099999999933 0.00000000099999999933 0.99999999099999992147 0.00000000099999999933 0.00000000099999999933 
0.00000000099999999986 0.00000000099999999986 0.00000000099999999986 0.77489654070708979816 0.00000000099999999986 0.00000000099999999986 0.00000000099999999986 0.22510345129291026156 0.00000000099999999986 0.00000000099999999986 
0.00000002548625519591 0.00000000099999999982 0.00000000099999999982 0.63839515649412892362 0.00000000099999999982 0.00000000099999999982 0.12645659807304188149 0.23514821394657406395 0.00000000099999999982 0.00000000099999999982 
0.00000000099999999996 0.00000528710739208740 0.00287512448365344255 0.69205184721990276042 0.00000000099999999996 0.09165151622889115834 0.00000000099999999996 0.20798168733231159333 0.00000000099999999996 0.00543453362784907835 
0.00000000099999999986 0.00000000099999999986 0.00000000099999999986 0.00000000099999999986 0.00987029840441322817 0.98925137985414290931 0.00000000099999999986 0.00000000099999999986 0.00000000099999999986 0.00087831474144383108 
0.00000000099999999993 0.00000000099999999993 0.00000000099999999993 0.75521133657152494933 0.00000000099999999993 0.00000000099999999993 0.00000000099999999993 0.22227243430994275686 0.02251622211853235647 0.00000000099999999993 
0.00000000099999999989 0.00000000099999999989 0.03322289214240611854 0.79099204755084062679 0.00000000099999999989 0.00000000099999999989 0.00000000099999999989 0.17578505330675339713 0.00000000099999999989 0.00000000099999999989 
0.00000000099999999990 0.00000000099999999990 0.01274268379333343658 0.83938434682272877740 0.00000000099999999990 0.00000000099999999990 0.00000000099999999990 0.14787296238393782266 0.00000000099999999990 0.00000000099999999990 
0.00000000099999999993 0.00005239456904776998 0.00000000099999999993 0.00000000099999999993 0.00000000099999999993 0.99994759743095218418 0.00000000099999999993 0.00000000099999999993 0.00000000099999999993 0.00000000099999999993 
0.00000000099999999993 0.00000000099999999993 0.06075608014930710538 0.00000000099999999993 0.00000000099999999993 0.84417670832389324342 0.00000000099999999993 0.00000000099999999993 0.00000000099999999993 0.09506720452679985611 
0.00000000099999999995 0.04348989181426880096 0.00572453209535542414 0.00000000099999999995 0.25478701940737585874 0.30974066899851243617 0.00000000099999999995 0.00000000099999999995 0.00000000099999999995 0.38625788268448735252 
0.00000000099999999997 0.02668704155219610644 0.03800676501268577395 0.00000117971383538284 0.06576058778552433537 0.67144820292157880726 0.00000000099999999997 0.00000000099999999997 0.00000004226364100373 0.19809617775053858790 
0.00000000099999999981 0.00000000099999999981 0.00000000099999999981 0.00000000099999999981 0.10336154476193924745 0.00000000099999999981 0.00000000099999999981 0.00000000099999999981 0.00000000099999999981 0.89663844723806074288 
0.00000000099999999977 0.00000000099999999977 0.00000000099999999977 0.00000000099999999977 0.00000032976823048120 0.00000000099999999977 0.00000000099999999977 0.00000000099999999977 0.00000000099999999977 0.99999966223176950386 
0.00000000099999999995 0.00298485005918497056 0.03873527958926112347 0.00000000099999999995 0.17312781647183442257 0.61914498743653123558 0.00000000099999999995 0.00328654041290956040 0.00000000099999999995 0.16272052203027875805 
0.00000000099999999971 0.00000000099999999971 0.00000000099999999971 0.00000000099999999971 0.00000000099999999971 0.00000000099999999971 0.00000000099999999971 0.00000000099999999971 0.00000000099999999971 0.99999999099999992147 
0.00000000099999999985 0.00000000099999999985 0.00000000099999999985 0.00000000099999999985 0.00000000099999999985 0.00000000099999999985 0.00000000099999999985 0.00000000099999999985 0.00000000099999999985 0.99999999100000003249 
0.00000000099999999997 0.00001270914648112055 0.03461488536195125865 0.02000573886537423268 0.20135479086893920408 0.63128095032525100017 0.00000000099999999997 0.00000298861033674539 0.00000000099999999997 0.11272793382166651499 
0.00000000099999999992 0.03452543681809019938 0.00000000099999999992 0.00000000099999999992 0.20240043458709303104 0.08717971709439621686 0.00000000099999999992 0.00000000099999999992 0.00000000099999999992 0.67589440550042034772 
0.00003043650969819470 0.00000000099999999997 0.00872820071334613236 0.89296355436229468694 0.00000000099999999997 0.00000000099999999997 0.09058389688401975726 0.00000000099999999997 0.00000000099999999997 0.00769390653064127086 
0.00000000099999999982 0.00000000099999999982 0.00000000099999999982 0.00000000099999999982 0.00000000099999999982 0.00000000099999999982 0.00000000099999999982 0.00000000099999999982 0.00000000099999999982 0.99999999100000003249 
0.00000000099999999976 0.00000000099999999976 0.00000000099999999976 0.00000000099999999976 0.00000000099999999976 0.00000000099999999976 0.00000000099999999976 0.00000000099999999976 0.00000000099999999976 0.99999999100000003249 
0.00000000099999999979 0.00000000099999999979 0.00000000099999999979 0.00000000099999999979 0.00000000099999999979 0.00000000099999999979 0.00000000099999999979 0.00000000099999999979 0.00000000099999999979 0.99999999100000003249 
0.00000000099999999980 0.00000000099999999980 0.00000000099999999980 0.00000000099999999980 0.00000000099999999980 0.00000000099999999980 0.00000000099999999980 0.00000000099999999980 0.00000000099999999980 0.99999999099999992147 
0.00000000099999999978 0.00000000099999999978 0.00000000099999999978 0.00000000099999999978 0.00000000099999999978 0.00000000099999999978 0.00000000099999999978 0.00000000099999999978 0.00000000099999999978 0.99999999100000003249 
0.00000000099999999981 0.00000000099999999981 0.00000000099999999981 0.00000000099999999981 0.00000000099999999981 0.00000000099999999981 0.00000000099999999981 0.00000000099999999981 0.00000000099999999981 0.99999999100000003249 
0.00051122893878801691 0.00000000099999999999 0.01428959621386817654 0.82265194492287618822 0.00000000099999999999 0.00543193353533894061 0.07344621795650177476 0.08366905081396777688 0.00000002461865915120 0.00000000099999999999 
0.00000000099999999989 0.00000000099999999989 0.02116585084797201199 0.82731275845476348607 0.00000000099999999989 0.00000000099999999989 0.00000000099999999989 0.15152138369726458889 0.00000000099999999989 0.00000000099999999989 
0.00000000099999999989 0.00000000099999999989 0.00000000099999999989 0.93034868888701938161 0.00000000099999999989 0.00000000099999999989 0.06965130311298059484 0.00000000099999999989 0.00000000099999999989 0.00000000099999999989 
0.00000000099999999936 0.00000000099999999936 0.00000000099999999936 0.00000000099999999936 0.00000000099999999936 0.00000000099999999936 0.99999999099999992147 0.00000000099999999936 0.00000000099999999936 0.00000000099999999936 
0.00000000099999999981 0.00000000099999999981 0.00000000099999999981 0.00000000099999999981 0.00000000099999999981 0.00000000099999999981 0.00000000099999999981 0.99999999099999992147 0.00000000099999999981 0.00000000099999999981 
0.00000000099999999924 0.00000000099999999924 0.00000000099999999924 0.00000000099999999924 0.00000000099999999924 0.00000000099999999924 0.00000000099999999924 0.99999999100000003249 0.00000000099999999924 0.00000000099999999924 
0.01197917298616069104 0.00000000099999999987 0.00000000099999999987 0.75829563729843785236 0.00000000099999999987 0.00000000099999999987 0.00000000099999999987 0.22972518271540162682 0.00000000099999999987 0.00000000099999999987 
0.00818293639916502398 0.00000000099999999989 0.00000000099999999989 0.89316054458945193240 0.00000000099999999989 0.00000000099999999989 0.09865651201138303517 0.00000000099999999989 0.00000000099999999989 0.00000000099999999989 
0.00000000099999999995 0.00000000099999999995 0.03112035948966013210 0.76987543351128695512 0.00000001233835651798 0.01295250377616629159 0.00000000099999999995 0.18605168588453002698 0.00000000099999999995 0.00000000099999999995 
0.00000000099999999973 0.00000000099999999973 0.00000000099999999973 0.77120546226706188087 0.00000000099999999973 0.00000000099999999973 0.00000000099999999973 0.22879452973293809559 0.00000000099999999973 0.00000000099999999973 
0.00000000099999999979 0.00000000099999999979 0.00000000099999999979 0.00000000099999999979 0.00000000099999999979 0.99999999100000014352 0.00000000099999999979 0.00000000099999999979 0.00000000099999999979 0.00000000099999999979 
0.00000000099999999983 0.00000000099999999983 0.00000000099999999983 0.77345535689816979907 0.00000000099999999983 0.00000000099999999983 0.00000000099999999983 0.22654463510183034392 0.00000000099999999983 0.00000000099999999983 
0.00000000099999999997 0.00000000099999999997 0.01461170997217164404 0.87236973728569744413 0.00000000099999999997 0.00000000099999999997 0.00000009852538448628 0.11301844821674640607 0.00000000099999999997 0.00000000099999999997 
0.00000000099999999927 0.00000000099999999927 0.00000000099999999927 0.00000000099999999927 0.00000000099999999927 0.00000000099999999927 0.00000000099999999927 0.99999999099999992147 0.00000000099999999927 0.00000000099999999927 
0.00000000099999999985 0.00000000099999999985 0.00000000099999999985 0.78266976302310509173 0.00000000099999999985 0.00000000099999999985 0.00000000099999999985 0.21733022897689510677 0.00000000099999999985 0.00000000099999999985 
0.00000000099999999976 0.00000000099999999976 0.00000000099999999976 0.80095417950377800764 0.00000000099999999976 0.00000000099999999976 0.00000000099999999976 0.19904581249622216310 0.00000000099999999976 0.00000000099999999976 
0.00000000099999999984 0.00000000099999999984 0.01639846330795568727 0.79446958599567518711 0.00000000099999999984 0.00000000099999999984 0.00000000099999999984 0.18913194369636932013 0.00000000099999999984 0.00000000099999999984 
0.00000000099999999995 0.03676368973366971049 0.00000000099999999995 0.00000000099999999995 0.00000000194218284583 0.96323630132414761462 0.00000000099999999995 0.00000000099999999995 0.00000000099999999995 0.00000000099999999995 
0.00000000099999999944 0.00000000099999999944 0.00000000099999999944 0.00000000099999999944 0.00000000099999999944 0.00000000099999999944 0.00000000099999999944 0.99999999099999992147 0.00000000099999999944 0.00000000099999999944 
0.00000000099999999952 0.00000000099999999952 0.00000000099999999952 0.00000000099999999952 0.00000000099999999952 0.00000000099999999952 0.00000000099999999952 0.99999999099999992147 0.00000000099999999952 0.00000000099999999952 
0.00000000099999999989 0.00000000099999999989 0.00000000099999999989 0.83834731041111565375 0.00000000099999999989 0.00000000099999999989 0.00000000099999999989 0.16165268158888448924 0.00000000099999999989 0.00000000099999999989 
0.00000000099999999986 0.23126887671149454206 0.00000000099999999986 0.00000000099999999986 0.39815638588923785157 0.01389700680893295875 0.00000000099999999986 0.00000000099999999986 0.35664808816828486027 0.00002963742204975250 
0.00000000099999999990 0.00000000099999999990 0.00000000099999999990 0.00000000099999999990 0.84547877910038604643 0.09525222527604605693 0.00000000099999999990 0.00000000099999999990 0.00000000099999999990 0.05926898862356804604 
0.00000000099999999971 0.00000000099999999971 0.00000000099999999971 0.00000000099999999971 0.99999999100000003249 0.00000000099999999971 0.00000000099999999971 0.00000000099999999971 0.00000000099999999971 0.00000000099999999971 
0.00000000099999999943 0.00000000099999999943 0.00000000099999999943 0.00000000099999999943 0.00000000099999999943 0.00000000099999999943 0.00000000099999999943 0.00000000099999999943 0.99999999099999992147 0.00000000099999999943 
0.00000000099999999933 0.00000000099999999933 0.00000000099999999933 0.00000000099999999933 0.00000000099999999933 0.00000000099999999933 0.00000000099999999933 0.00000000099999999933 0.99999999100000003249 0.00000000099999999933 
0.00000000099999999977 0.00000000099999999977 0.00000000099999999977 0.71842283044965837835 0.00000000099999999977 0.00000000099999999977 0.00000000099999999977 0.28157716155034173688 0.00000000099999999977 0.00000000099999999977 
0.00000000099999999993 0.02168769645682697839 0.00263460744651464575 0.00000000099999999993 0.81332141338444530199 0.11538121171633880513 0.00000000099999999993 0.00000000099999999993 0.00000000099999999993 0.04697506599587434467 
0.00000000099999999995 0.12955555446869662650 0.00545631637207213971 0.00000000099999999995 0.55699440089344776084 0.23932526633133460736 0.00000000099999999995 0.00000000099999999995 0.03153443801966848009 0.03713401991478041536 
0.00000000099999999992 0.01186399554073386958 0.00000002743548610479 0.00000000099999999992 0.83140972716700101142 0.10196477407308723873 0.00000000099999999992 0.00000000099999999992 0.00000005955169518234 0.05476141223199666730 
0.00000000099999999984 0.00000000099999999984 0.00000000099999999984 0.00000000099999999984 0.91501579021177337214 0.08498420178822675697 0.00000000099999999984 0.00000000099999999984 0.00000000099999999984 0.00000000099999999984 
0.00000000099999999977 0.00000000099999999977 0.00000000099999999977 0.00000000099999999977 0.99999999100000014352 0.00000000099999999977 0.00000000099999999977 0.00000000099999999977 0.00000000099999999977 0.00000000099999999977 
0.00000000099999999930 0.00000000099999999930 0.00000000099999999930 0.00000000099999999930 0.00000000099999999930 0.00000000099999999930 0.00000000099999999930 0.00000000099999999930 0.99999999099999992147 0.00000000099999999930 
0.00000000099999999948 0.00000000099999999948 0.00000000099999999948 0.00000000099999999948 0.00000000099999999948 0.00000000099999999948 0.00000000099999999948 0.00000000099999999948 0.99999999099999992147 0.00000000099999999948 
0.00000000099999999990 0.00000001413105179721 0.00000000099999999990 0.00000000099999999990 0.87251022929898747194 0.12748974879955510264 0.00000000099999999990 0.00000000099999999990 0.00000000099999999990 0.00000000177040564851 
0.00000000099999999968 0.00000000099999999968 0.00000000099999999968 0.00000000099999999968 0.99999999100000003249 0.00000000099999999968 0.00000000099999999968 0.00000000099999999968 0.00000000099999999968 0.00000000099999999968 
0.00000000099999999991 0.03396881418646338635 0.00000000099999999991 0.00000000099999999991 0.76704176138362145654 0.19546168803108018852 0.00000000099999999991 0.00000000099999999991 0.00000000099999999991 0.00352773039883500861 
0.00000000099999999994 0.00511970465134903296 0.00000000099999999994 0.00000000099999999994 0.76022346826931885833 0.19394401705172129025 0.00000000099999999994 0.00000000099999999994 0.04065984663204676858 0.00005295839556406825 
0.00000000099999999995 0.04368307889969734459 0.00175019697930550657 0.00000000099999999995 0.62855138033160584676 0.21761833831598323408 0.00000000099999999995 0.00000000099999999995 0.02946340697790982358 0.07893359449549833262 
0.00000000099999999991 0.29575004438517094041 0.00000000099999999991 0.00000000099999999991 0.33686886312884156691 0.01344598288837507011 0.00000000099999999991 0.00000000099999999991 0.35393500728694354818 0.00000009731066875965 
0.00000000099999999994 0.10033066712318040870 0.00000000099999999994 0.00000000099999999994 0.57869352989055766745 0.25301420583090938887 0.00000000099999999994 0.00000000099999999994 0.04211630966576086071 0.02584528248959169425 
0.00000000099999999996 0.03686464774531786337 0.00000000099999999996 0.00000000099999999996 0.66850731305988841946 0.23603017078171661947 0.00000000099999999996 0.00000000099999999996 0.04293720428038076686 0.01566065913269623633 
0.00000000099999999992 0.01860375644334729198 0.00000000099999999992 0.00000000099999999992 0.77146690988225741226 0.11228074653269734529 0.00000000099999999992 0.00000000099999999992 0.00000000099999999992 0.09764858114169810976 
0.00000000099999999982 0.00000756829342424398 0.00000000099999999982 0.00000000099999999982 0.00000000099999999982 0.98589302738187312158 0.00000000099999999982 0.00000000099999999982 0.00000000099999999982 0.01409939732470263593 
0.00000000099999999992 0.21736520217163282642 0.00000000099999999992 0.00000000099999999992 0.24576177770770069042 0.07687095142330351016 0.00000000099999999992 0.00000000099999999992 0.37126351592425910209 0.08873854777310387354 
0.00000000099999999996 0.00000036162263315454 0.04491577402548697223 0.01561216374731679707 0.13440029475807277470 0.60437839065735665667 0.00000000099999999996 0.00000000099999999996 0.00000000099999999996 0.20069301118913365767 
0.00000000099999999992 0.25973932007461819627 0.00000000099999999992 0.00000000099999999992 0.15109326193049332776 0.00030385594247291727 0.00000000099999999992 0.00000000099999999992 0.55444842235287983279 0.03441513469953558918 
0.00000000099999999990 0.11366755979930549814 0.00000000099999999990 0.00000000099999999990 0.40492252099469949744 0.02518906768884051836 0.00000000099999999990 0.00000000099999999990 0.33439859477291100642 0.12182225174424375636 
0.00000000099999999992 0.17657865346397386141 0.00000000099999999992 0.00000000099999999992 0.31551984818154493739 0.06635490310332406438 0.00000000099999999992 0.00000000099999999992 0.32909287337501785808 0.11245371687613933687 
0.00000000099999999992 0.01065226356592837223 0.00000009448747753930 0.00000000099999999992 0.00000000099999999992 0.98934763494659427874 0.00000000099999999992 0.00000000099999999992 0.00000000099999999992 0.00000000099999999992 
0.00000000099999999983 0.00000000099999999983 0.00000000099999999983 0.00000000099999999983 0.00000000099999999983 0.00000000099999999983 0.00000000099999999983 0.00000000099999999983 0.00000000099999999983 0.99999999100000003249 
0.00000000099999999988 0.00559099687396368700 0.00000000099999999988 0.00000000099999999988 0.04420437617621060522 0.95020461111683696132 0.00000000099999999988 0.00000000099999999988 0.00000000099999999988 0.00000000983298865136 
0.00000000099999999960 0.00000000099999999960 0.00000000099999999960 0.00000000099999999960 0.00000000099999999960 0.00000000099999999960 0.00000000099999999960 0.00000000099999999960 0.99999999099999992147 0.00000000099999999960 
0.00000000099999999992 0.26950949760980952297 0.00000000099999999992 0.00000000099999999992 0.12052430846765335715 0.00000009283179059223 0.00000000099999999992 0.00000000099999999992 0.60989839646292587361 0.00006769962782047083 
0.00000000099999999997 0.04799649562917455287 0.03671747990135028339 0.00510416709423119289 0.05904115299615904366 0.63475755750309603709 0.00000000099999999997 0.00000000099999999997 0.01395993776879784348 0.20242320610719125029 
0.00000000099999999996 0.19681921871745225450 0.00000000099999999996 0.00000000099999999996 0.26133246729255760199 0.07389792452972132608 0.00000000099999999996 0.00000000099999999996 0.39596590008455184728 0.07198448437571705605 
0.00000000099999999990 0.21377100579312474649 0.00000000099999999990 0.00000000099999999990 0.26622514284762632819 0.05990790963000141439 0.00000000099999999990 0.00000000099999999990 0.39266975394377268138 0.06742618278547492239 
0.00000000099999999984 0.00885741768421637564 0.00000000099999999984 0.00000000099999999984 0.88465864039784425366 0.00000000099999999984 0.00000000099999999984 0.00000000099999999984 0.00000000099999999984 0.10648393491793939347 
0.00000000099999999978 0.00000000099999999978 0.00000000099999999978 0.00000000099999999978 0.00000000099999999978 0.00000000099999999978 0.00000000099999999978 0.00000000099999999978 0.99999999100000003249 0.00000000099999999978 
0.00000000099999999958 0.00000000099999999958 0.00000000099999999958 0.00000000099999999958 0.00000000099999999958 0.00000000099999999958 0.00000000099999999958 0.00000000099999999958 0.99999999100000003249 0.00000000099999999958 
0.00000000099999999965 0.00000000099999999965 0.00000000099999999965 0.00000000099999999965 0.00000000099999999965 0.00000000099999999965 0.00000000099999999965 0.00000000099999999965 0.99999999099999992147 0.00000000099999999965 
0.00000000099999999992 0.20034924849477001030 0.00000000099999999992 0.00000000099999999992 0.24065918246454667817 0.06029409503222206423 0.00000000099999999992 0.00000000099999999992 0.44419792520671969038 0.05449954380174160118 
0.00000000099999999995 0.18861623372028749057 0.00000000099999999995 0.00000000099999999995 0.24698501778077169844 0.10820659124354239933 0.00000000099999999995 0.00000000099999999995 0.42310866292325266524 0.03308348933214575599 
0.00000000099999999992 0.02573547583723886575 0.00000000099999999992 0.00000000099999999992 0.74380751657028865154 0.05127393722161335127 0.00000000099999999992 0.00000000099999999992 0.00000000099999999992 0.17918306437085915195 
0.00000000099999999991 0.17894797661100500519 0.00000000099999999991 0.00000000099999999991 0.29876283253799396089 0.04848506253670082505 0.00000000099999999991 0.00000000099999999991 0.36693522123377847466 0.10686890208052177154 
0.00000000099999999991 0.16183637385810073495 0.00000000099999999991 0.00000000099999999991 0.30368478799316617200 0.08994257264869716384 0.00000000099999999991 0.00000000099999999991 0.34948210249584255038 0.09505415800419339534 
0.00000000099999999989 0.00008220968445552360 0.00000000099999999989 0.00000000099999999989 0.00000000099999999989 0.99991778231554462320 0.00000000099999999989 0.00000000099999999989 0.00000000099999999989 0.00000000099999999989 
0.00000000099999999981 0.00000000099999999981 0.00000000099999999981 0.00000000099999999981 0.99647149107257770861 0.00000000099999999981 0.00000000099999999981 0.00000000099999999981 0.00000000099999999981 0.00352850092742238797 
0.00000000099999999984 0.00000000099999999984 0.00000000099999999984 0.00000000099999999984 0.00000002246394130186 0.00000000099999999984 0.00000000099999999984 0.00000000099999999984 0.00000000099999999984 0.99999996953605874150 
0.00000000099999999986 0.00000000099999999986 0.00000000099999999986 0.00000000099999999986 0.00000000099999999986 0.99999996120005729683 0.00000000099999999986 0.00000000099999999986 0.00000000099999999986 0.00000003079994277432 
0.00000000099999999963 0.00000000099999999963 0.00000000099999999963 0.00000000099999999963 0.00000000099999999963 0.00000000099999999963 0.00000000099999999963 0.00000000099999999963 0.99999999100000003249 0.00000000099999999963 
0.00000000099999999989 0.26174871588138620693 0.00000000099999999989 0.00000000099999999989 0.24652714593583860414 0.00000004320271212535 0.00000000099999999989 0.00000000099999999989 0.39327321183187885500 0.09845087814818410943 
0.00000000099999999994 0.08321671160309394855 0.00000000099999999994 0.00000000099999999994 0.43893050816988443685 0.10973731259712871111 0.00000000099999999994 0.00000000099999999994 0.27784105565937178284 0.09027440697052119267 
0.00000000099999999984 0.00000000099999999984 0.00000000099999999984 0.00000000099999999984 0.00000000099999999984 0.00000000099999999984 0.00000000099999999984 0.00000000099999999984 0.00000000099999999984 0.99999999100000003249 
0.00000000099999999994 0.04979091077802079435 0.00260244631068787301 0.00000000099999999994 0.21922414032543935392 0.27307998733689503590 0.00000000099999999994 0.00000000099999999994 0.00000000099999999994 0.45530251024895712630 
0.00000000099999999975 0.00000000099999999975 0.00000000099999999975 0.00000000099999999975 0.00000000099999999975 0.00000000099999999975 0.00000000099999999975 0.00000000099999999975 0.99999999099999992147 0.00000000099999999975 
0.00000000099999999990 0.20903005965589774307 0.00000000099999999990 0.00000000099999999990 0.21220984825381733474 0.02899896222109125260 0.00000000099999999990 0.00000000099999999990 0.53163939659903292068 0.01812172827016077584 
0.00163878891025736120 0.00000000099999999998 0.37315735494895935220 0.40220058906989719638 0.00000000099999999998 0.05835009567890944021 0.00454732163327651630 0.08221904979732161389 0.00000000099999999998 0.07788679696137852659 
0.00000000099999999956 0.00000000099999999956 0.99999999100000003249 0.00000000099999999956 0.00000000099999999956 0.00000000099999999956 0.00000000099999999956 0.00000000099999999956 0.00000000099999999956 0.00000000099999999956 
0.00771608844674247230 0.00000000099999999998 0.36333111810931828511 0.43045939533483240647 0.00000000099999999998 0.05721403016754009890 0.00369576971372442701 0.06074215567681190420 0.00000000099999999998 0.07684143955103026058 
0.00000000099999999948 0.00000000099999999948 0.99999999100000014352 0.00000000099999999948 0.00000000099999999948 0.00000000099999999948 0.00000000099999999948 0.00000000099999999948 0.00000000099999999948 0.00000000099999999948 
0.00000000099999999940 0.00000000099999999940 0.99999999100000014352 0.00000000099999999940 0.00000000099999999940 0.00000000099999999940 0.00000000099999999940 0.00000000099999999940 0.00000000099999999940 0.00000000099999999940 
0.00000000099999999933 0.00000000099999999933 0.99999999100000014352 0.00000000099999999933 0.00000000099999999933 0.00000000099999999933 0.00000000099999999933 0.00000000099999999933 0.00000000099999999933 0.00000000099999999933 
0.00587501167768547661 0.00000000099999999998 0.36857135158949871911 0.43206313976072852068 0.00000000099999999998 0.07740048991450906857 0.00000000099999999998 0.04890432608230448758 0.00000000099999999998 0.06718567697527362548 
0.00000000099999999946 0.00000000099999999946 0.99999999100000003249 0.00000000099999999946 0.00000000099999999946 0.00000000099999999946 0.00000000099999999946 0.00000000099999999946 0.00000000099999999946 0.00000000099999999946 
0.00369317320513178407 0.00000000099999999998 0.35494742356492919866 0.47125580602913347272 0.00000000099999999998 0.07552954536774576788 0.00207335880709359028 0.04758823103973763152 0.00000000099999999998 0.04491245898622855948 
0.00000000099999999932 0.00000000099999999932 0.99999999100000003249 0.00000000099999999932 0.00000000099999999932 0.00000000099999999932 0.00000000099999999932 0.00000000099999999932 0.00000000099999999932 0.00000000099999999932 
0.01655612988334154156 0.00000000099999999992 0.00000000099999999992 0.85932415130802730641 0.00000000099999999992 0.00000000099999999992 0.07695615149375265029 0.04716356131487865755 0.00000000099999999992 0.00000000099999999992 
0.00000000099999999990 0.00000000099999999990 0.00000000099999999990 0.78494688824795433302 0.00000000099999999990 0.00000000099999999990 0.00000000099999999990 0.21505310375204578222 0.00000000099999999990 0.00000000099999999990 
0.00009006997324991577 0.00000000099999999993 0.00000000099999999993 0.90529523926401833656 0.00000000099999999993 0.00000000099999999993 0.09461468376273175773 0.00000000099999999993 0.00000000099999999993 0.00000000099999999993 
0.00000000099999999990 0.25112920415334538671 0.00000000099999999990 0.00000000099999999990 0.29513102368058224956 0.02956701965923834094 0.00000000099999999990 0.00000000099999999990 0.39863452031884788473 0.02553822718798624478 
0.00000000099999999982 0.00000000099999999982 0.00000000099999999982 0.76520753930248464059 0.00000000099999999982 0.00000000099999999982 0.00000000099999999982 0.23479245269751539138 0.00000000099999999982 0.00000000099999999982 
0.00000000099999999994 0.00000000099999999994 0.02604217106665458054 0.83317741821299096117 0.00000000099999999994 0.00000000099999999994 0.00000000099999999994 0.14078040372035460770 0.00000000099999999994 0.00000000099999999994 
0.00000000099999999988 0.31363505677068209687 0.00000000099999999988 0.00000000099999999988 0.21631748264144365357 0.00000000099999999988 0.00000000099999999988 0.00000000099999999988 0.40979073177001351658 0.06025672281786075002 
0.99999999100000014352 0.00000000099999999937 0.00000000099999999937 0.00000000099999999937 0.00000000099999999937 0.00000000099999999937 0.00000000099999999937 0.00000000099999999937 0.00000000099999999937 0.00000000099999999937 
0.00000000099999999995 0.00000000099999999995 0.01455800579000456237 0.88944527812385887344 0.00000000099999999995 0.00000000099999999995 0.00000000099999999995 0.09599670908613661124 0.00000000099999999995 0.00000000099999999995 
0.00000000099999999989 0.00000000099999999989 0.00000000099999999989 0.00000000099999999989 0.30101572172715967968 0.25251391168664844011 0.00000000099999999989 0.00000000099999999989 0.00000000099999999989 0.44647035958619207818 
0.00000000099999999989 0.30254552690114533409 0.00000000099999999989 0.00000000099999999989 0.20909695944610939833 0.03644946399236860535 0.00000000099999999989 0.00000000099999999989 0.36610451024101142714 0.08580353441936519610 
0.00000000099999999989 0.00645999140825696642 0.00000000099999999989 0.00000000099999999989 0.22965834694875325583 0.18457569882917215787 0.00000000099999999989 0.00000000099999999989 0.00000000099999999989 0.57930595681381746864 
0.00000000099999999985 0.18953539728917892515 0.00000000099999999985 0.00000000099999999985 0.40757276746495424424 0.00000000099999999985 0.00000000099999999985 0.00000000099999999985 0.38199893741082480147 0.02089289183504218148 
0.00000000099999999994 0.02598743642686374838 0.00737913321087525949 0.00000000099999999994 0.22142163142189835723 0.29277311905676028925 0.00000000099999999994 0.00000000099999999994 0.00000000099999999994 0.45243867488360250961 
0.00000000099999999990 0.00000000099999999990 0.01457236131743969848 0.86253445926473015781 0.00000000099999999990 0.00000000099999999990 0.00000000099999999990 0.12289317241783011270 0.00000000099999999990 0.00000000099999999990 
0.00000000099999999981 0.00000000099999999981 0.00000000099999999981 0.71886361580836488638 0.00000000099999999981 0.00000000099999999981 0.00000000099999999981 0.28113637619163517334 0.00000000099999999981 0.00000000099999999981 
0.00000000099999999989 0.00770971660998839761 0.00000000099999999989 0.00000000099999999989 0.02137568645875909112 0.03576888081454457358 0.00000000099999999989 0.00000000099999999989 0.00000000099999999989 0.93514571011670788447 
0.00000000099999999987 0.00000000099999999987 0.00000000099999999987 0.00000000099999999987 0.29146630343733570534 0.26317253821896463561 0.00000000099999999987 0.00000000099999999987 0.00000000099999999987 0.44536115134369974600 
0.99999999100000014352 0.00000000099999999948 0.00000000099999999948 0.00000000099999999948 0.00000000099999999948 0.00000000099999999948 0.00000000099999999948 0.00000000099999999948 0.00000000099999999948 0.00000000099999999948 
0.00000000099999999986 0.21477257266489013787 0.00000000099999999986 0.00000000099999999986 0.41898270584073782352 0.00000527674582705035 0.00000000099999999986 0.00000000099999999986 0.32788904044118172276 0.03835039930736325320 
0.00000000099999999942 0.00000000099999999942 0.99999999100000014352 0.00000000099999999942 0.00000000099999999942 0.00000000099999999942 0.00000000099999999942 0.00000000099999999942 0.00000000099999999942 0.00000000099999999942 
0.00000000099999999993 0.00000000099999999993 0.05632867239558542183 0.00000000099999999993 0.00000000099999999993 0.83326188651069921232 0.00000000099999999993 0.00000000099999999993 0.00000000099999999993 0.11040943409371541117 
0.00000000099999999936 0.00000000099999999936 0.99999999100000014352 0.00000000099999999936 0.00000000099999999936 0.00000000099999999936 0.00000000099999999936 0.00000000099999999936 0.00000000099999999936 0.00000000099999999936 
0.00000000099999999943 0.00000000099999999943 0.99999999100000014352 0.00000000099999999943 0.00000000099999999943 0.00000000099999999943 0.00000000099999999943 0.00000000099999999943 0.00000000099999999943 0.00000000099999999943 
0.00000000099999999995 0.00000000099999999995 0.05129031703547662358 0.00000000099999999995 0.00000000099999999995 0.81488102803021000842 0.00000000099999999995 0.00000000099999999995 0.00000000099999999995 0.13382864793431334394 
0.00000000099999999969 0.00000000099999999969 0.99999999100000003249 0.00000000099999999969 0.00000000099999999969 0.00000000099999999969 0.00000000099999999969 0.00000000099999999969 0.00000000099999999969 0.00000000099999999969 
0.00000000099999999994 0.00000000099999999994 0.05241076331240369923 0.00000000099999999994 0.00000000099999999994 0.86526024056983741328 0.00000000099999999994 0.00000000099999999994 0.00000000099999999994 0.08232898911775901607 
