0.00062490934750595271 0.00000000099999999996 0.00000000099999999996 0.00000000099999999996 0.08024507519006120193 0.91913000701671487835 0.00000000144571803656 0.00000000099999999996 0.00000000099999999996 0.00000000099999999996 0.00000000099999999996 
0.00000000099999999996 0.00000000099999999996 0.00000000099999999996 0.00000000099999999996 0.13801277893953878273 0.85921581527111312582 0.00277139778934805923 0.00000000099999999996 0.00000000099999999996 0.00000000099999999996 0.00000000099999999996 
0.02636641051239995218 0.00000000099999999988 0.00000000099999999988 0.00000000099999999988 0.00000000099999999988 0.00000000099999999988 0.00000000099999999988 0.00000000099999999988 0.00000000099999999988 0.00000000099999999988 0.97363358048760006991 
0.00000000099999999992 0.00000000099999999992 0.00000000099999999992 0.00000000099999999992 0.08177115435100400231 0.91538874277182802341 0.00000000099999999992 0.00284009487716791300 0.00000000099999999992 0.00000000099999999992 0.00000000099999999992 
0.00000000099999999992 0.00000000099999999992 0.00000000099999999992 0.00000000099999999992 0.02330984411853235724 0.94250525649463678945 0.01042113925613910065 0.02376375313069175460 0.00000000099999999992 0.00000000099999999992 0.00000000099999999992 
0.00000000099999999992 0.00000000099999999992 0.00000000099999999992 0.00000000099999999992 0.00080678867647173476 0.95640853021392280287 0.01019854891144002761 0.02085544924750724546 0.01173067695065813272 0.00000000099999999992 0.00000000099999999992 
0.00000000099999999948 0.99999999000000028282 0.00000000099999999948 0.00000000099999999948 0.00000000099999999948 0.00000000099999999948 0.00000000099999999948 0.00000000099999999948 0.00000000099999999948 0.00000000099999999948 0.00000000099999999948 
0.00000000099999999979 0.00000000099999999979 0.00000000099999999979 0.00000000099999999979 0.12081079605959674228 0.87918919494040348450 0.00000000099999999979 0.00000000099999999979 0.00000000099999999979 0.00000000099999999979 0.00000000099999999979 
0.00000000099999999924 0.99999999000000017180 0.00000000099999999924 0.00000000099999999924 0.00000000099999999924 0.00000000099999999924 0.00000000099999999924 0.00000000099999999924 0.00000000099999999924 0.00000000099999999924 0.00000000099999999924 
0.00000000099999999985 0.00000000099999999985 0.00000000099999999985 0.00000000099999999985 0.19612652272719660607 0.80387346827280337092 0.00000000099999999985 0.00000000099999999985 0.00000000099999999985 0.00000000099999999985 0.00000000099999999985 
0.00000000099999999979 0.00000000099999999979 0.00000000099999999979 0.00000000099999999979 0.12699681523780048664 0.87300317576219954585 0.00000000099999999979 0.00000000099999999979 0.00000000099999999979 0.00000000099999999979 0.00000000099999999979 
0.00000000099999999992 0.00000000099999999992 0.00000000099999999992 0.00000000099999999992 0.01404266238589801236 0.94120149644053430205 0.04396697179530267841 0.00078886237826489216 0.00000000099999999992 0.00000000099999999992 0.00000000099999999992 
0.00000000099999999994 0.00000000099999999994 0.00000000099999999994 0.00000000099999999994 0.00000425153608325712 0.99082054236720507046 0.00058546191321786809 0.00858973718349382090 0.00000000099999999994 0.00000000099999999994 0.00000000099999999994 
0.00000000099999999992 0.00000000099999999992 0.00000000099999999992 0.00000000099999999992 0.00127861223758120074 0.96842201520445836405 0.00000000099999999992 0.03029936455796032949 0.00000000099999999992 0.00000000099999999992 0.00000000099999999992 
0.00840940416079236606 0.00000000099999999987 0.00000000099999999987 0.00000000099999999987 0.00000000099999999987 0.00000000099999999987 0.00000000099999999987 0.00000000099999999987 0.08872947531903245533 0.00000000099999999987 0.90286111252017520190 
0.00000000099999999983 0.00000000099999999983 0.00000000099999999983 0.00000000099999999983 0.09020447097383293977 0.90979552002616714823 0.00000000099999999983 0.00000000099999999983 0.00000000099999999983 0.00000000099999999983 0.00000000099999999983 
0.00000000099999999976 0.00000000099999999976 0.00000000099999999976 0.00000000099999999976 0.16871136505491274304 0.81406547092012992994 0.00056421279853597793 0.00000000099999999976 0.01665894422642143907 0.00000000099999999976 0.00000000099999999976 
0.00000000099999999977 0.00000000099999999977 0.00000000099999999977 0.00000000099999999977 0.07739836210254884274 0.66500408698391255680 0.24162674407218215356 0.00000000099999999977 0.01597079984135649222 0.00000000099999999977 0.00000000099999999977 
0.00000000099999999985 0.00000000099999999985 0.00000000099999999985 0.00000000099999999985 0.09894116351992027214 0.90105639380029511898 0.00000243467978471370 0.00000000099999999985 0.00000000099999999985 0.00000000099999999985 0.00000000099999999985 
0.00000000099999999906 0.00000000099999999906 0.00000000099999999906 0.00000000099999999906 0.00000000099999999906 0.00000000099999999906 0.99999999000000006077 0.00000000099999999906 0.00000000099999999906 0.00000000099999999906 0.00000000099999999906 
0.00000000099999999945 0.99999999000000017180 0.00000000099999999945 0.00000000099999999945 0.00000000099999999945 0.00000000099999999945 0.00000000099999999945 0.00000000099999999945 0.00000000099999999945 0.00000000099999999945 0.00000000099999999945 
0.00000000099999999903 0.00000000099999999903 0.00000000099999999903 0.00000000099999999903 0.00000000099999999903 0.00000000099999999903 0.99999998999999994975 0.00000000099999999903 0.00000000099999999903 0.00000000099999999903 0.00000000099999999903 
0.00005551219474137010 0.00000000099999999997 0.01048268418455649588 0.00000000394394768925 0.00003449904268937333 0.97014602538174421476 0.00266199817813751478 0.01661927307418343755 0.00000000099999999997 0.00000000099999999997 0.00000000099999999997 
0.00000000099999999932 0.99999999000000017180 0.00000000099999999932 0.00000000099999999932 0.00000000099999999932 0.00000000099999999932 0.00000000099999999932 0.00000000099999999932 0.00000000099999999932 0.00000000099999999932 0.00000000099999999932 
0.00000000099999999935 0.00000000099999999935 0.00000000099999999935 0.00000000099999999935 0.99999999000000017180 0.00000000099999999935 0.00000000099999999935 0.00000000099999999935 0.00000000099999999935 0.00000000099999999935 0.00000000099999999935 
0.00000000099999999981 0.00000000099999999981 0.00000000099999999981 0.00000000099999999981 0.13710815179300012145 0.85845595736109736595 0.00443588284590249078 0.00000000099999999981 0.00000000099999999981 0.00000000099999999981 0.00000000099999999981 
0.00000000099999999977 0.00000000099999999977 0.00000000099999999977 0.00000000099999999977 0.08260137610265549934 0.84248834294813368384 0.00000045168728288227 0.00011062707635958559 0.07479919618556826744 0.00000000099999999977 0.00000000099999999977 
0.00000000099999999966 0.00000000099999999966 0.00000000099999999966 0.00000000099999999966 0.24882250765968710882 0.73051330328377028778 0.00000000099999999966 0.00000000099999999966 0.02066418105654255558 0.00000000099999999966 0.00000000099999999966 
0.00000000099999999988 0.02748398381640819801 0.74515689206087731833 0.00000000099999999988 0.00000000099999999988 0.00000000099999999988 0.00000000099999999988 0.00000000099999999988 0.22735911612271461624 0.00000000099999999988 0.00000000099999999988 
0.00000000099999999956 0.99999999000000017180 0.00000000099999999956 0.00000000099999999956 0.00000000099999999956 0.00000000099999999956 0.00000000099999999956 0.00000000099999999956 0.00000000099999999956 0.00000000099999999956 0.00000000099999999956 
0.01674376211733101180 0.00000000099999999997 0.00008257442874758901 0.00000000099999999997 0.00929991379443432208 0.96782405738179355659 0.00576184333011871535 0.00025704033762804774 0.00000000099999999997 0.00003080460994681215 0.00000000099999999997 
0.00000000099999999990 0.12505608647108198972 0.00000000099999999990 0.00000000099999999990 0.16552542030198258427 0.69373367561961363226 0.00781167938639182845 0.00000000099999999990 0.00787313222092999795 0.00000000099999999990 0.00000000099999999990 
0.01368033277905408678 0.00022061436435927387 0.00000000099999999998 0.01093582353908087446 0.21124753673901627837 0.74739031285641266411 0.01430453305901710666 0.00000000099999999998 0.00220397310509708741 0.00001687055796265823 0.00000000099999999998 
0.00000000099999999982 0.00000000099999999982 0.00000000099999999982 0.00000000099999999982 0.15307864127471115800 0.72473771234790884677 0.00466164205311880332 0.09290743012057249561 0.02461456820368865955 0.00000000099999999982 0.00000000099999999982 
0.00000000099999999976 0.93488207237752318779 0.00000000099999999976 0.00000000099999999976 0.00000000099999999976 0.06511791862247706675 0.00000000099999999976 0.00000000099999999976 0.00000000099999999976 0.00000000099999999976 0.00000000099999999976 
0.00000000099999999982 0.00000000099999999982 0.00000000099999999982 0.00000000099999999982 0.14947129641659015475 0.85052869458340984998 0.00000000099999999982 0.00000000099999999982 0.00000000099999999982 0.00000000099999999982 0.00000000099999999982 
0.00000000099999999995 0.01021751619038785072 0.00000000099999999995 0.00000000099999999995 0.01760981244286152075 0.93224678355480106173 0.02442932030941526514 0.01549656150253424756 0.00000000099999999995 0.00000000099999999995 0.00000000099999999995 
0.00000000099999999926 0.00000000099999999926 0.00000000099999999926 0.00000000099999999926 0.99999999000000017180 0.00000000099999999926 0.00000000099999999926 0.00000000099999999926 0.00000000099999999926 0.00000000099999999926 0.00000000099999999926 
0.00000000099999999986 0.00000000099999999986 0.00000000099999999986 0.00000000099999999986 0.11721798450318807183 0.88278200649681204393 0.00000000099999999986 0.00000000099999999986 0.00000000099999999986 0.00000000099999999986 0.00000000099999999986 
0.00000000099999999995 0.24956139720434972196 0.00000000099999999995 0.00000000099999999995 0.09183344361515374810 0.65860511558404799537 0.00000000109155742252 0.00000003650489104902 0.00000000099999999995 0.00000000099999999995 0.00000000099999999995 
0.00000000099999999983 0.13902019102006621387 0.00000000099999999983 0.00000000099999999983 0.14728232176312089363 0.69551488700235641893 0.00907727008597233008 0.00000000099999999983 0.00910532412848416052 0.00000000099999999983 0.00000000099999999983 
0.00000000099999999996 0.00000000099999999996 0.08203175295699108305 0.00000000099999999996 0.10853118998006472395 0.78625313605129476535 0.00000000099999999996 0.00323780769907697653 0.00000000099999999996 0.01994610731257256964 0.00000000099999999996 
0.00000000099999999981 0.00000000099999999981 0.81090251171200455893 0.00000000099999999981 0.00000000099999999981 0.00000000099999999981 0.00000000099999999981 0.00000000099999999981 0.18909747928799544581 0.00000000099999999981 0.00000000099999999981 
0.00000000099999999994 0.00000000099999999994 0.00000000099999999994 0.00000000099999999994 0.13681245424728977200 0.83572113119282809279 0.00419536605878659870 0.00000000099999999994 0.00000000099999999994 0.00000000099999999994 0.02327104150109558095 
0.00000000099999999984 0.00000000099999999984 0.00000000099999999984 0.00000000099999999984 0.06263347567087168555 0.87815189607433419283 0.00001377243137145103 0.01558333959486472679 0.04361751022855796939 0.00000000099999999984 0.00000000099999999984 
0.00000000099999999991 0.00000000099999999991 0.00000000099999999991 0.00000000099999999991 0.04383818218397680933 0.93691430097293504353 0.00271715882112939138 0.01653035102195876682 0.00000000099999999991 0.00000000099999999991 0.00000000099999999991 
0.02299108991125647927 0.00000000099999999991 0.97700890108874371975 0.00000000099999999991 0.00000000099999999991 0.00000000099999999991 0.00000000099999999991 0.00000000099999999991 0.00000000099999999991 0.00000000099999999991 0.00000000099999999991 
0.00000000099999999990 0.00000000099999999990 0.78755281365994245224 0.00000000099999999990 0.00000000099999999990 0.00000000099999999990 0.00000000099999999990 0.04094270301651928290 0.17150445355077945098 0.00000002277275875420 0.00000000099999999990 
0.00000000099999999992 0.00000000099999999992 0.77224180022863919692 0.00000000099999999992 0.00000000099999999992 0.00000000099999999992 0.00000000099999999992 0.05699750914192056733 0.14570950382853586902 0.02505117980090444327 0.00000000099999999992 
0.24028969729908006281 0.00000000099999999994 0.27154435471218885123 0.01759872319215022643 0.00000000099999999994 0.00000000099999999994 0.00000000099999999994 0.00210253000129455216 0.00000000099999999994 0.46846468879528613272 0.00000000099999999994 
0.05331829957126107966 0.00000000099999999998 0.58747613774841322964 0.02653339853071579046 0.00000000099999999998 0.00017790166753368661 0.00000000099999999998 0.03828454099013709616 0.07149965820596101973 0.22271005900019461010 0.00000000128578351806 
0.07994233812664733319 0.00000000099999999981 0.00000000099999999981 0.00000000099999999981 0.00000000099999999981 0.00000000099999999981 0.00000000099999999981 0.00000000099999999981 0.09640225938284156804 0.82365539449051095033 0.00000000099999999981 
0.00000000099999999977 0.00000000099999999977 0.00000000099999999977 0.00000000099999999977 0.00000000099999999977 0.00000000099999999977 0.00000000099999999977 0.00000000099999999977 0.19410722231716459607 0.80589276868283543642 0.00000000099999999977 
0.12014010752297667184 0.00000000099999999997 0.51648319700849176783 0.01626470993522956959 0.00000065993991550888 0.00000000099999999997 0.00000000099999999997 0.03399924440737043391 0.20241837864353437459 0.11069369854248163609 0.00000000099999999997 
0.00000000099999999968 0.00000000099999999968 0.00000000099999999968 0.00000000099999999968 0.00000000099999999968 0.00000000099999999968 0.00000000099999999968 0.00000000099999999968 0.24104076280109856811 0.75895922819890149214 0.00000000099999999968 
0.00000000099999999983 0.00000000099999999983 0.00000000099999999983 0.00000000099999999983 0.00000000099999999983 0.00000000099999999983 0.00000000099999999983 0.00000000099999999983 0.00000000099999999983 0.99999999000000006077 0.00000000099999999983 
0.17379363399255581824 0.00000000099999999998 0.53836016648971940501 0.00041155598402170789 0.00000000099999999998 0.01541660024144311629 0.00369131570494977447 0.03506255938651136467 0.13755177487477115994 0.09571239032602728292 0.00000000099999999998 
0.21657177409203626217 0.00000000099999999990 0.07352254737714361554 0.00000000099999999990 0.00000000099999999990 0.00000000099999999990 0.00000000099999999990 0.00000000099999999990 0.00000000099999999990 0.70990567053081987670 0.00000000099999999990 
0.00000000099999999949 0.00000000099999999949 0.00000000099999999949 0.00000000099999999949 0.00000000099999999949 0.00000000099999999949 0.99999998999999994975 0.00000000099999999949 0.00000000099999999949 0.00000000099999999949 0.00000000099999999949 
0.00000000099999999978 0.00000000099999999978 0.00000000099999999978 0.00000000099999999978 0.00000000099999999978 0.00000000099999999978 0.00000000099999999978 0.00000000099999999978 0.28307722200373031107 0.71692276899626972142 0.00000000099999999978 
0.00000000099999999973 0.00000000099999999973 0.00000000099999999973 0.00000000099999999973 0.00000000099999999973 0.00000000099999999973 0.00000000099999999973 0.00000000099999999973 0.31158958268407238590 0.68841040831592759108 0.00000000099999999973 
0.00000000099999999977 0.00000000099999999977 0.00000000099999999977 0.00000000099999999977 0.00000000099999999977 0.00000000099999999977 0.00000000099999999977 0.00000000099999999977 0.23893245403536383931 0.76106753696463602665 0.00000000099999999977 
0.00000000099999999979 0.00000000099999999979 0.00000000099999999979 0.00000000099999999979 0.00000000099999999979 0.00000000099999999979 0.00000000099999999979 0.00000000099999999979 0.23312131586450299259 0.76687867513549690113 0.00000000099999999979 
0.00000000099999999977 0.00000000099999999977 0.00000000099999999977 0.00000000099999999977 0.00000000099999999977 0.00000000099999999977 0.00000000099999999977 0.00000000099999999977 0.26728277103659647818 0.73271721996340344329 0.00000000099999999977 
0.00000000099999999980 0.00000000099999999980 0.00000000099999999980 0.00000000099999999980 0.00000000099999999980 0.00000000099999999980 0.00000000099999999980 0.00000000099999999980 0.17060391017809747871 0.82939608082190252603 0.00000000099999999980 
0.00000000099999999998 0.07864835383962383297 0.00922296184750381019 0.00000000099999999998 0.00000000099999999998 0.89297849462184908376 0.00612316954566536308 0.01301044213674466821 0.00000000099999999998 0.00000000099999999998 0.00001657300861324988 
0.00000000099999999986 0.00000000099999999986 0.00000000099999999986 0.00000000099999999986 0.03402021158511830262 0.93416563379003969558 0.00041597587845100851 0.00637730595352301987 0.02502086679286796150 0.00000000099999999986 0.00000000099999999986 
0.00000000099999999969 0.00000000099999999969 0.00000000099999999969 0.00000000099999999969 0.00000000099999999969 0.22364854624619470713 0.77635144475380524209 0.00000000099999999969 0.00000000099999999969 0.00000000099999999969 0.00000000099999999969 
0.00000000099999999948 0.99999999000000017180 0.00000000099999999948 0.00000000099999999948 0.00000000099999999948 0.00000000099999999948 0.00000000099999999948 0.00000000099999999948 0.00000000099999999948 0.00000000099999999948 0.00000000099999999948 
0.00000000099999999975 0.00000000099999999975 0.00000000099999999975 0.00000000099999999975 0.99999999000000017180 0.00000000099999999975 0.00000000099999999975 0.00000000099999999975 0.00000000099999999975 0.00000000099999999975 0.00000000099999999975 
0.00000000099999999975 0.00000000099999999975 0.00000000099999999975 0.00000000099999999975 0.36095791672736809996 0.63904207427263193253 0.00000000099999999975 0.00000000099999999975 0.00000000099999999975 0.00000000099999999975 0.00000000099999999975 
0.00000000099999999917 0.00000000099999999917 0.00000000099999999917 0.00000000099999999917 0.99999999000000006077 0.00000000099999999917 0.00000000099999999917 0.00000000099999999917 0.00000000099999999917 0.00000000099999999917 0.00000000099999999917 
0.00000000099999999985 0.01209550707876208726 0.00000000099999999985 0.00000000099999999985 0.11864690351003341628 0.86925758141120446076 0.00000000099999999985 0.00000000099999999985 0.00000000099999999985 0.00000000099999999985 0.00000000099999999985 
0.00000000099999999981 0.00000000099999999981 0.00000000099999999981 0.00000000099999999981 0.08875637238413958130 0.91124361861586045119 0.00000000099999999981 0.00000000099999999981 0.00000000099999999981 0.00000000099999999981 0.00000000099999999981 
0.00000000099999999979 0.00000000099999999979 0.00000000099999999979 0.00000000099999999979 0.09442933667649275331 0.80690625620102185422 0.00395458557102489928 0.01951688128959844920 0.07519293426186203499 0.00000000099999999979 0.00000000099999999979 
0.00000000099999999903 0.00000000099999999903 0.00000000099999999903 0.00000000099999999903 0.00000000099999999903 0.00000000099999999903 0.99999999000000006077 0.00000000099999999903 0.00000000099999999903 0.00000000099999999903 0.00000000099999999903 
0.00000000099999999985 0.00000000099999999985 0.00000000099999999985 0.00000000099999999985 0.06810902053352285712 0.85741000688577828637 0.00229990301891861738 0.00806206850746692995 0.06411899505431323254 0.00000000099999999985 0.00000000099999999985 
0.00000000099999999973 0.00000000099999999973 0.00000000099999999973 0.00000000099999999973 0.12942880755814034632 0.87057118344185968617 0.00000000099999999973 0.00000000099999999973 0.00000000099999999973 0.00000000099999999973 0.00000000099999999973 
0.00000000099999999976 0.00000000099999999976 0.84176384877694609976 0.00000000099999999976 0.00000000099999999976 0.00000000099999999976 0.00000000099999999976 0.00000000099999999976 0.15823614222305404375 0.00000000099999999976 0.00000000099999999976 
0.00000000099999999983 0.00000000099999999983 0.00000000099999999983 0.00000000099999999983 0.11179056974179388262 0.88820942125820623314 0.00000000099999999983 0.00000000099999999983 0.00000000099999999983 0.00000000099999999983 0.00000000099999999983 
0.00000000099999999996 0.00000000099999999996 0.00000000099999999996 0.00000000099999999996 0.01439603360576946663 0.96971199989604905944 0.00000000099999999996 0.01589195849818152498 0.00000000099999999996 0.00000000099999999996 0.00000000099999999996 
0.00000000099999999920 0.00000000099999999920 0.00000000099999999920 0.00000000099999999920 0.99999999000000006077 0.00000000099999999920 0.00000000099999999920 0.00000000099999999920 0.00000000099999999920 0.00000000099999999920 0.00000000099999999920 
0.00000000099999999983 0.00000000099999999983 0.00000000099999999983 0.00000000099999999983 0.11034556534830031183 0.88962193171462233821 0.00003249493707736408 0.00000000099999999983 0.00000000099999999983 0.00000000099999999983 0.00000000099999999983 
0.00000000099999999974 0.00000000099999999974 0.00000000099999999974 0.00000000099999999974 0.09585351724924570660 0.90414647375075429814 0.00000000099999999974 0.00000000099999999974 0.00000000099999999974 0.00000000099999999974 0.00000000099999999974 
0.00000000099999999991 0.00000000099999999991 0.00000000099999999991 0.00000000099999999991 0.11443628363106647661 0.88364834583147156000 0.00191536253746196696 0.00000000099999999991 0.00000000099999999991 0.00000000099999999991 0.00000000099999999991 
0.00000000099999999980 0.00000000099999999980 0.00000000099999999980 0.00000000099999999980 0.07983638031349328534 0.86972836690021071426 0.01705316021725013578 0.00094472018212718402 0.03243736638691881169 0.00000000099999999980 0.00000000099999999980 
0.05725048964865075973 0.00000000099999999995 0.94154403616894810636 0.00120546618240132807 0.00000000099999999995 0.00000000099999999995 0.00000000099999999995 0.00000000099999999995 0.00000000099999999995 0.00000000099999999995 0.00000000099999999995 
0.00000000099999999935 0.00000000099999999935 0.00000000099999999935 0.00000000099999999935 0.99999999000000017180 0.00000000099999999935 0.00000000099999999935 0.00000000099999999935 0.00000000099999999935 0.00000000099999999935 0.00000000099999999935 
0.00000000099999999945 0.00000000099999999945 0.00000000099999999945 0.00000000099999999945 0.99999999000000017180 0.00000000099999999945 0.00000000099999999945 0.00000000099999999945 0.00000000099999999945 0.00000000099999999945 0.00000000099999999945 
0.00000000099999999989 0.00000000099999999989 0.00000000099999999989 0.00000000099999999989 0.04853407636419989485 0.95146591463580010295 0.00000000099999999989 0.00000000099999999989 0.00000000099999999989 0.00000000099999999989 0.00000000099999999989 
0.32055009223618907699 0.00000000099999999985 0.00000027688175494189 0.22674862373678242311 0.00000000099999999985 0.00000000099999999985 0.00000000099999999985 0.00000000099999999985 0.09975476955183892880 0.00000000099999999985 0.35294623159343474494 
0.76491496740526188081 0.00000000099999999988 0.07224335284526806067 0.00000000099999999988 0.00000000099999999988 0.00000000099999999988 0.00000000099999999988 0.00000000099999999988 0.09172174313204645157 0.07111992961742383268 0.00000000099999999988 
0.81591240855202351590 0.00000000099999999968 0.00000000099999999968 0.00000000099999999968 0.00000000099999999968 0.00000000099999999968 0.00000000099999999968 0.00000000099999999968 0.18408758244797684966 0.00000000099999999968 0.00000000099999999968 
0.00000000099999999934 0.00000000099999999934 0.00000000099999999934 0.00000000099999999934 0.00000000099999999934 0.00000000099999999934 0.00000000099999999934 0.00000000099999999934 0.00000000099999999934 0.00000000099999999934 0.99999998999999994975 
0.00000000099999999923 0.00000000099999999923 0.00000000099999999923 0.00000000099999999923 0.00000000099999999923 0.00000000099999999923 0.00000000099999999923 0.00000000099999999923 0.00000000099999999923 0.00000000099999999923 0.99999998999999994975 
0.00000000099999999978 0.00000000099999999978 0.00000000099999999978 0.00000000099999999978 0.19096141744796557571 0.80363380255204552860 0.00540477199998902133 0.00000000099999999978 0.00000000099999999978 0.00000000099999999978 0.00000000099999999978 
0.73804581985800887800 0.00000000099999999993 0.08761992499642376475 0.01589895418645240893 0.00000000099999999993 0.00000000099999999993 0.00000000099999999993 0.00000000099999999993 0.11409580819536985219 0.04433948676374521031 0.00000000099999999993 
0.61783366097864167443 0.00000000099999999993 0.20846446519307215706 0.03618533995251898422 0.00000000099999999993 0.00000000099999999993 0.00000000099999999993 0.00306204055047088353 0.00000000099999999993 0.11115156260455397175 0.02330292572074231863 
0.72772762908656585257 0.00000000099999999990 0.04713689999448942430 0.00713467023622471087 0.00000000099999999990 0.00000000099999999990 0.00000000099999999990 0.00000000099999999990 0.21775513192744111457 0.00005788337497505379 0.00018778038030418500 
0.78889706607573373276 0.00000000099999999979 0.00000000099999999979 0.00000000099999999979 0.00000000099999999979 0.00000000099999999979 0.00000000099999999979 0.00000000099999999979 0.21110292492426654953 0.00000000099999999979 0.00000000099999999979 
0.81455271048192212646 0.00000000099999999971 0.00000000099999999971 0.00000000099999999971 0.00000000099999999971 0.00000000099999999971 0.00000000099999999971 0.00000000099999999971 0.18544728051807818359 0.00000000099999999971 0.00000000099999999971 
0.00000000099999999921 0.00000000099999999921 0.00000000099999999921 0.00000000099999999921 0.00000000099999999921 0.00000000099999999921 0.00000000099999999921 0.00000000099999999921 0.00000000099999999921 0.00000000099999999921 0.99999998999999994975 
0.00000000099999999939 0.00000000099999999939 0.00000000099999999939 0.00000000099999999939 0.00000000099999999939 0.00000000099999999939 0.00000000099999999939 0.00000000099999999939 0.00000000099999999939 0.00000000099999999939 0.99999998999999994975 
0.77590899935386548059 0.00000000099999999989 0.09064071173104965018 0.00000000099999999989 0.00000000099999999989 0.00000000099999999989 0.00000000099999999989 0.00000000099999999989 0.13345028091508501222 0.00000000099999999989 0.00000000099999999989 
0.82729919081681058124 0.00000000099999999966 0.00000000099999999966 0.00000000099999999966 0.00000000099999999966 0.00000000099999999966 0.00000000099999999966 0.00000000099999999966 0.17270080018318953452 0.00000000099999999966 0.00000000099999999966 
0.74733320133841874000 0.00000000099999999991 0.17142677068559916687 0.00015574142371223352 0.00000000099999999991 0.00000000099999999991 0.00000000099999999991 0.00000000099999999991 0.00000000099999999991 0.08108427955227009987 0.00000000099999999991 
0.62586784193229449968 0.00000000099999999991 0.10303650653406484783 0.00901560291622177830 0.00000000099999999991 0.00000000099999999991 0.00000000099999999991 0.00000000099999999991 0.22251074420967792422 0.00000000099999999991 0.03956929840774118384 
0.59767821190025971489 0.00000000099999999997 0.19324561781061519450 0.02334932291386738329 0.00000000099999999997 0.00000000099999999997 0.00000000099999999997 0.00272030313116967655 0.02016509970569202101 0.14096941147327143873 0.02187202906512464642 
0.36976963447526511874 0.00000000099999999990 0.03093609827493960795 0.24029835495280327251 0.00000000099999999990 0.00000000099999999990 0.00000000099999999990 0.00000000099999999990 0.00000000099999999990 0.02312467612115630053 0.33587123017583597751 
0.61539890260693186352 0.00000000099999999992 0.21634277492956013877 0.02796030470030943030 0.00000000099999999992 0.00000000099999999992 0.00000000099999999992 0.00000000099999999992 0.00000000099999999992 0.10462471988341040530 0.03567329187978816873 
0.66775336538119023366 0.00000000099999999995 0.20434622444586197920 0.00000108271657842625 0.00000000099999999995 0.00000000099999999995 0.00000000099999999995 0.00000000099999999995 0.00000000099999999995 0.09615237863357865844 0.03174694282279090507 
0.72524429504865561835 0.00000000099999999992 0.09155599220408099093 0.00006128616945352708 0.00000000099999999992 0.00000000099999999992 0.00000000099999999992 0.00000000099999999992 0.05437326516084429323 0.12876515541696581524 0.00000000099999999992 
0.00000000099999999982 0.00000000099999999982 0.89189390089868070266 0.00000029722775571213 0.00000000099999999982 0.00000000099999999982 0.00000000099999999982 0.00000000099999999982 0.09909215420974354371 0.00901364066382025209 0.00000000099999999982 
0.24840721747225613658 0.00000000099999999991 0.06437231421215118543 0.17444584586231548506 0.00000000099999999991 0.00000000099999999991 0.00000000099999999991 0.00000000099999999991 0.00000000099999999991 0.15799014844320907747 0.35478446801006785494 
0.11332803579579117659 0.00000000099999999998 0.52010628982223550132 0.00140907545490360315 0.00000000099999999998 0.01370518182664056533 0.00000000099999999998 0.04180719820269825082 0.15818759679143826191 0.15039764997814816794 0.00105896912814448948 
0.00000000099999999983 0.00000000099999999983 0.93646189669807888833 0.00000000099999999983 0.00000000099999999983 0.00000000099999999983 0.00000000099999999983 0.00000000099999999983 0.01591681487166530032 0.04762128043025590923 0.00000000099999999983 
0.15978692087613755035 0.00000000099999999990 0.00460284234678698823 0.20784396051536813133 0.00000000099999999990 0.00000000099999999990 0.00000000099999999990 0.00000000099999999990 0.00000000099999999990 0.08758398152282047266 0.54018228873888685104 
0.32192325670350824263 0.00000000099999999991 0.00884360287323613867 0.12719755835835649949 0.00000000099999999991 0.00000000099999999991 0.00000000099999999991 0.00000000099999999991 0.07518842910562091586 0.14300286243374502049 0.32384428552553312652 
0.26306668342327083066 0.00000000099999999994 0.04714793264139181123 0.17478490158936790810 0.00000000099999999994 0.00000000099999999994 0.00000000099999999994 0.00000000099999999994 0.03872325976454327884 0.15927443152299955442 0.31700278605842635571 
0.00000000199401285570 0.00000000099999999992 0.98179952000846781868 0.01561570096556918162 0.00000000099999999992 0.00000000099999999992 0.00000000099999999992 0.00000000099999999992 0.00000000099999999992 0.00258477003195023642 0.00000000099999999992 
0.00000000099999999982 0.00000000099999999982 0.00000000099999999982 0.00000000099999999982 0.00000000099999999982 0.00000000099999999982 0.00000000099999999982 0.00000000099999999982 0.07576429203517948130 0.92423569896482049568 0.00000000099999999982 
0.06824402974102512787 0.00000000099999999989 0.92802434323549876094 0.00000368874676469718 0.00000000099999999989 0.00000000099999999989 0.00000000099999999989 0.00000000099999999989 0.00000001426920945737 0.00372791800750194068 0.00000000099999999989 
0.00000000099999999956 0.00000000099999999956 0.00000000099999999956 0.00000000099999999956 0.00000000099999999956 0.00000000099999999956 0.00000000099999999956 0.00000000099999999956 0.00000000099999999956 0.00000000099999999956 0.99999998999999994975 
0.14878389570406969078 0.00000000099999999988 0.00095999973871514104 0.20282621920274368499 0.00000000099999999988 0.00000000099999999988 0.00000000099999999988 0.00000000099999999988 0.00000000099999999988 0.05672678442354941314 0.59070309493092187925 
0.03922838394032363701 0.00000000099999999998 0.55309300349492795945 0.05434982345182368807 0.00000000099999999998 0.00552419842982415730 0.00000000099999999998 0.03620453671891852437 0.10115634039194229543 0.19722715058444337255 0.01321655998779632316 
0.28133428994714565485 0.00000000099999999995 0.06313449509262308856 0.15725808281111175457 0.00000000099999999995 0.00000000099999999995 0.00000000099999999995 0.00000000099999999995 0.00000000099999999995 0.11903497475885767287 0.37923815139026201271 
0.25419595476111978005 0.00000000099999999990 0.04091018695315928183 0.19282499196173702449 0.00000000099999999990 0.00000000099999999990 0.00000000099999999990 0.00000000099999999990 0.00000000099999999990 0.13649126525261381926 0.37557759507136995181 
0.78062304828201878326 0.00000000099999999983 0.00000000099999999983 0.00000000702083311591 0.00000000099999999983 0.00000000099999999983 0.00000000099999999983 0.00000000099999999983 0.07640500857935206280 0.14297192911779613156 0.00000000099999999983 
0.00000000099999999960 0.00000000099999999960 0.00000000099999999960 0.00000000099999999960 0.00000000099999999960 0.00000000099999999960 0.00000000099999999960 0.00000000099999999960 0.09269887099548888842 0.00000000099999999960 0.90730112000451124121 
0.00000000099999999955 0.00000000099999999955 0.00000000099999999955 0.00000000099999999955 0.00000000099999999955 0.00000000099999999955 0.00000000099999999955 0.00000000099999999955 0.00000000099999999955 0.00000000099999999955 0.99999999000000006077 
0.00000000099999999962 0.00000000099999999962 0.00000000099999999962 0.00000000099999999962 0.00000000099999999962 0.00000000099999999962 0.00000000099999999962 0.00000000099999999962 0.00000000099999999962 0.00000000099999999962 0.99999998999999994975 
0.23884199026110741748 0.00000000099999999992 0.04385903365551121341 0.17682468923772715064 0.00000000099999999992 0.00000000099999999992 0.00000000099999999992 0.00000000099999999992 0.02053261371271759839 0.08661539733420095533 0.43332627079873553555 
0.26653009731509702540 0.00000000099999999993 0.09879139074753416627 0.13260615160709116056 0.00000000099999999993 0.00000000099999999993 0.00000000099999999993 0.00000000099999999993 0.00000000099999999993 0.09809477729557576631 0.40397757703470166257 
0.68792695153595351254 0.00000000099999999991 0.02381119717577148340 0.00586046940623537876 0.00000000099999999991 0.00000000099999999991 0.00000000099999999991 0.00000000099999999991 0.06357930515431386986 0.21882207072772585921 0.00000000099999999991 
0.24509955777896511031 0.00000000099999999991 0.03488593101001827984 0.17916854902411044614 0.00000000099999999991 0.00000000099999999991 0.00000000099999999991 0.00000000099999999991 0.06115682374606453559 0.12214441367300840624 0.35754471976783314124 
0.25011526825436825039 0.00000000099999999992 0.06771313497612704846 0.16542274688173164154 0.00000000099999999992 0.00000000099999999992 0.00000000099999999992 0.00000000099999999992 0.04134385536558404101 0.13819123409236841460 0.33721375542982046092 
0.00000000099999999986 0.00000000099999999986 0.99999979207146416638 0.00000000099999999986 0.00000000099999999986 0.00000000099999999986 0.00000000099999999986 0.00000000099999999986 0.00000000099999999986 0.00000019892853583881 0.00000000099999999986 
0.83056541015039919706 0.00000000099999999977 0.00000000099999999977 0.00000000099999999977 0.00000000099999999977 0.00000000099999999977 0.00000000099999999977 0.00000000099999999977 0.16943458084960091869 0.00000000099999999977 0.00000000099999999977 
0.00000000099999999984 0.00000000099999999984 0.00000000099999999984 0.00000000099999999984 0.00000000099999999984 0.00000000099999999984 0.00000000099999999984 0.00000000099999999984 0.03012141607267631097 0.96987857492732354459 0.00000000099999999984 
0.00000000099999999987 0.00000000099999999987 0.94939293500457599961 0.00000000099999999987 0.00000000099999999987 0.00000000099999999987 0.00000000099999999987 0.00000000099999999987 0.01924846822365917920 0.03135858877176486703 0.00000000099999999987 
0.00000000099999999960 0.00000000099999999960 0.00000000099999999960 0.00000000099999999960 0.00000000099999999960 0.00000000099999999960 0.00000000099999999960 0.00000000099999999960 0.00000000099999999960 0.00000000099999999960 0.99999998999999994975 
0.19720195849539390309 0.00000000099999999989 0.00000000120046923074 0.25417546633851806348 0.00000000099999999989 0.00000000099999999989 0.00000000099999999989 0.00000000099999999989 0.03527283468327514770 0.13263751848522464805 0.38071221579711905791 
0.36455445256249968677 0.00000000099999999995 0.08675062595067073445 0.09858362063843113809 0.00000000099999999995 0.00000000099999999995 0.00000000099999999995 0.00000000099999999995 0.05814328727185211904 0.12642694387301187109 0.26554106470353455727 
0.00000000099999999980 0.00000000099999999980 0.00000000099999999980 0.00000000099999999980 0.00000000099999999980 0.00000000099999999980 0.00000000099999999980 0.00000000099999999980 0.00000000099999999980 0.99999999000000006077 0.00000000099999999980 
0.19474427245184144919 0.00000000099999999995 0.23519372858867892973 0.03242770100771327768 0.00000000099999999995 0.00000000099999999995 0.00000000099999999995 0.00300886837444640188 0.03263417414816680712 0.50199125042915304640 0.00000000099999999995 
0.00000000099999999978 0.00000000099999999978 0.00000000099999999978 0.00000000099999999978 0.00000000099999999978 0.00000000099999999978 0.00000000099999999978 0.00000000099999999978 0.00000000099999999978 0.00000000099999999978 0.99999999000000006077 
0.18466328226817524394 0.00000000099999999990 0.01474768141179188044 0.20194786299614284064 0.00000000099999999990 0.00000000099999999990 0.00000000099999999990 0.00000000099999999990 0.03206585111022597356 0.04565115089467060294 0.52092416631899352009 
0.00000000099999999998 0.00409093384258558089 0.01772867127637223206 0.00000000099999999998 0.01303823684177620595 0.46935775270664170655 0.00722509699108776077 0.37380245904199088658 0.09746375436235889256 0.01729309193718679347 0.00000000099999999998 
0.00000000099999999939 0.00000000099999999939 0.00000000099999999939 0.00000000099999999939 0.00000000099999999939 0.00000000099999999939 0.00000000099999999939 0.99999998999999994975 0.00000000099999999939 0.00000000099999999939 0.00000000099999999939 
0.00000000099999999951 0.00000000099999999951 0.00000000099999999951 0.00000000099999999951 0.00000000099999999951 0.00000000099999999951 0.00000000099999999951 0.99999999000000006077 0.00000000099999999951 0.00000000099999999951 0.00000000099999999951 
0.00000000099999999998 0.00832035361518387515 0.03587903852206031363 0.00000000099999999998 0.00050446947264115962 0.47228150923320610932 0.02104408588838334662 0.36417283377413983692 0.06945615277237834895 0.02834155372200679660 0.00000000099999999998 
0.00000000099999999941 0.00000000099999999941 0.00000000099999999941 0.00000000099999999941 0.00000000099999999941 0.00000000099999999941 0.00000000099999999941 0.99999999000000006077 0.00000000099999999941 0.00000000099999999941 0.00000000099999999941 
0.00000000099999999936 0.00000000099999999936 0.00000000099999999936 0.00000000099999999936 0.00000000099999999936 0.00000000099999999936 0.00000000099999999936 0.99999998999999994975 0.00000000099999999936 0.00000000099999999936 0.00000000099999999936 
0.00000000099999999928 0.00000000099999999928 0.00000000099999999928 0.00000000099999999928 0.00000000099999999928 0.00000000099999999928 0.00000000099999999928 0.99999998999999994975 0.00000000099999999928 0.00000000099999999928 0.00000000099999999928 
0.00000000099999999998 0.00000000262239432819 0.04834399252538063713 0.00000000099999999998 0.00000000099999999998 0.47715239272705456397 0.00832873998278746072 0.36607038198506264282 0.07304647734358597766 0.02705800881373434524 0.00000000099999999998 
0.00000000099999999942 0.00000000099999999942 0.00000000099999999942 0.00000000099999999942 0.00000000099999999942 0.00000000099999999942 0.00000000099999999942 0.99999998999999994975 0.00000000099999999942 0.00000000099999999942 0.00000000099999999942 
0.00000000099999999998 0.00325982810520524142 0.06802051245858692363 0.00000000099999999998 0.00050188200489674484 0.47930148281465445592 0.03466087473527041524 0.36093801557881682873 0.00008238998639977881 0.05323501131616946436 0.00000000099999999998 
