0.87127358963955636728 0.00000000099999999996 0.00000000099999999996 0.00000000099999999996 0.00169036490414321535 0.00000000099999999996 0.12703603945630043137 0.00000000099999999996 0.00000000099999999996 
0.00000000099999999991 0.00000000099999999991 0.99999999200000011523 0.00000000099999999991 0.00000000099999999991 0.00000000099999999991 0.00000000099999999991 0.00000000099999999991 0.00000000099999999991 
0.92272649478287094293 0.00000000099999999994 0.00000000099999999994 0.00000134266089338274 0.00000000099999999994 0.00000000099999999994 0.07727215655623585755 0.00000000099999999994 0.00000000099999999994 
0.93878757088646502815 0.00000000099999999993 0.00000000099999999993 0.02787001572400214441 0.00995098091506916270 0.00000000099999999993 0.02339142747446374543 0.00000000099999999993 0.00000000099999999993 
0.96195777848750396721 0.00000000099999999995 0.00000000099999999995 0.02577194816196881275 0.01223207585843768923 0.00000000099999999995 0.00003819249208962196 0.00000000099999999995 0.00000000099999999995 
0.00000000099999999962 0.00000000099999999962 0.00000000099999999962 0.00000000099999999962 0.00000000099999999962 0.99999999200000011523 0.00000000099999999962 0.00000000099999999962 0.00000000099999999962 
0.88758066803572854830 0.00000000099999999985 0.00000000099999999985 0.00000000099999999985 0.00000000099999999985 0.00000000099999999985 0.11241932496427162191 0.00000000099999999985 0.00000000099999999985 
0.00000000099999999941 0.00000000099999999941 0.00000000099999999941 0.00000000099999999941 0.00000000099999999941 0.99999999200000000421 0.00000000099999999941 0.00000000099999999941 0.00000000099999999941 
0.81748775027236164625 0.00000000099999999987 0.00000000099999999987 0.00000000099999999987 0.00000000099999999987 0.00000000099999999987 0.18251224272763855172 0.00000000099999999987 0.00000000099999999987 
0.87914294437360041012 0.00000000099999999984 0.00000000099999999984 0.00000000099999999984 0.00000000099999999984 0.00000000099999999984 0.12085704862639973234 0.00000000099999999984 0.00000000099999999984 
0.93763088294230567676 0.00000000099999999993 0.00000000099999999993 0.00571588354072096079 0.04126057635601709794 0.00000000099999999993 0.01539265216095627060 0.00000000099999999993 0.00000000099999999993 
0.98582832629907912736 0.00000000099999999996 0.00000000099999999996 0.00996521583774315385 0.00415645678813207718 0.00000000099999999996 0.00004999607504562971 0.00000000099999999996 0.00000000099999999996 
0.95972146636944610787 0.00000000099999999995 0.00000000099999999995 0.03423157582151024891 0.00000000099999999995 0.00000000099999999995 0.00604695180904366893 0.00000000099999999995 0.00000000099999999995 
0.00000000099999999991 0.00000000099999999991 0.91216970670395369769 0.00000000099999999991 0.00000000099999999991 0.00000000099999999991 0.00000000099999999991 0.08783028629604634763 0.00000000099999999991 
0.92113049205467012470 0.00000000099999999986 0.00000000099999999986 0.00000000099999999986 0.00000000099999999986 0.00000000099999999986 0.07886950094533010103 0.00000000099999999986 0.00000000099999999986 
0.83334257560869373638 0.00000000099999999984 0.00000000099999999984 0.00000000099999999984 0.00064902487858078668 0.00000000099999999984 0.16600839351272550504 0.00000000099999999984 0.00000000099999999984 
0.90408941177414292589 0.00000000099999999989 0.00000000099999999989 0.00000000099999999989 0.00000015339908617023 0.00000000099999999989 0.09591042882677093540 0.00000000099999999989 0.00000000099999999989 
0.00000000099999999927 0.00000000099999999927 0.00000000099999999927 0.00000000099999999927 0.99999999200000000421 0.00000000099999999927 0.00000000099999999927 0.00000000099999999927 0.00000000099999999927 
0.00000000099999999959 0.00000000099999999959 0.00000000099999999959 0.00000000099999999959 0.00000000099999999959 0.99999999200000011523 0.00000000099999999959 0.00000000099999999959 0.00000000099999999959 
0.00000000099999999924 0.00000000099999999924 0.00000000099999999924 0.00000000099999999924 0.99999999200000000421 0.00000000099999999924 0.00000000099999999924 0.00000000099999999924 0.00000000099999999924 
0.96827197432384837228 0.00490591250802560781 0.00000000099999999999 0.02343015441386779585 0.00248750739930788138 0.00000000099999999999 0.00090188785521387073 0.00000000099999999999 0.00000256049973661791 
0.00000000099999999944 0.00000000099999999944 0.00000000099999999944 0.00000000099999999944 0.00000000099999999944 0.99999999200000000421 0.00000000099999999944 0.00000000099999999944 0.00000000099999999944 
0.00000000099999999952 0.00000000099999999952 0.00000000099999999952 0.00000000099999999952 0.00000000099999999952 0.00000000099999999952 0.99999999200000000421 0.00000000099999999952 0.00000000099999999952 
0.87337581405247155519 0.00000000099999999986 0.00000000099999999986 0.00000000099999999986 0.00187914218456128887 0.00000000099999999986 0.12474503776296712310 0.00000000099999999986 0.00000000099999999986 
0.84518326207880578593 0.00000000099999999990 0.00000000099999999990 0.03488983495752222275 0.01082823988955775203 0.00000000099999999990 0.10909865807411422978 0.00000000099999999990 0.00000000099999999990 
0.75133465760454432036 0.00000000099999999975 0.00000000099999999975 0.00000000099999999975 0.00000000099999999975 0.00000000099999999975 0.24866533539545579434 0.00000000099999999975 0.00000000099999999975 
0.00000000099999999993 0.00000000099999999993 0.00000000099999999993 0.00000000099999999993 0.00000000099999999993 0.03253849035313251953 0.00000000099999999993 0.00514190914330165966 0.96231959450356596708 
0.00000000099999999966 0.00000000099999999966 0.00000000099999999966 0.00000000099999999966 0.00000000099999999966 0.99999999200000000421 0.00000000099999999966 0.00000000099999999966 0.00000000099999999966 
0.71291836237301375867 0.00000000099999999994 0.00000000099999999994 0.00000000099999999994 0.00693607026804963795 0.12528412184542467300 0.15486144051351213857 0.00000000099999999994 0.00000000099999999994 
0.76676225319956758941 0.01221521421774534460 0.00000000099999999998 0.00000000099999999998 0.01490655774445052810 0.00134729939094661963 0.19225818214149503760 0.01251049030579494924 0.00000000099999999998 
0.74557065510147091381 0.00000000099999999989 0.00000000099999999989 0.10491783337495257100 0.00344866542731328812 0.00000000099999999989 0.14606284109626338497 0.00000000099999999989 0.00000000099999999989 
0.86592499189946514626 0.00000000099999999986 0.00000000099999999986 0.00000000099999999986 0.00000000099999999986 0.00000000099999999986 0.13407500110053507947 0.00000000099999999986 0.00000000099999999986 
0.93876013847079153862 0.00000000099999999996 0.00000000099999999996 0.01622570767094921179 0.02501159784935985328 0.00994904426095151451 0.01005350774794792554 0.00000000099999999996 0.00000000099999999996 
0.00000000099999999942 0.00000000099999999942 0.00000000099999999942 0.00000000099999999942 0.00000000099999999942 0.00000000099999999942 0.99999999200000000421 0.00000000099999999942 0.00000000099999999942 
0.89374618098124036791 0.00000000099999999989 0.00000000099999999989 0.00000000099999999989 0.00000000099999999989 0.00000000099999999989 0.10625381201875976067 0.00000000099999999989 0.00000000099999999989 
0.71030880178709310258 0.00000000099999999988 0.00000000099999999988 0.00000000099999999988 0.00812546772455276060 0.14092190472419199865 0.14064382076416220846 0.00000000099999999988 0.00000000099999999988 
0.80054040816089266919 0.00023438781170581242 0.00000000099999999998 0.00163405849741407247 0.00000000099999999998 0.00000000099999999998 0.09927602802069582233 0.00000007186769784327 0.09831504264159397766 
0.00000000099999999986 0.00000000099999999986 0.00000000099999999986 0.00000000099999999986 0.00000000099999999986 0.00000000099999999986 0.00000000099999999986 0.00514408274942039240 0.99485591025057962256 
0.85575844666211442480 0.00000000099999999995 0.02319816611421746111 0.00000000099999999995 0.00000449798249109388 0.00000000099999999995 0.12103888424117721645 0.00000000099999999995 0.00000000099999999995 
0.88362387402023523375 0.00000000099999999992 0.00000000099999999992 0.03620322526414383041 0.00412801581733709001 0.00000000099999999992 0.07604487989828404015 0.00000000099999999992 0.00000000099999999992 
0.93835666173025966685 0.00000000099999999993 0.00000000099999999993 0.01514856846091096852 0.00631570332516107232 0.00000000099999999993 0.04017906148366855862 0.00000000099999999993 0.00000000099999999993 
0.00000000099999999994 0.00152150968803919278 0.00000000099999999994 0.00000000099999999994 0.00000000099999999994 0.00000000099999999994 0.00000000099999999994 0.00000000099999999994 0.99847848331196087379 
0.00000000099999999995 0.00000000099999999995 0.00000000099999999995 0.06255668944135303611 0.00000000099999999995 0.00000000099999999995 0.00000000099999999995 0.00000000746750763897 0.93744329709113938254 
0.00000000099999999996 0.03962841663494549860 0.00000000099999999996 0.01215525597538495012 0.00000000099999999996 0.00000000099999999996 0.00000000099999999996 0.50806570474885370814 0.44015061764081586659 
0.00092749200170701618 0.02019257393790647309 0.00001401411869547296 0.03984931933208803873 0.00000000099999999998 0.00000000099999999998 0.00000000099999999998 0.19877442752906435142 0.74024217008053860845 
0.00000000099999999992 0.00000000099999999992 0.00000000099999999992 0.00000000099999999992 0.00000000099999999992 0.00000000099999999992 0.00000000099999999992 0.73980436352344347561 0.26019562947655655583 
0.00000000099999999990 0.00000000099999999990 0.00000000099999999990 0.00709401358069555385 0.00000000099999999990 0.00000000099999999990 0.00000000099999999990 0.69896558070975600696 0.29394039970954827234 
0.00000000099999999997 0.00283542017297782603 0.00000000099999999997 0.03972928586582902266 0.00000000099999999997 0.00000000099999999997 0.00486730915323844559 0.28152577014886437379 0.67104221065909042121 
0.00000000099999999988 0.00000000099999999988 0.00000000099999999988 0.00021104458566164583 0.00000000099999999988 0.00000000099999999988 0.00000000099999999988 0.74225782198212675311 0.25753112743221162617 
0.00000000099999999993 0.00000000495625596262 0.00000000099999999993 0.00780592493504015956 0.00000000099999999993 0.00000000099999999993 0.00000000099999999993 0.65981435878752869861 0.33237970632117513903 
0.01642170457499635486 0.00044600091161491398 0.00000000099999999998 0.03491712008785112509 0.00409362842436431298 0.00000000099999999998 0.00000000099999999998 0.27698612481659329321 0.66713541818457988697 
0.00000000099999999996 0.02294348752599538813 0.00000000099999999996 0.00223134016719929787 0.00000000099999999996 0.00000000099999999996 0.00000000099999999996 0.67015583494233321726 0.30466933236447207856 
0.00000000099999999960 0.00000000099999999960 0.00000000099999999960 0.00000000099999999960 0.99999999200000011523 0.00000000099999999960 0.00000000099999999960 0.00000000099999999960 0.00000000099999999960 
0.00000000099999999995 0.00000000099999999995 0.00000000099999999995 0.04293220861641947050 0.00000000099999999995 0.00000000099999999995 0.00000000099999999995 0.64190979789754287754 0.31515798748603757184 
0.00000000099999999991 0.00000000099999999991 0.00000000099999999991 0.04284810540698919673 0.00000000099999999991 0.00000000099999999991 0.00000000099999999991 0.68690037892571709222 0.27025150966729383217 
0.00000000099999999996 0.00000000099999999996 0.00000000099999999996 0.03667138898724273816 0.00144027870730304829 0.00000000099999999996 0.00000000099999999996 0.66526771503204529257 0.29662061227340885683 
0.00000000099999999993 0.00000000099999999993 0.00000000099999999993 0.03728749401454744400 0.00000000099999999993 0.00000000099999999993 0.00000000099999999993 0.70513758148461214148 0.25757491850084035523 
0.00000000099999999995 0.00000000099999999995 0.00000000099999999995 0.03783530927967296981 0.00000000099999999995 0.00000000099999999995 0.00000000099999999995 0.66960945978178998406 0.29255522493853708399 
0.00000000099999999994 0.00000000099999999994 0.00250565569491794423 0.03033327172696057700 0.00000000099999999994 0.00000000099999999994 0.00000000099999999994 0.66639112456938021101 0.30076994300874121402 
0.88614665708791073850 0.00000000099999999999 0.00000013208133998873 0.01439433220056446361 0.01170503985422442425 0.08196206635443475941 0.00000118223224848561 0.00000000099999999999 0.00579058818927726763 
0.93687708144693071510 0.00000000099999999992 0.00000000099999999992 0.02221248326433254705 0.00391584072028039031 0.00000000099999999992 0.03699458956845661645 0.00000000099999999992 0.00000000099999999992 
0.23091369901834751799 0.00000000099999999978 0.00000000099999999978 0.00000000099999999978 0.76908629398165251345 0.00000000099999999978 0.00000000099999999978 0.00000000099999999978 0.00000000099999999978 
0.00000000099999999959 0.00000000099999999959 0.00000000099999999959 0.00000000099999999959 0.00000000099999999959 0.99999999200000000421 0.00000000099999999959 0.00000000099999999959 0.00000000099999999959 
0.00000000099999999981 0.00000000099999999981 0.00000000099999999981 0.00000000099999999981 0.00000000099999999981 0.00000000099999999981 0.99999999200000000421 0.00000000099999999981 0.00000000099999999981 
0.00000000099999999935 0.00000000099999999935 0.00000000099999999935 0.00000000099999999935 0.00000000099999999935 0.00000000099999999935 0.99999999200000000421 0.00000000099999999935 0.00000000099999999935 
0.87341669955639411604 0.00000000099999999990 0.00000000099999999990 0.00000000099999999990 0.00000599575514613945 0.01208803745112713678 0.11448926223733273122 0.00000000099999999990 0.00000000099999999990 
0.00000000099999999925 0.00000000099999999925 0.00000000099999999925 0.00000000099999999925 0.99999999200000000421 0.00000000099999999925 0.00000000099999999925 0.00000000099999999925 0.00000000099999999925 
0.85101172714174755374 0.00000000099999999996 0.00000000099999999996 0.03186987340685981662 0.01761221647441663096 0.00000000099999999996 0.08696115078609166493 0.00000013045113644879 0.01254489873974794049 
0.88018641734232516693 0.00000000099999999978 0.00000000099999999978 0.00000000099999999978 0.00000000099999999978 0.00000000099999999978 0.11981357565767503104 0.00000000099999999978 0.00000000099999999978 
0.00000000099999999980 0.00000000099999999980 0.00000000099999999980 0.00000000099999999980 0.00000000099999999980 0.00000000099999999980 0.00000000099999999980 0.00000000099999999980 0.99999999199999989319 
0.89705337562701314980 0.00000000099999999987 0.00000000099999999987 0.00000000099999999987 0.00000000155460658256 0.00000000099999999987 0.10294661681838043754 0.00000000099999999987 0.00000000099999999987 
0.96946818462895101298 0.00000000099999999998 0.00000000099999999998 0.01713574115535387160 0.00000000099999999998 0.00000000733097086958 0.01339606188472431542 0.00000000099999999998 0.00000000099999999998 
0.00000000099999999938 0.00000000099999999938 0.00000000099999999938 0.00000000099999999938 0.00000000099999999938 0.00000000099999999938 0.99999999199999989319 0.00000000099999999938 0.00000000099999999938 
0.89838575022756061994 0.00000000099999999988 0.00000000099999999988 0.00000000099999999988 0.00003285254996326267 0.00000000099999999988 0.10158139122247623887 0.00000000099999999988 0.00000000099999999988 
0.91246757770407915800 0.00000000099999999982 0.00000000099999999982 0.00000000099999999982 0.00000000099999999982 0.00000000099999999982 0.08753241529592103998 0.00000000099999999982 0.00000000099999999982 
0.87587269766050412922 0.00000000099999999987 0.00000000099999999987 0.01633368930987209172 0.02416724185840813527 0.00000000099999999987 0.08362636617121574356 0.00000000099999999987 0.00000000099999999987 
0.00000000099999999995 0.03974197565516462971 0.00000000099999999995 0.00000000099999999995 0.00000000099999999995 0.00000000099999999995 0.00000000099999999995 0.00000000099999999995 0.96025801734483540173 
0.00000000099999999952 0.00000000099999999952 0.00000000099999999952 0.00000000099999999952 0.00000000099999999952 0.00000000099999999952 0.99999999199999989319 0.00000000099999999952 0.00000000099999999952 
0.00000000099999999959 0.00000000099999999959 0.00000000099999999959 0.00000000099999999959 0.00000000099999999959 0.00000000099999999959 0.99999999199999989319 0.00000000099999999959 0.00000000099999999959 
0.95533993267070249633 0.00000000099999999992 0.00000000099999999992 0.00000000099999999992 0.00000000099999999992 0.00000000099999999992 0.04466006032929772246 0.00000000099999999992 0.00000000099999999992 
0.00000000099999999986 0.25221599513292597416 0.35740751994666147828 0.00000000099999999986 0.00000000099999999986 0.00000000099999999986 0.00000000099999999986 0.38420981270675008679 0.00616666721366249462 
0.00000000099999999990 0.00012297832204507376 0.00000000099999999990 0.00000000099999999990 0.00000000099999999990 0.00000000099999999990 0.00000000099999999990 0.89612690298520691901 0.10375011269274801717 
0.00000000099999999976 0.00000145269872825882 0.00000000099999999976 0.00000000099999999976 0.00000000099999999976 0.00000000099999999976 0.00000000099999999976 0.99999854030127166560 0.00000000099999999976 
0.00000000099999999948 0.00000000099999999948 0.99999999200000000421 0.00000000099999999948 0.00000000099999999948 0.00000000099999999948 0.00000000099999999948 0.00000000099999999948 0.00000000099999999948 
0.00000000099999999939 0.00000000099999999939 0.99999999200000000421 0.00000000099999999939 0.00000000099999999939 0.00000000099999999939 0.00000000099999999939 0.00000000099999999939 0.00000000099999999939 
0.82012441781708134148 0.00000000099999999982 0.00000000099999999982 0.00000000099999999982 0.00110853863776377349 0.00000000099999999982 0.17876703754515507749 0.00000000099999999982 0.00000000099999999982 
0.00000000099999999995 0.04349072179366000185 0.00000000099999999995 0.00159544936857641448 0.00034542940763119054 0.00000000099999999995 0.00000000099999999995 0.83265455773354390967 0.12191383769658849234 
0.00000000099999999996 0.14664243697106954523 0.03380686868828389896 0.00363932305280575529 0.00000000099999999996 0.00000000099999999996 0.00000000099999999996 0.57305146049581956458 0.24285990679202126841 
0.00000000099999999993 0.03518800594681358029 0.00002059527855929958 0.00013018073576976836 0.00000000099999999993 0.00000000099999999993 0.00000000099999999993 0.85476421247162737149 0.10989700156723000712 
0.00000000099999999985 0.00401623991726796428 0.00000000099999999985 0.00000000099999999985 0.00000000099999999985 0.00000000099999999985 0.00000000099999999985 0.91061662734398629571 0.08536712673874577439 
0.00000000099999999979 0.02523498542967017588 0.00000000099999999979 0.00000000099999999979 0.00000000099999999979 0.00000000099999999979 0.00000000099999999979 0.97476500757032968902 0.00000000099999999979 
0.00000000099999999936 0.00000000099999999936 0.99999999200000011523 0.00000000099999999936 0.00000000099999999936 0.00000000099999999936 0.00000000099999999936 0.00000000099999999936 0.00000000099999999936 
0.00000000099999999952 0.00000000099999999952 0.99999999200000000421 0.00000000099999999952 0.00000000099999999952 0.00000000099999999952 0.00000000099999999952 0.00000000099999999952 0.00000000099999999952 
0.00000000099999999992 0.02393502344810355745 0.00000000541879958587 0.00000000099999999992 0.00000000099999999992 0.00000000099999999992 0.00000000099999999992 0.85415112287800398772 0.12191384325509278808 
0.00000000099999999973 0.00000095857241150706 0.00000000099999999973 0.00000000099999999973 0.00000000099999999973 0.00000000099999999973 0.00000000099999999973 0.99999903442758841798 0.00000000099999999973 
0.00000000099999999992 0.05814690644627231592 0.00000000099999999992 0.00000000099999999992 0.00000000099999999992 0.00000000099999999992 0.00000000099999999992 0.75798487699274230689 0.18386821056098529015 
0.00000000099999999996 0.02998903634393264295 0.03977817587957079015 0.00000000099999999996 0.00000000099999999996 0.00000000099999999996 0.00000000099999999996 0.74314788287017730095 0.18708489990631932409 
0.00000000099999999996 0.06373386811940505436 0.03023162475046518860 0.00086033775047180989 0.00000000099999999996 0.00000000099999999996 0.00000000099999999996 0.67265436503858355710 0.23251980034107444517 
0.00000000099999999991 0.31983570189292137576 0.35424500149678017635 0.00000000099999999991 0.00000000099999999991 0.00000000099999999991 0.00000000099999999991 0.31638651434147851971 0.00953277726881998286 
0.00000000099999999994 0.12024496838616252625 0.04258139058067922367 0.00000000099999999994 0.00000000099999999994 0.00000000099999999994 0.00000000099999999994 0.58729414131442581049 0.24987949471873235896 
0.00000000099999999996 0.05579412019645656889 0.04234966431640086598 0.00000000099999999996 0.00000000099999999996 0.00000000099999999996 0.00000000099999999996 0.67452051681602931410 0.22733569367111339243 
0.00000000099999999992 0.04066921587554443718 0.00000000099999999992 0.00000000099999999992 0.00000000099999999992 0.00000000099999999992 0.00000000099999999992 0.83170810319789290066 0.12762267492656254042 
0.00000000099999999983 0.00013363686679273223 0.00000000099999999983 0.00000000099999999983 0.00000000099999999983 0.00000000099999999983 0.00000000099999999983 0.00000000099999999983 0.99986635613320740124 
0.00000000099999999992 0.22226991309776061856 0.37148476292690341127 0.00000000099999999992 0.00000000099999999992 0.00000000099999999992 0.00000000099999999992 0.30266685186871072899 0.10357846710662542422 
0.01298368832769798698 0.00000073574495821203 0.00000000099999999998 0.04823659225458249572 0.00191698226912165814 0.00000000099999999998 0.00000000099999999998 0.26097828076295342958 0.67588371764068611025 
0.00000000099999999992 0.26229153402632160441 0.55358055632134317570 0.00000000099999999992 0.00000000099999999992 0.00000000099999999992 0.00000000099999999992 0.16526920561543340105 0.01885869903690195679 
0.00000000099999999991 0.11961138612577405793 0.33423744099854535428 0.00000000099999999991 0.00000000099999999991 0.00000000099999999991 0.00000000099999999991 0.48844015304032445401 0.05771101483535599069 
0.00000000099999999994 0.18067710224063657232 0.32925984384129775018 0.00000000099999999994 0.00000000099999999994 0.00000000099999999994 0.00000000099999999994 0.39456563750920542466 0.09549741140886044977 
0.00000000099999999993 0.01234571825518670195 0.00000000099999999993 0.00000011905449090835 0.00000000099999999993 0.00000000099999999993 0.00000000099999999993 0.00000000099999999993 0.98765415669032252666 
0.00000000099999999994 0.00040864961680950795 0.00000000099999999994 0.00557838137555000113 0.00000000099999999994 0.00000000099999999994 0.00000000099999999994 0.66207066083874854812 0.33194230316889183907 
0.00000000099999999989 0.01273978199892103307 0.00000000099999999989 0.00000000099999999989 0.00000000099999999989 0.00000000099999999989 0.00000000099999999989 0.03731060425057634161 0.94994960775050274471 
0.00000000099999999963 0.00000000099999999963 0.99999999200000011523 0.00000000099999999963 0.00000000099999999963 0.00000000099999999963 0.00000000099999999963 0.00000000099999999963 0.00000000099999999963 
0.00000000099999999991 0.27588691570918494333 0.60984089473789582225 0.00000000099999999991 0.00000000099999999991 0.00000000099999999991 0.00000000099999999991 0.10923229666559243489 0.00503988788732694093 
0.00665048243764492907 0.04440727751377789717 0.01321674585501824047 0.03887639218646427725 0.00000000099999999998 0.00000000099999999998 0.00000000099999999998 0.18609989134900867258 0.71074920765808591305 
0.00000000099999999996 0.20470871595933343157 0.39590232006105696705 0.00000000099999999996 0.00000000099999999996 0.00000000099999999996 0.00000000099999999996 0.30397686072143831337 0.09541209825817145718 
0.00000000099999999990 0.22013661134299289390 0.39261008497659016792 0.00000000099999999990 0.00000000099999999990 0.00000000099999999990 0.00000000099999999990 0.31057388361302190605 0.07667941506739511803 
0.00000000099999999984 0.02199360012022142860 0.00000000099999999984 0.00000000099999999984 0.00000000099999999984 0.00000000099999999984 0.00000000099999999984 0.97800639287977852998 0.00000000099999999984 
0.00000000099999999979 0.00000000099999999979 0.99999999200000000421 0.00000000099999999979 0.00000000099999999979 0.00000000099999999979 0.00000000099999999979 0.00000000099999999979 0.00000000099999999979 
0.00000000099999999960 0.00000000099999999960 0.99999999200000011523 0.00000000099999999960 0.00000000099999999960 0.00000000099999999960 0.00000000099999999960 0.00000000099999999960 0.00000000099999999960 
0.00000000099999999967 0.00000000099999999967 0.99999999200000000421 0.00000000099999999967 0.00000000099999999967 0.00000000099999999967 0.00000000099999999967 0.00000000099999999967 0.00000000099999999967 
0.00000000099999999991 0.20493845563028501022 0.44364397408043426685 0.00000000099999999991 0.00000000099999999991 0.00000000099999999991 0.00000000099999999991 0.27752870732297552081 0.07388885796630524638 
0.00000000099999999995 0.19819897996951063579 0.42283207536356720579 0.00000000099999999995 0.00000000099999999995 0.00000000099999999995 0.00000000099999999995 0.26341699739131119173 0.11555194227561101095 
0.00000000099999999992 0.04096921061097703182 0.00000000099999999992 0.00000000099999999992 0.00000000099999999992 0.00000000099999999992 0.00000000099999999992 0.86086263952158548207 0.09816814386743751009 
0.00000000099999999991 0.18278905594937758239 0.36735300549698024497 0.00000000099999999991 0.00000000099999999991 0.00000000099999999991 0.00000000099999999991 0.37396576024964700569 0.07589217330399518346 
0.00000000099999999992 0.16705260000658819775 0.34945488528916485160 0.00000000099999999992 0.00000000099999999992 0.00000000099999999992 0.00000000099999999992 0.36788137058401387813 0.11561113912023326944 
0.00000000099999999989 0.00006413690404370376 0.00000000099999999989 0.00000000099999999989 0.00000000099999999989 0.00000000099999999989 0.00000000099999999989 0.00000000099999999989 0.99993585609595625474 
0.00000000099999999982 0.00033212611802981354 0.00000000099999999982 0.00000000099999999982 0.00000000099999999982 0.00000000099999999982 0.00000000099999999982 0.99966786688197017963 0.00000000099999999982 
0.00000000099999999995 0.00000003382582874784 0.00000000099999999995 0.00125411169289822927 0.00000000099999999995 0.00000000099999999995 0.00000000099999999995 0.67754843997109881482 0.32119740951017411446 
0.00000000099999999986 0.00000000099999999986 0.00000000099999999986 0.00000000099999999986 0.00000000099999999986 0.00000000099999999986 0.00000000099999999986 0.00000000099999999986 0.99999999200000000421 
0.00000000099999999966 0.00000000099999999966 0.99999999200000000421 0.00000000099999999966 0.00000000099999999966 0.00000000099999999966 0.00000000099999999966 0.00000000099999999966 0.00000000099999999966 
0.00000000099999999989 0.26650425499650698402 0.39359367926428134865 0.00000000099999999989 0.00000000099999999989 0.00000000099999999989 0.00000000099999999989 0.31782271552608892806 0.02207934521312282863 
0.00000000099999999994 0.09201551391297221882 0.27778728641441891023 0.00000000099999999994 0.00000000099999999994 0.00000000099999999994 0.00000000099999999994 0.49593377149111589342 0.13426342318149289690 
0.00000000099999999993 0.00000000099999999993 0.00000000099999999993 0.00000288861472559980 0.00000000099999999993 0.00000000099999999993 0.00000000099999999993 0.66532706527186746825 0.33467004011340684144 
0.00000000099999999997 0.03707522403073264250 0.00000000099999999997 0.01372626046459080561 0.00000000099999999997 0.00000000099999999997 0.00000000099999999997 0.52949335632054461698 0.41970515418413190112 
0.00000000099999999976 0.00000000099999999976 0.99999999200000011523 0.00000000099999999976 0.00000000099999999976 0.00000000099999999976 0.00000000099999999976 0.00000000099999999976 0.00000000099999999976 
0.00000000099999999990 0.21533852430025671176 0.53166987995237735554 0.00000000099999999990 0.00000000099999999990 0.00000000099999999990 0.00000000099999999990 0.22074828954780048584 0.03224330119956560214 
0.43438918202149856551 0.00000000099999999999 0.00000000099999999999 0.37784106122310129328 0.01261717023091512603 0.00861192881955366932 0.03444355237006112291 0.00926705422602247184 0.12283004910884770533 
0.00000000099999999961 0.00000000099999999961 0.00000000099999999961 0.99999999200000011523 0.00000000099999999961 0.00000000099999999961 0.00000000099999999961 0.00000000099999999961 0.00000000099999999961 
0.45159098353519205871 0.00000000099999999999 0.00000000099999999999 0.36794873287245555282 0.02538953220073962916 0.01339977287183340658 0.01240885501557203313 0.00381362511994594398 0.12544849638426142091 
0.00000000099999999954 0.00000000099999999954 0.00000000099999999954 0.99999999200000000421 0.00000000099999999954 0.00000000099999999954 0.00000000099999999954 0.00000000099999999954 0.00000000099999999954 
0.00000000099999999947 0.00000000099999999947 0.00000000099999999947 0.99999999200000011523 0.00000000099999999947 0.00000000099999999947 0.00000000099999999947 0.00000000099999999947 0.00000000099999999947 
0.00000000099999999940 0.00000000099999999940 0.00000000099999999940 0.99999999200000000421 0.00000000099999999940 0.00000000099999999940 0.00000000099999999940 0.00000000099999999940 0.00000000099999999940 
0.46620150921916614362 0.00000000099999999999 0.00000000099999999999 0.37275114841598455673 0.01396302013465235310 0.00298020764260967415 0.00125526860329551915 0.00004014852938987466 0.14280869545490182393 
0.00000000099999999953 0.00000000099999999953 0.00000000099999999953 0.99999999200000000421 0.00000000099999999953 0.00000000099999999953 0.00000000099999999953 0.00000000099999999953 0.00000000099999999953 
0.48240575230214588487 0.00000000099999999999 0.00000000099999999999 0.35634345414850021605 0.03474390237236488904 0.00746652889670070766 0.00009610231093176923 0.00000012071479579478 0.11894413725456062791 
0.00000000099999999940 0.00000000099999999940 0.00000000099999999940 0.99999999200000000421 0.00000000099999999940 0.00000000099999999940 0.00000000099999999940 0.00000000099999999940 0.00000000099999999940 
0.16610318183687960980 0.00000000099999999976 0.00000000099999999976 0.00000000099999999976 0.74787934394503741142 0.00000000099999999976 0.08601746821808302357 0.00000000099999999976 0.00000000099999999976 
0.89154238058204227091 0.00000000099999999992 0.00000000099999999992 0.00000000099999999992 0.00000000099999999992 0.00000000099999999992 0.10845761241795788543 0.00000000099999999992 0.00000000099999999992 
0.00000000099999999941 0.00000000099999999941 0.00000000099999999941 0.00000000099999999941 0.99999999200000011523 0.00000000099999999941 0.00000000099999999941 0.00000000099999999941 0.00000000099999999941 
0.00000000099999999990 0.26211000289510194561 0.39781943547544079687 0.00000000099999999990 0.00000000099999999990 0.00000000099999999990 0.00000000099999999990 0.30703555663568887768 0.03303499999376847962 
0.88386641294353218701 0.00000000099999999986 0.00000000099999999986 0.00000000099999999986 0.00000000099999999986 0.00000000099999999986 0.11613358005646798321 0.00000000099999999986 0.00000000099999999986 
0.92869741732802812972 0.00000000099999999996 0.00000000099999999996 0.02799607847261552374 0.00522685224117902438 0.00000000099999999996 0.03807964695817735168 0.00000000099999999996 0.00000000099999999996 
0.00000000099999999989 0.32010441723211552345 0.41059020729321926702 0.00000000099999999989 0.00000000099999999989 0.00000000099999999989 0.00000000099999999989 0.26773001585910827238 0.00157535461555705081 
0.00000000099999999952 0.00000000099999999952 0.00000000099999999952 0.00000000099999999952 0.00000000099999999952 0.99999999200000000421 0.00000000099999999952 0.00000000099999999952 0.00000000099999999952 
0.98020407321124980449 0.00000000099999999996 0.00000000099999999996 0.01525630577665050558 0.00453913683925379931 0.00000000099999999996 0.00000047917284588536 0.00000000099999999996 0.00000000099999999996 
0.00000000099999999994 0.00000000099999999994 0.00000000099999999994 0.00233059266953699077 0.00000000099999999994 0.00000000099999999994 0.00000000099999999994 0.60965361667384132538 0.38801578465662156514 
0.00000000099999999990 0.30573161262085007950 0.36623039416967734239 0.00000000099999999990 0.00000000099999999990 0.00000000099999999990 0.00000000099999999990 0.26518118978145766018 0.06285679842801498995 
0.00000000099999999994 0.00059604595794576461 0.00000000099999999994 0.00759732272114413236 0.00000000099999999994 0.00000000099999999994 0.00000000099999999994 0.62231067751983260017 0.36949594880107750061 
0.00000000099999999986 0.20057976152424586425 0.38118229582900636787 0.00000000099999999986 0.00000000099999999986 0.00000000099999999986 0.00000000099999999986 0.41823793664674796533 0.00000000099999999986 
0.00000133246825603093 0.01607699641726361567 0.00000000099999999997 0.01553128129142350433 0.00282209284868048093 0.00000000099999999997 0.00000000099999999997 0.53142560703042962533 0.43414268694394675396 
0.97215922389331854703 0.00000000099999999993 0.00000000099999999993 0.01468493628924075894 0.00000000099999999993 0.00000000099999999993 0.01315583381744068678 0.00000000099999999993 0.00000000099999999993 
0.81202198408104053762 0.00000000099999999986 0.00000000099999999986 0.00000000099999999986 0.00968378682640120766 0.00000000099999999986 0.17829422309255837931 0.00000000099999999986 0.00000000099999999986 
0.00000000099999999993 0.00005219225146826122 0.01065166209872958798 0.00000000099999999993 0.00000000099999999993 0.00000000099999999993 0.00000000099999999993 0.64711544129703135741 0.34218069935277084515 
0.00000000099999999991 0.00000000099999999991 0.00000000099999999991 0.00445159846778743745 0.00000000099999999991 0.00000000099999999991 0.00000000099999999991 0.60160664565635246781 0.39394174987586016989 
0.00000000099999999967 0.00000000099999999967 0.00000000099999999967 0.00000000099999999967 0.00000000099999999967 0.99999999200000000421 0.00000000099999999967 0.00000000099999999967 0.00000000099999999967 
0.00000000099999999987 0.22861723675325620886 0.32824925206781463416 0.00000000099999999987 0.00000000099999999987 0.00000000099999999987 0.00000000099999999987 0.44182041921324255451 0.00131308696568690651 
0.00000000099999999949 0.00000000099999999949 0.00000000099999999949 0.99999999200000000421 0.00000000099999999949 0.00000000099999999949 0.00000000099999999949 0.00000000099999999949 0.00000000099999999949 
0.00000000099999999993 0.00000000099999999993 0.00000000099999999993 0.05910597293135875369 0.00000000099999999993 0.00000000099999999993 0.00000000099999999993 0.00000000099999999993 0.94089402006864131245 
0.00000000099999999943 0.00000000099999999943 0.00000000099999999943 0.99999999200000011523 0.00000000099999999943 0.00000000099999999943 0.00000000099999999943 0.00000000099999999943 0.00000000099999999943 
0.00000000099999999950 0.00000000099999999950 0.00000000099999999950 0.99999999200000000421 0.00000000099999999950 0.00000000099999999950 0.00000000099999999950 0.00000000099999999950 0.00000000099999999950 
0.00000000099999999997 0.00000000099999999997 0.00000000099999999997 0.05697280936843991672 0.00000000099999999997 0.00000000099999999997 0.00000000099999999997 0.00032901643940466707 0.94269816819215535020 
0.00000000099999999973 0.00000000099999999973 0.00000000099999999973 0.99999999200000000421 0.00000000099999999973 0.00000000099999999973 0.00000000099999999973 0.00000000099999999973 0.00000000099999999973 
0.00000000099999999995 0.00000000099999999995 0.00000000099999999995 0.05467003454123196826 0.00000000099999999995 0.00000000099999999995 0.00000000099999999995 0.00000000099999999995 0.94532995845876810481 
0.00000000099999999998 0.00031255371414638903 0.00000000099999999998 0.04862081936203112298 0.00000000099999999998 0.00000000099999999998 0.00000000099999999998 0.00002993409865386499 0.95103668782516870284 
0.79090016407228969086 0.00000000099999999981 0.00000000099999999981 0.00000000099999999981 0.00342888940842858226 0.00000000099999999981 0.20567094051928200282 0.00000000099999999981 0.00000000099999999981 
0.95087533866512585767 0.00000000099999999994 0.00000000099999999994 0.03345690055882940411 0.00000000099999999994 0.00000023286998707711 0.01566752290605787426 0.00000000099999999994 0.00000000099999999994 
0.79278046498259535646 0.00000000099999999980 0.00000000099999999980 0.00000000099999999980 0.00720348482917657681 0.00000000099999999980 0.20001604418822821474 0.00000000099999999980 0.00000000099999999980 
0.89166093578709604284 0.00000000099999999989 0.00000000099999999989 0.00000000099999999989 0.00000000099999999989 0.00000000099999999989 0.10833905721290398860 0.00000000099999999989 0.00000000099999999989 
0.92870428048748232541 0.00000000099999999996 0.00000000099999999996 0.02499570810808818266 0.00000001168249769100 0.00000000099999999996 0.04629999472193190718 0.00000000099999999996 0.00000000099999999996 
0.00000000099999999978 0.00000000099999999978 0.00000000099999999978 0.00000000099999999978 0.00000000099999999978 0.00000000099999999978 0.00000000099999999978 0.00000000099999999978 0.99999999199999989319 
0.00000000099999999984 0.00000000099999999984 0.00000000099999999984 0.00000000099999999984 0.00000000099999999984 0.00000000099999999984 0.00000000099999999984 0.00000000099999999984 0.99999999199999989319 
0.00000000099999999945 0.00000000099999999945 0.00000000099999999945 0.00000000099999999945 0.00000000099999999945 0.00000000099999999945 0.99999999199999989319 0.00000000099999999945 0.00000000099999999945 
0.81929424816114349017 0.00000000099999999985 0.00000000099999999985 0.00000000099999999985 0.00000000099999999985 0.00000000099999999985 0.18070574483885668005 0.00000000099999999985 0.00000000099999999985 
0.00000000099999999941 0.00000000099999999941 0.00000000099999999941 0.00000000099999999941 0.00000000099999999941 0.00000000099999999941 0.99999999200000000421 0.00000000099999999941 0.00000000099999999941 
0.00000000099999999979 0.00000027686406481471 0.00000000099999999979 0.00000000099999999979 0.00000000099999999979 0.00000000099999999979 0.00000000099999999979 0.00363499524831930633 0.99636472188761593394 
0.83190139286232589466 0.00000000099999999980 0.00000000099999999980 0.00000000099999999980 0.00000000099999999980 0.00000000099999999980 0.16809860013767419229 0.00000000099999999980 0.00000000099999999980 
0.95724573226156661754 0.00000000099999999995 0.00000000099999999995 0.01971132748385301392 0.00000000099999999995 0.00000000099999999995 0.02304293425458041333 0.00000000099999999995 0.00000000099999999995 
0.88597858390212125279 0.00000000099999999985 0.00000000099999999985 0.00000000099999999985 0.00000000099999999985 0.00000000099999999985 0.11402140909787888967 0.00000000099999999985 0.00000000099999999985 
0.85488767397686094007 0.00000000099999999987 0.00000000099999999987 0.00000000099999999987 0.00000000099999999987 0.00000000099999999987 0.14511231902313923015 0.00000000099999999987 0.00000000099999999987 
0.00000000099999999968 0.00000000099999999968 0.00000000099999999968 0.00000000099999999968 0.00000000099999999968 0.99999999200000011523 0.00000000099999999968 0.00000000099999999968 0.00000000099999999968 
0.85289912667769274268 0.00000000099999999987 0.00000000099999999987 0.00000000099999999987 0.00634611900520688343 0.00000000099999999987 0.14075474831710049761 0.00000000099999999987 0.00000000099999999987 
0.85979172165405137740 0.00000000099999999988 0.00000000099999999988 0.00000000099999999988 0.00000000099999999988 0.00000000099999999988 0.14020827134594882057 0.00000000099999999988 0.00000000099999999988 
