0.00000000099999999999 0.00000000552575627491 0.00002041864559146341 0.99878604646946034240 0.00000000099999999999 0.00119352735919183708 
0.99999999500000014141 0.00000000099999999995 0.00000000099999999995 0.00000000099999999995 0.00000000099999999995 0.00000000099999999995 
0.00000000099999999998 0.00628034806981591330 0.00042934136814539050 0.99329030756203873231 0.00000000099999999998 0.00000000099999999998 
0.00000000099999999996 0.04388027597020415643 0.00000000099999999996 0.95238690913548484929 0.00373281189431100150 0.00000000099999999996 
0.00000000099999999998 0.04304832824856339585 0.00000000099999999998 0.95174387131525350902 0.00520779743618310972 0.00000000099999999998 
0.00000000099999999975 0.00000000099999999975 0.00000000099999999975 0.00000000099999999975 0.99999999499999991937 0.00000000099999999975 
0.00000000099999999991 0.00000000099999999991 0.00000000099999999991 0.99999999499999991937 0.00000000099999999991 0.00000000099999999991 
0.00000000099999999962 0.00000000099999999962 0.00000000099999999962 0.00000000099999999962 0.99999999499999991937 0.00000000099999999962 
0.00000000099999999991 0.00000000099999999991 0.00000000099999999991 0.99999999500000003039 0.00000000099999999991 0.00000000099999999991 
0.00000000099999999989 0.00000000099999999989 0.00000000099999999989 0.99999999500000003039 0.00000000099999999989 0.00000000099999999989 
0.00000000099999999996 0.01961903932187412936 0.00000000099999999996 0.97471968388623697610 0.00566127379188887791 0.00000000099999999996 
0.00000000099999999998 0.02886603842230080555 0.00000000099999999998 0.97113395757769915839 0.00000000099999999998 0.00000000099999999998 
0.00000000099999999998 0.05282434637546400136 0.00000000099999999998 0.94478934542839665411 0.00238630519613934567 0.00000000099999999998 
0.91290589498547214387 0.00000000099999999995 0.00000000099999999995 0.00000000099999999995 0.00000000099999999995 0.08709410101452801090 
0.00000000099999999991 0.00000000099999999991 0.00000000099999999991 0.99999999500000003039 0.00000000099999999991 0.00000000099999999991 
0.00000000099999999989 0.00000000099999999989 0.00000000099999999989 0.99999999499999991937 0.00000000099999999989 0.00000000099999999989 
0.00000000099999999994 0.00000000099999999994 0.00000000099999999994 0.99999999500000003039 0.00000000099999999994 0.00000000099999999994 
0.01149325027396796636 0.01853579620830765606 0.00000000333648117483 0.81944217525240459210 0.15052877392883853847 0.00000000100000000000 
0.00000000099999999973 0.00000000099999999973 0.00000000099999999973 0.00000000099999999973 0.99999999499999991937 0.00000000099999999973 
0.00538012484877462525 0.01799529430887718967 0.00000000099999999999 0.83204296616535755593 0.14458161267699054520 0.00000000099999999999 
0.00000000100000000000 0.03791516053569279898 0.00878014313972032452 0.94837659770765025957 0.00000013413794424710 0.00492796347899243908 
0.00000000099999999962 0.00000000099999999962 0.00000000099999999962 0.00000000099999999962 0.99999999500000003039 0.00000000099999999962 
0.00000000099999999976 0.00000000099999999976 0.00000000099999999976 0.99999999500000003039 0.00000000099999999976 0.00000000099999999976 
0.00000000099999999990 0.00000000099999999990 0.00000000099999999990 0.99999999500000003039 0.00000000099999999990 0.00000000099999999990 
0.00000000099999999994 0.04902658926577007498 0.00000000099999999994 0.95097340673423003121 0.00000000099999999994 0.00000000099999999994 
0.00000000099999999982 0.00000000099999999982 0.00000000099999999982 0.99999999500000003039 0.00000000099999999982 0.00000000099999999982 
0.00000000099999999996 0.00000000099999999996 0.96766353164067930859 0.00000000099999999996 0.03233383214366967323 0.00000263321565098976 
0.00000000099999999977 0.00000000099999999977 0.00000000099999999977 0.00000000099999999977 0.99999999499999991937 0.00000000099999999977 
0.00000000099999999997 0.00000268425522725057 0.00000000099999999997 0.87345818678157771675 0.12653912596319494277 0.00000000099999999997 
0.00000000099999999999 0.00000000099999999999 0.00000024364821162196 0.97058662597424394392 0.00385061336722336469 0.02556251501032091866 
0.00000000099999999991 0.10833585119404584574 0.00000000099999999991 0.89166414480595412861 0.00000000099999999991 0.00000000099999999991 
0.00000000099999999991 0.00000000099999999991 0.00000000099999999991 0.99999999500000003039 0.00000000099999999991 0.00000000099999999991 
0.00000000099999999998 0.03096076246799271334 0.00000000099999999998 0.95315797147692837843 0.01588126305507893410 0.00000000099999999998 
0.00000000099999999971 0.00000000099999999971 0.00000000099999999971 0.99999999500000003039 0.00000000099999999971 0.00000000099999999971 
0.00000000099999999994 0.00000000099999999994 0.00000000099999999994 0.99999999500000003039 0.00000000099999999994 0.00000000099999999994 
0.00000000099999999991 0.00000000099999999991 0.00000000099999999991 0.85701055989423635673 0.14298943610576367313 0.00000000099999999991 
0.00000000099999999998 0.00641568800509990846 0.10071349603575156795 0.89285858144004748294 0.00000000099999999998 0.00001223251910106471 
0.00000000099999999992 0.00000000099999999992 0.99999666231176309594 0.00000000099999999992 0.00000000099999999992 0.00000333368823705992 
0.02472929036908489211 0.00000000099999999997 0.00000000099999999997 0.97527070563091511346 0.00000000099999999997 0.00000000099999999997 
0.00000000099999999996 0.05045678212295834353 0.00000000099999999996 0.94954311852513118009 0.00000009635191037718 0.00000000099999999996 
0.00000000099999999997 0.03226485111330683331 0.00000000099999999997 0.96773514488669309941 0.00000000099999999997 0.00000000099999999997 
0.00000000099999999997 0.00000000099999999997 0.99999937691795881545 0.00000000099999999997 0.00000000099999999997 0.00000061908204124471 
0.00000000099999999997 0.05964203537300618446 0.94035796062699394948 0.00000000099999999997 0.00000000099999999997 0.00000000099999999997 
0.00000000099999999998 0.01453557607426143872 0.51709737744341222054 0.00000000099999999998 0.00000000099999999998 0.46836704348232643946 
0.00014228869403724504 0.04038553961405678960 0.77222677427956853968 0.00000000907156531800 0.00000000099999999999 0.18724538734077222912 
0.00000000099999999997 0.00097565199689790224 0.38895335098956990150 0.00000000099999999997 0.00000000099999999997 0.61007099401353204193 
0.00000000099999999995 0.01590873868526691132 0.43521722527257028501 0.00000000099999999995 0.00000000099999999995 0.54887403304216275668 
0.00000000099999999998 0.04172459002159113056 0.72115082001059327421 0.00000000099999999998 0.00000000099999999998 0.23712458696781574252 
0.00000000099999999993 0.00720738823719971940 0.40382489093667073288 0.00000000099999999993 0.00000000099999999993 0.58896771782612944435 
0.00000000099999999996 0.01089446374071387398 0.44879817970534091609 0.00000000099999999996 0.00000000099999999996 0.54030735355394521324 
0.00000000099999999998 0.03586939960057417692 0.71246778273372579626 0.01862213967067629164 0.00000000099999999998 0.23304067599502381603 
0.00000000099999999998 0.00770289191810558799 0.39680914492789642889 0.00000000099999999998 0.00000000099999999998 0.59548796015399785286 
0.00832705459079474339 0.03788326402545095367 0.00422047163046939972 0.81175830544950888790 0.13781044615569107425 0.00000045814808505605 
0.00000000099999999998 0.04721074694304309288 0.46752751509290391141 0.00000000099999999998 0.00000000099999999998 0.48526173496405294872 
0.00000000099999999996 0.04618071025844339150 0.43258787040346591279 0.00000000099999999996 0.00000000099999999996 0.52123141633809055850 
0.00000000099999999999 0.04084997050798444551 0.45579161631790127140 0.00000000099999999999 0.00193167967459577502 0.50142673149951844103 
0.00000000099999999997 0.04037667708673277345 0.41922642863381648359 0.00000000099999999997 0.00000000099999999997 0.54039689127945067515 
0.00000000099999999998 0.04182117433374735876 0.45462264248352796114 0.00000000099999999998 0.00000000099999999998 0.50355618018272452208 
0.00093387299827848665 0.03199516119510482232 0.43957175545305493536 0.00000000099999999997 0.00000000099999999997 0.52749920835356178817 
0.00273799972409039145 0.02676361746611660014 0.01041856973145288690 0.87286342129395155798 0.08721639078438848947 0.00000000100000000000 
0.00000000099999999996 0.03845711822072093999 0.00000000099999999996 0.96154287777927904823 0.00000000099999999996 0.00000000099999999996 
0.00000000100000000000 0.00035941802297785846 0.00014501258729637662 0.88693175649000255412 0.11256381086659254798 0.00000000103313072467 
0.00000000099999999974 0.00000000099999999974 0.00000000099999999974 0.00000000099999999974 0.99999999500000003039 0.00000000099999999974 
0.00000000099999999995 0.00000000099999999995 0.01354701409865914988 0.98645298190134078631 0.00000000099999999995 0.00000000099999999995 
0.00000000099999999970 0.00000000099999999970 0.00000000099999999970 0.99999999500000003039 0.00000000099999999970 0.00000000099999999970 
0.00000000099999999993 0.00000000099999999993 0.00000000099999999993 0.98654284214780096907 0.01345715385219903130 0.00000000099999999993 
0.00903005398324123985 0.00551698638317876192 0.00000000099999999999 0.82221665384638498164 0.16323630378719511391 0.00000000099999999999 
0.00000000099999999997 0.04169363473605120635 0.02011190355723321832 0.93819445870671558385 0.00000000099999999997 0.00000000099999999997 
0.00000000099999999985 0.00000000099999999985 0.00000000099999999985 0.99999999499999991937 0.00000000099999999985 0.00000000099999999985 
0.00000000099999999987 0.00000000099999999987 0.99999999500000003039 0.00000000099999999987 0.00000000099999999987 0.00000000099999999987 
0.00000000099999999991 0.00000000099999999991 0.00000000099999999991 0.99999999500000003039 0.00000000099999999991 0.00000000099999999991 
0.00000000100000000000 0.02810232902209662195 0.00001704569048187278 0.96660361520949933389 0.00525164393480872550 0.00002536514311353636 
0.00000000099999999971 0.00000000099999999971 0.00000000099999999971 0.99999999500000003039 0.00000000099999999971 0.00000000099999999971 
0.00000000099999999992 0.00000000099999999992 0.00000000099999999992 0.99999999499999991937 0.00000000099999999992 0.00000000099999999992 
0.00000000099999999988 0.00000000099999999988 0.00000000099999999988 0.99999999499999991937 0.00000000099999999988 0.00000000099999999988 
0.00000000099999999992 0.03377276385996953040 0.00000000099999999992 0.96622723214003047865 0.00000000099999999992 0.00000000099999999992 
0.00000000099999999997 0.00000000099999999997 0.96942300362771460787 0.00000000099999999997 0.00000000099999999997 0.03057699237228550526 
0.00000000099999999978 0.00000000099999999978 0.00000000099999999978 0.99999999499999991937 0.00000000099999999978 0.00000000099999999978 
0.00000000099999999979 0.00000000099999999979 0.00000000099999999979 0.99999999499999991937 0.00000000099999999979 0.00000000099999999979 
0.00000000099999999996 0.00512909117374708758 0.00000000099999999996 0.99487090482625284427 0.00000000099999999996 0.00000000099999999996 
0.36861232015155576125 0.00000000099999999992 0.04639931099663428121 0.00000000099999999992 0.00000000099999999992 0.58498836585180991055 
0.00000000099999999995 0.00000000099999999995 0.22666884144489526931 0.00000000099999999995 0.00000000099999999995 0.77333115455510481606 
0.00000000099999999988 0.00000000099999999988 0.03153864739005243778 0.00000000099999999988 0.00000000099999999988 0.96846134860994759208 
0.99999999500000003039 0.00000000099999999968 0.00000000099999999968 0.00000000099999999968 0.00000000099999999968 0.00000000099999999968 
0.99999999500000014141 0.00000000099999999962 0.00000000099999999962 0.00000000099999999962 0.00000000099999999962 0.00000000099999999962 
0.00000000099999999987 0.00000000099999999987 0.00000000099999999987 0.99999999500000003039 0.00000000099999999987 0.00000000099999999987 
0.00000000099999999996 0.00084373354136121675 0.23640072424637373349 0.00000000099999999996 0.00000000099999999996 0.76275553921226502130 
0.03682924662082392303 0.00610568297124622784 0.30700411645696046303 0.00000000099999999998 0.00000000099999999998 0.65006095195096924577 
0.00000000099999999996 0.00499882331627975879 0.22614883101297986179 0.00000000099999999996 0.00000000099999999996 0.76885234267074042958 
0.00000000099999999992 0.00000000099999999992 0.20789755175341226301 0.00000000099999999992 0.00000000099999999992 0.79210244424658760032 
0.00000000099999999989 0.00000000099999999989 0.02921707894338810424 0.00000000099999999989 0.00000000099999999989 0.97078291705661190480 
0.99999999500000003039 0.00000000099999999960 0.00000000099999999960 0.00000000099999999960 0.00000000099999999960 0.00000000099999999960 
0.99999999500000014141 0.00000000099999999970 0.00000000099999999970 0.00000000099999999970 0.00000000099999999970 0.00000000099999999970 
0.00000000099999999996 0.00000000099999999996 0.23983371281450643897 0.00000000099999999996 0.00000000099999999996 0.76016628318549350762 
0.00000000099999999987 0.00000000099999999987 0.02212197384093452998 0.00000000099999999987 0.00000000099999999987 0.97787802215906560743 
0.00000000099999999996 0.00000000099999999996 0.28151852848668501572 0.00000000099999999996 0.00000000099999999996 0.71848146751331498638 
0.03711318349392624116 0.00000000099999999997 0.28169757460464822652 0.00000000099999999997 0.00000000099999999997 0.68118923890142535349 
0.02933089342331566748 0.00643485078803294162 0.31760465732257781024 0.00000000099999999998 0.00000000099999999998 0.64662959646607343078 
0.37163467613483314178 0.00000000099999999995 0.03182765772141316063 0.00000000099999999995 0.00000000099999999995 0.59653766314375344937 
0.04460344503197095217 0.00000164106911576248 0.32194199458877759135 0.00000000099999999997 0.00000000099999999997 0.63345291731013575465 
0.04133712107816609610 0.00000000099999999998 0.30848344163077312530 0.00000000099999999998 0.00000000099999999998 0.65017943429106073161 
0.00000000099999999996 0.00000000099999999996 0.24601531438746920832 0.00000000099999999996 0.00000000099999999996 0.75398468161253073827 
0.00000000099999999990 0.00000000099999999990 0.99999999500000003039 0.00000000099999999990 0.00000000099999999990 0.00000000099999999990 
0.38351829101864792770 0.00000000099999999996 0.13692619713173462270 0.00000000099999999996 0.00000000099999999996 0.47955550884961756219 
0.00000000099999999998 0.04927704279378018748 0.72389439733492899620 0.01254805212160934463 0.00000000099999999998 0.21428050574968132702 
0.57069654945869796592 0.00000000099999999996 0.02606169800068540432 0.00000000099999999996 0.00000000099999999996 0.40324174954061681175 
0.33618339852613815522 0.00000000099999999995 0.12755496393257795273 0.00000000099999999995 0.00000000099999999995 0.53626163454128361607 
0.33698919429113038948 0.00000000099999999996 0.14338041212627225529 0.00000000099999999996 0.00000000099999999996 0.51963039058259741232 
0.00000000099999999996 0.00204674640405736168 0.99794862159731612117 0.00000000099999999996 0.00000000099999999996 0.00000462899862665460 
0.00000000099999999997 0.00984976411306444193 0.45203201310864649098 0.00000000099999999997 0.00000000099999999997 0.53811821977828910857 
0.00000000099999999994 0.00000000099999999994 0.95027272978111265722 0.00000000099999999994 0.00000000099999999994 0.04972726621888751142 
0.99999999500000003039 0.00000000099999999977 0.00000000099999999977 0.00000000099999999977 0.00000000099999999977 0.00000000099999999977 
0.62735485333863383328 0.00000000099999999995 0.00355320286280151002 0.00000000099999999995 0.00000000099999999995 0.36909194079856483262 
0.01570400765864778114 0.03954312271385115873 0.74222012456766406352 0.00445496888389492352 0.00000000099999999999 0.19807777517594199468 
0.40700931772995141422 0.00000000099999999998 0.13079398494036892364 0.00000000099999999998 0.00000000099999999998 0.46219669432967974698 
0.40482712909859946970 0.00000000099999999994 0.10934340412959406286 0.00000000099999999994 0.00000000099999999994 0.48582946377180646902 
0.00000000099999999993 0.00000000099999999993 0.04831312266628370877 0.00000000099999999993 0.00000000099999999993 0.95168687333371626558 
0.99999999500000014141 0.00000000099999999987 0.00000000099999999987 0.00000000099999999987 0.00000000099999999987 0.00000000099999999987 
0.99999999500000003039 0.00000000099999999976 0.00000000099999999976 0.00000000099999999976 0.00000000099999999976 0.00000000099999999976 
0.99999999500000014141 0.00000000099999999980 0.00000000099999999980 0.00000000099999999980 0.00000000099999999980 0.00000000099999999980 
0.45479479259358213117 0.00000000099999999995 0.10486708557098044226 0.00000000099999999995 0.00000000099999999995 0.44033811883543749754 
0.43288321201235602231 0.00000000099999999997 0.14388053497784913937 0.00000000099999999997 0.00000000099999999997 0.42323625000979492317 
0.00000000099999999997 0.00000000099999999997 0.22036745702554394466 0.00000000099999999997 0.00000000099999999997 0.77963253897445616847 
0.37537326750065147518 0.00000000099999999995 0.12475167332192017844 0.00000000099999999995 0.00000000099999999995 0.49987505617742822306 
0.35743985249450332953 0.00000000099999999996 0.16283974469964981879 0.00000000099999999996 0.00000000099999999996 0.47972039980584679775 
0.00000000099999999994 0.00000000099999999994 0.99999999499999991937 0.00000000099999999994 0.00000000099999999994 0.00000000099999999994 
0.00000000099999999990 0.00000000099999999990 0.06770787203922784547 0.00000000099999999990 0.00000000099999999990 0.93229212396077210112 
0.00000000099999999997 0.00442994944190225424 0.44044212925861536689 0.00000000099999999997 0.00000000099999999997 0.55512791829948249234 
0.00000000099999999992 0.00000000099999999992 0.99999999499999991937 0.00000000099999999992 0.00000000099999999992 0.00000000099999999992 
0.99999999500000014141 0.00000000099999999979 0.00000000099999999979 0.00000000099999999979 0.00000000099999999979 0.00000000099999999979 
0.40650423970923554862 0.00000000099999999994 0.05655220867951534641 0.00000000099999999994 0.00000000099999999994 0.53694354861124904410 
0.27797939469914295652 0.00000006794055360085 0.19581846144693329514 0.00000000099999999997 0.00000000099999999997 0.52620207391336992764 
0.00000000099999999997 0.00505534959237929470 0.45785976810683048921 0.00000000099999999997 0.00000000099999999997 0.53708487930079018557 
0.00000000099999999998 0.01556580313827368549 0.51077665400691019126 0.00000000099999999998 0.00000000099999999998 0.47365753985481612309 
0.99999999500000003039 0.00000000099999999986 0.00000000099999999986 0.00000000099999999986 0.00000000099999999986 0.00000000099999999986 
0.54171359719243550312 0.00000000099999999995 0.05452154721934236725 0.00000000099999999995 0.00000000099999999995 0.40376485258822208957 
0.00000000100000000000 0.38030092596788117598 0.13834506941056137763 0.46729974233777493708 0.01405404652933291663 0.00000021475444955258 
0.00000000099999999975 0.99999999500000003039 0.00000000099999999975 0.00000000099999999975 0.00000000099999999975 0.00000000099999999975 
0.00000000100000000000 0.37326704529223286855 0.13603798670540970250 0.46914247474507836388 0.02155248008399097276 0.00000001217328803689 
0.00000000099999999971 0.99999999500000014141 0.00000000099999999971 0.00000000099999999971 0.00000000099999999971 0.00000000099999999971 
0.00000000099999999966 0.99999999500000014141 0.00000000099999999966 0.00000000099999999966 0.00000000099999999966 0.00000000099999999966 
0.00000000099999999962 0.99999999500000003039 0.00000000099999999962 0.00000000099999999962 0.00000000099999999962 0.00000000099999999962 
0.00000000100000000000 0.37794276498718043511 0.14977644218346380933 0.46361270708446949973 0.00866808272612211092 0.00000000201876420238 
0.00000000099999999970 0.99999999500000003039 0.00000000099999999970 0.00000000099999999970 0.00000000099999999970 0.00000000099999999970 
0.00000000099999999999 0.36288317728908398019 0.12756250083029968545 0.49534436626789141167 0.01420995361272483701 0.00000000099999999999 
0.00000000099999999961 0.99999999500000014141 0.00000000099999999961 0.00000000099999999961 0.00000000099999999961 0.00000000099999999961 
0.00000000099999999999 0.01497036672831062766 0.00000000099999999999 0.86060264537642106042 0.12442697789512324746 0.00000000800014500137 
0.00000000099999999997 0.00000004150197495626 0.00036143331302578556 0.99963835194358008351 0.00000000099999999997 0.00000017124141910516 
0.00519082395932198015 0.01658210267885331518 0.00000001749575061525 0.82678558436234350637 0.15143021359035410689 0.00001125791337649468 
0.41154740252421173619 0.00000000099999999994 0.05913238108987024788 0.00000000099999999994 0.00000000099999999994 0.52932021338591805915 
0.00000000099999999990 0.00000000099999999990 0.00000000099999999990 0.99999999500000003039 0.00000000099999999990 0.00000000099999999990 
0.00000000099999999998 0.04482000330497519502 0.00003349814350096854 0.95514649555152375537 0.00000000099999999998 0.00000000099999999998 
0.42998048372774633208 0.00000000099999999994 0.02060538553119332927 0.00000000099999999994 0.00000000099999999994 0.54941412774106024308 
0.00000000099999999968 0.00000000099999999968 0.00000000099999999968 0.00000000099999999968 0.99999999499999991937 0.00000000099999999968 
0.00000000099999999999 0.03290349881331130349 0.00483837315797743580 0.96225766625038477997 0.00000045977832640975 0.00000000099999999999 
0.00000000099999999996 0.00688024973533017496 0.49938385259545670092 0.00000000099999999996 0.00000000099999999996 0.49373589466921313784 
0.38554085123116743627 0.00000000099999999994 0.08404407181973223839 0.00000000099999999994 0.00000000099999999994 0.53041507394910025752 
0.00000000099999999996 0.01025685475562562558 0.47049028402355946854 0.00000000099999999996 0.00000000099999999996 0.51925285822081490572 
0.39040030005095804899 0.00000000099999999992 0.02759717726216637593 0.00000000099999999992 0.00000000099999999992 0.58200251968687544135 
0.00000000099999999998 0.01829777090443134371 0.52142861794470929393 0.00000000099999999998 0.00000000099999999998 0.46027360815085932577 
0.00000000099999999996 0.03443223792200812011 0.00000000099999999996 0.96556775807799177791 0.00000000099999999996 0.00000000099999999996 
0.00000000099999999989 0.00000000099999999989 0.00000000099999999989 0.99999999499999991937 0.00000000099999999989 0.00000000099999999989 
0.01106302423551716943 0.00276423344660487076 0.44852315138244830406 0.00000000099999999997 0.00000000099999999997 0.53764958893542957874 
0.00000000099999999995 0.00812613129529706109 0.50278686165920549733 0.00000000099999999995 0.00000000099999999995 0.48908700404549748653 
0.00000000099999999978 0.00000000099999999978 0.00000000099999999978 0.00000000099999999978 0.99999999500000003039 0.00000000099999999978 
0.33719246445575806748 0.00000000099999999992 0.04876917579101998357 0.00000000099999999992 0.00000000099999999992 0.61403835675322193666 
0.00000000099999999967 0.99999999500000003039 0.00000000099999999967 0.00000000099999999967 0.00000000099999999967 0.00000000099999999967 
0.00000000099999999996 0.05688108479228089209 0.94311891120771917940 0.00000000099999999996 0.00000000099999999996 0.00000000099999999996 
0.00000000099999999964 0.99999999500000014141 0.00000000099999999964 0.00000000099999999964 0.00000000099999999964 0.00000000099999999964 
0.00000000099999999968 0.99999999500000003039 0.00000000099999999968 0.00000000099999999968 0.00000000099999999968 0.00000000099999999968 
0.00000000099999999998 0.05344006449654488400 0.94655993150345507647 0.00000000099999999998 0.00000000099999999998 0.00000000099999999998 
0.00000000099999999983 0.99999999500000014141 0.00000000099999999983 0.00000000099999999983 0.00000000099999999983 0.00000000099999999983 
0.00000000099999999997 0.05262738282173613086 0.94737261317826382268 0.00000000099999999997 0.00000000099999999997 0.00000000099999999997 
0.00000000099999999999 0.04588870600074976269 0.95410686326592708539 0.00000000903930659403 0.00000000099999999999 0.00000441969401645309 
0.00000000099999999986 0.00000000099999999986 0.00000000099999999986 0.99999999500000003039 0.00000000099999999986 0.00000000099999999986 
0.00000000099999999997 0.05166228660320037330 0.00000000099999999997 0.94181651258922871595 0.00652119780757095743 0.00000000099999999997 
0.00000000099999999985 0.00000000099999999985 0.00000000099999999985 0.99999999500000003039 0.00000000099999999985 0.00000000099999999985 
0.00000000099999999994 0.00579497680055212055 0.00000000099999999994 0.99420501919944792579 0.00000000099999999994 0.00000000099999999994 
0.00000000099999999998 0.04300031001558992511 0.00000000099999999998 0.95699968598441020884 0.00000000099999999998 0.00000000099999999998 
0.00000000099999999987 0.00000000099999999987 0.99999999499999991937 0.00000000099999999987 0.00000000099999999987 0.00000000099999999987 
0.00000000099999999992 0.00000000099999999992 0.99999999500000003039 0.00000000099999999992 0.00000000099999999992 0.00000000099999999992 
0.00000000099999999976 0.00000000099999999976 0.00000000099999999976 0.99999999500000003039 0.00000000099999999976 0.00000000099999999976 
0.00000000099999999990 0.00000000099999999990 0.00000000099999999990 0.99999999500000003039 0.00000000099999999990 0.00000000099999999990 
0.00000000099999999974 0.00000000099999999974 0.00000000099999999974 0.99999999500000003039 0.00000000099999999974 0.00000000099999999974 
0.00000000099999999987 0.00000000099999999987 0.99840137272469309249 0.00000000099999999987 0.00000000099999999987 0.00159862327530698400 
0.00000000099999999986 0.00000000099999999986 0.00000000099999999986 0.99999999500000003039 0.00000000099999999986 0.00000000099999999986 
0.00000000099999999997 0.03708602352396962037 0.00000000099999999997 0.96291135905014202390 0.00000261442588829480 0.00000000099999999997 
0.00000000099999999991 0.00000000099999999991 0.00000000099999999991 0.99999999500000003039 0.00000000099999999991 0.00000000099999999991 
0.00000000099999999992 0.00000000099999999992 0.00000000099999999992 0.99999999500000003039 0.00000000099999999992 0.00000000099999999992 
0.00000000099999999979 0.00000000099999999979 0.00000000099999999979 0.00000000099999999979 0.99999999500000003039 0.00000000099999999979 
0.00000000099999999990 0.00000000099999999990 0.00000000099999999990 0.99999999500000003039 0.00000000099999999990 0.00000000099999999990 
0.00000000099999999992 0.00000000099999999992 0.00000000099999999992 0.99999999500000003039 0.00000000099999999992 0.00000000099999999992 
0.00000000099999999980 0.00000000099999999980 0.00000000099999999980 0.00000000099999999980 0.99999999500000003039 0.00000000099999999980 
0.00000000099999999994 0.00000000099999999994 0.00000000099999999994 0.99999999499999991937 0.00000000099999999994 0.00000000099999999994 
0.00000000099999999987 0.00000000099999999987 0.99999999500000003039 0.00000000099999999987 0.00000000099999999987 0.00000000099999999987 
0.00000000099999999993 0.00000000099999999993 0.99999999500000003039 0.00000000099999999993 0.00000000099999999993 0.00000000099999999993 
0.00000000099999999990 0.00000000099999999990 0.99999999500000003039 0.00000000099999999990 0.00000000099999999990 0.00000000099999999990 
0.00000000099999999988 0.00000000099999999988 0.99999999500000003039 0.00000000099999999988 0.00000000099999999988 0.00000000099999999988 
0.00000000099999999991 0.00000000099999999991 0.99999999499999991937 0.00000000099999999991 0.00000000099999999991 0.00000000099999999991 
0.00000000099999999990 0.00000000099999999990 0.99999999500000003039 0.00000000099999999990 0.00000000099999999990 0.00000000099999999990 
0.00000000099999999990 0.00000000099999999990 0.99999999500000003039 0.00000000099999999990 0.00000000099999999990 0.00000000099999999990 
0.00000000099999999987 0.00000000099999999987 0.00000000099999999987 0.99999999500000003039 0.00000000099999999987 0.00000000099999999987 
0.00000000099999999999 0.01104111989522595441 0.00000000099999999999 0.83055900386614434083 0.15839987323862966817 0.00000000099999999999 
0.00000000099999999998 0.00000017116573486498 0.00000002304292354969 0.99999980279134148553 0.00000000099999999998 0.00000000099999999998 
0.00000000099999999994 0.00000000099999999994 0.08410013671587433792 0.00000000099999999994 0.00000000099999999994 0.91589985928412565030 
0.04605158939429927767 0.00000000099999999991 0.00000000099999999991 0.00000000099999999991 0.00000000099999999991 0.95394840660570068280 
0.00000000099999999995 0.03598774750211439222 0.00000000099999999995 0.96401224849788569315 0.00000000099999999995 0.00000000099999999995 
0.00000000099999999994 0.00000000099999999994 0.06484484975469792523 0.00000000099999999994 0.00000000099999999994 0.93515514624530193810 
0.00000000099999999990 0.00000000099999999990 0.11174440732146270761 0.00000000099999999990 0.00000000099999999990 0.88825558867853737777 
0.00000000099999999990 0.00000000099999999990 0.99999999500000003039 0.00000000099999999990 0.00000000099999999990 0.00000000099999999990 
0.00000000099999999991 0.00000000099999999991 0.03924370006400557109 0.00000000099999999991 0.00000000099999999991 0.96075629593599443101 
0.00000000099999999994 0.00000000099999999994 0.06320392975073360620 0.00000000099999999994 0.00000000099999999994 0.93679606624926636815 
0.00000000099999999989 0.00000000099999999989 0.01596165286551087803 0.00000000099999999989 0.00000000099999999989 0.98403834313448901305 
0.06292818783581191622 0.00000000099999999995 0.00000000099999999995 0.00000000099999999995 0.00000000099999999995 0.93707180816418800262 
0.00000000099999999989 0.00000000099999999989 0.04959909201957648367 0.00000000099999999989 0.00000000099999999989 0.95040090398042342823 
0.00000000099999999992 0.00000000099999999992 0.06837400483232644599 0.00000000099999999992 0.00000000099999999992 0.93162599116767352836 
0.00000000099999999986 0.00000000099999999986 0.99999999500000003039 0.00000000099999999986 0.00000000099999999986 0.00000000099999999986 
0.00000000099999999997 0.03319171355462840339 0.00000000099999999997 0.96494345653264745888 0.00186482691272416641 0.00000000099999999997 
0.00000000099999999998 0.03330225220582391094 0.00049205041198034432 0.96620569438219572334 0.00000000099999999998 0.00000000099999999998 
0.00014348673836132362 0.00706344021634521847 0.00000000099999999999 0.84204042692668112924 0.15075264411861236113 0.00000000099999999999 
0.04543552324163370459 0.00000000099999999993 0.00000000099999999993 0.00000000099999999993 0.00000000099999999993 0.95456447275836620037 
0.00000000099999999988 0.00000000099999999988 0.02147983965177705651 0.00000000099999999988 0.00000000099999999988 0.97852015634822286927 
0.00000000099999999989 0.00000000099999999989 0.99999999500000003039 0.00000000099999999989 0.00000000099999999989 0.00000000099999999989 
0.04982662135358112421 0.00000000099999999996 0.00000075202962571676 0.00000000099999999996 0.00000000099999999996 0.95017262361679322158 
0.00000000099999999991 0.00000000099999999991 0.05266611912084673275 0.00000000099999999991 0.00000000099999999991 0.94733387687915338038 
0.04696859588620308501 0.00000000099999999991 0.00000000099999999991 0.00000000099999999991 0.00000000099999999991 0.95303140011379694485 
0.05402914171455313469 0.00000000099999999996 0.00000000099999999996 0.00000000099999999996 0.00000000099999999996 0.94597085428544691599 
0.05158791321508043870 0.00000000099999999994 0.00000000099999999994 0.00000000099999999994 0.00000000099999999994 0.94841208278491961892 
0.00000000099999999995 0.03196833666411907915 0.00000000099999999995 0.96803165933588086745 0.00000000099999999995 0.00000000099999999995 
0.00000000099999999992 0.00000000099999999992 0.99999999310198905977 0.00000000099999999992 0.00000000099999999992 0.00000000289801095921 
0.04921226182569283375 0.00000000099999999997 0.00000000099999999997 0.00000000099999999997 0.00000000099999999997 0.95078773417430717529 
0.00000000099999999991 0.00000000099999999991 0.03985690258156825150 0.00000000099999999991 0.00000000099999999991 0.96014309341843173673 
0.00000000099999999999 0.01180873451068344474 0.00000000099999999999 0.98109104586950413029 0.00631153403576337462 0.00078868358404902603 
0.00000000099999999993 0.00000000099999999993 0.99981459992521748426 0.00000000099999999993 0.00000000099999999993 0.00018539607478253406 
0.00200542765086091611 0.00190725771238079529 0.48267543763443426785 0.00000000099999999999 0.00000000099999999999 0.51341187500232399188 
0.00000000099999999993 0.01545816799763286356 0.39610573591427133966 0.00000000099999999993 0.00000000099999999993 0.58843609308809585734 
0.00000000099999999997 0.00004477208245965956 0.43574595368747115476 0.00000000099999999997 0.00000000099999999997 0.56420927123006914261 
0.00000000099999999996 0.00214072378154815798 0.43324971709107351625 0.00000000099999999996 0.00000000099999999996 0.56460955612737817599 
0.00000000099999999995 0.00783886424568743141 0.41772862211786754294 0.00000000099999999995 0.00000000099999999995 0.57443251063644507060 
0.00251017922861152811 0.00571706688343866058 0.45318050409108268095 0.00000000099999999998 0.00000000099999999998 0.53859224779686720730 
0.00759908096474403317 0.00808196149879177213 0.40672230071839748922 0.00000000099999999998 0.00000000099999999998 0.57759665481806665710 
0.00000000099999999995 0.00955251474025983066 0.45993752001723703371 0.00000000099999999995 0.00000000099999999995 0.53050996224250313027 
0.00111176671871223071 0.00144588964134013866 0.44765255375972856644 0.00000000099999999996 0.00000000099999999996 0.54978978788021914959 
0.00000000099999999994 0.01710759501692885737 0.43673311979281875805 0.00000000099999999994 0.00000000099999999994 0.54615928219025233759 
0.00000000099999999992 0.00000000099999999992 0.00000000099999999992 0.99999999499999991937 0.00000000099999999992 0.00000000099999999992 
0.00000000099999999987 0.00000000099999999987 0.00000000099999999987 0.99999999499999991937 0.00000000099999999987 0.00000000099999999987 
0.00000000099999999984 0.00000000099999999984 0.00000000099999999984 0.99999999499999991937 0.00000000099999999984 0.00000000099999999984 
0.00000000099999999988 0.00000000099999999988 0.00000000099999999988 0.99999999499999991937 0.00000000099999999988 0.00000000099999999988 
0.00000000099999999994 0.00000000099999999994 0.00000000099999999994 0.99999999500000003039 0.00000000099999999994 0.00000000099999999994 
0.00000000099999999985 0.00000000099999999985 0.00000000099999999985 0.99999999499999991937 0.00000000099999999985 0.00000000099999999985 
0.00000000099999999987 0.00000000099999999987 0.00000000099999999987 0.99999999499999991937 0.00000000099999999987 0.00000000099999999987 
0.00000000099999999993 0.00000000099999999993 0.00000000099999999993 0.99999999499999991937 0.00000000099999999993 0.00000000099999999993 
0.00000000099999999997 0.00000000099999999997 0.00000000099999999997 0.99503408910297130863 0.00496590689702871430 0.00000000099999999997 
0.00000000099999999990 0.00000000099999999990 0.00000000099999999990 0.99999999500000003039 0.00000000099999999990 0.00000000099999999990 
0.00000000099999999978 0.99999999500000003039 0.00000000099999999978 0.00000000099999999978 0.00000000099999999978 0.00000000099999999978 
0.00000000099999999975 0.99999999500000003039 0.00000000099999999975 0.00000000099999999975 0.00000000099999999975 0.00000000099999999975 
0.00000000099999999984 0.99999999500000014141 0.00000000099999999984 0.00000000099999999984 0.00000000099999999984 0.00000000099999999984 
0.00000000099999999981 0.99999999500000014141 0.00000000099999999981 0.00000000099999999981 0.00000000099999999981 0.00000000099999999981 
0.00000000099999999986 0.99999999500000014141 0.00000000099999999986 0.00000000099999999986 0.00000000099999999986 0.00000000099999999986 
0.00000000099999999967 0.99999999500000003039 0.00000000099999999967 0.00000000099999999967 0.00000000099999999967 0.00000000099999999967 
0.00000000099999999975 0.99999999500000014141 0.00000000099999999975 0.00000000099999999975 0.00000000099999999975 0.00000000099999999975 
0.00000000099999999975 0.99999999500000003039 0.00000000099999999975 0.00000000099999999975 0.00000000099999999975 0.00000000099999999975 
0.00000000099999999971 0.99999999500000003039 0.00000000099999999971 0.00000000099999999971 0.00000000099999999971 0.00000000099999999971 
0.00000000099999999970 0.99999999500000003039 0.00000000099999999970 0.00000000099999999970 0.00000000099999999970 0.00000000099999999970 
0.00000000099999999983 0.99999999500000014141 0.00000000099999999983 0.00000000099999999983 0.00000000099999999983 0.00000000099999999983 
0.00000000099999999961 0.99999999500000003039 0.00000000099999999961 0.00000000099999999961 0.00000000099999999961 0.00000000099999999961 
0.00000000099999999958 0.99999999500000014141 0.00000000099999999958 0.00000000099999999958 0.00000000099999999958 0.00000000099999999958 
0.00000000099999999956 0.99999999500000014141 0.00000000099999999956 0.00000000099999999956 0.00000000099999999956 0.00000000099999999956 
0.00000000099999999965 0.99999999500000003039 0.00000000099999999965 0.00000000099999999965 0.00000000099999999965 0.00000000099999999965 
0.00000000099999999958 0.99999999500000014141 0.00000000099999999958 0.00000000099999999958 0.00000000099999999958 0.00000000099999999958 
0.00000000099999999979 0.99999999500000014141 0.00000000099999999979 0.00000000099999999979 0.00000000099999999979 0.00000000099999999979 
0.00000000099999999968 0.99999999500000014141 0.00000000099999999968 0.00000000099999999968 0.00000000099999999968 0.00000000099999999968 
0.00000000099999999974 0.99999999500000014141 0.00000000099999999974 0.00000000099999999974 0.00000000099999999974 0.00000000099999999974 
0.00000000099999999989 0.00000000099999999989 0.00000000099999999989 0.99999999499999991937 0.00000000099999999989 0.00000000099999999989 
0.00000000099999999995 0.00000000099999999995 0.00000000099999999995 0.83171730776110597283 0.16828268823889400152 0.00000000099999999995 
0.00000000099999999996 0.00403811584661675944 0.00000000099999999996 0.99596188015338327215 0.00000000099999999996 0.00000000099999999996 
0.00000000099999999995 0.00000000099999999995 0.00000000099999999995 0.99999999500000003039 0.00000000099999999995 0.00000000099999999995 
0.00000000099999999999 0.00000000099999999999 0.00053543064325493775 0.99946456445090625653 0.00000000099999999999 0.00000000190583884800 
0.00000000099999999994 0.00000000099999999994 0.00000000099999999994 0.99999999499999991937 0.00000000099999999994 0.00000000099999999994 
0.00000000099999999994 0.00000000099999999994 0.00000000099999999994 0.99999999499999991937 0.00000000099999999994 0.00000000099999999994 
0.00000000099999999983 0.00000000099999999983 0.00000000099999999983 0.99999999499999991937 0.00000000099999999983 0.00000000099999999983 
0.00000000099999999997 0.00000000099999999997 0.00000000099999999997 0.85869466364222912791 0.14130533235777087420 0.00000000099999999997 
0.00000000099999999991 0.00000000099999999991 0.00000000099999999991 0.99999999500000003039 0.00000000099999999991 0.00000000099999999991 
0.00000000099999999986 0.00000000099999999986 0.00000000099999999986 0.99999999500000003039 0.00000000099999999986 0.00000000099999999986 
0.00000000099999999990 0.00000000099999999990 0.00000000099999999990 0.99999999499999991937 0.00000000099999999990 0.00000000099999999990 
0.00000000099999999984 0.00000000099999999984 0.00000000099999999984 0.99999999499999991937 0.00000000099999999984 0.00000000099999999984 
0.00000000099999999998 0.00000000099999999998 0.00878661734224028303 0.99121337865775982490 0.00000000099999999998 0.00000000099999999998 
