0.00000000099999999999 0.99890348787295613064 0.00000085116819482545 0.00000030921099835612 0.00109535074785064917 
0.00000000099999999997 0.00000000099999999997 0.99999999599999989108 0.00000000099999999997 0.00000000099999999997 
0.00000000099999999998 0.99344584314927675273 0.00000000099999999998 0.00655414924206196899 0.00000000560866129845 
0.00372254070910587372 0.95201142474770850122 0.00000000099999999997 0.04426603254318563913 0.00000000099999999997 
0.00512658895647737176 0.95180291562333974031 0.00000000099999999998 0.04307049342018275800 0.00000000099999999998 
0.99999999600000000211 0.00000000099999999980 0.00000000099999999980 0.00000000099999999980 0.00000000099999999980 
0.00000000099999999993 0.99999999600000011313 0.00000000099999999993 0.00000000099999999993 0.00000000099999999993 
0.99999999600000011313 0.00000000099999999970 0.00000000099999999970 0.00000000099999999970 0.00000000099999999970 
0.00000000099999999993 0.99999999600000011313 0.00000000099999999993 0.00000000099999999993 0.00000000099999999993 
0.00000000099999999991 0.99999999600000011313 0.00000000099999999991 0.00000000099999999991 0.00000000099999999991 
0.00570657110666608278 0.97468660398942563727 0.00000000099999999997 0.01960682290390831223 0.00000000099999999997 
0.00000000099999999999 0.97127288642212161740 0.00000000099999999999 0.02872711057787841540 0.00000000099999999999 
0.00215597659325411205 0.94460515275920298173 0.00000000099999999999 0.05323886864754279885 0.00000000099999999999 
0.00000000099999999997 0.00000000099999999997 0.92876250076149469148 0.00000000099999999997 0.07123749623850533785 
0.00000000099999999993 0.99999999600000000211 0.00000000099999999993 0.00000000099999999993 0.00000000099999999993 
0.00000000099999999991 0.99999999600000000211 0.00000000099999999991 0.00000000099999999991 0.00000000099999999991 
0.00000000099999999995 0.99999999600000011313 0.00000000099999999995 0.00000000099999999995 0.00000000099999999995 
0.15125559713508485160 0.81993303638261405553 0.01036452155604854208 0.01844665896959950951 0.00000018595665306227 
0.99999999600000000211 0.00000000099999999979 0.00000000099999999979 0.00000000099999999979 0.00000000099999999979 
0.14497099127367760185 0.83244265491359548115 0.00482266205756629301 0.01776369075516059243 0.00000000099999999999 
0.00000624594359623062 0.94853167476299415917 0.00000001094974270416 0.03884430446364491030 0.01261776388002207490 
0.99999999600000000211 0.00000000099999999970 0.00000000099999999970 0.00000000099999999970 0.00000000099999999970 
0.00000000099999999981 0.99999999600000000211 0.00000000099999999981 0.00000000099999999981 0.00000000099999999981 
0.00000000099999999992 0.99999999600000000211 0.00000000099999999992 0.00000000099999999992 0.00000000099999999992 
0.00000000099999999995 0.95116231516565996618 0.00000000099999999995 0.04883768183434016030 0.00000000099999999995 
0.00000000099999999986 0.99999999600000011313 0.00000000099999999986 0.00000000099999999986 0.00000000099999999986 
0.03720729706703624490 0.00000000099999999997 0.00000000099999999997 0.02606107035875368516 0.93673163057421005018 
0.99999999600000011313 0.00000000099999999982 0.00000000099999999982 0.00000000099999999982 0.00000000099999999982 
0.12657881894697153857 0.87341218280487242787 0.00000000099999999997 0.00000899624815599262 0.00000000099999999997 
0.00450303445569007546 0.96892589105621340639 0.00000000099999999999 0.00000000099999999999 0.02657107248809660593 
0.00000000099999999993 0.89191638117810612130 0.00000000099999999993 0.10808361582189388028 0.00000000099999999993 
0.00000000099999999993 0.99999999600000000211 0.00000000099999999993 0.00000000099999999993 0.00000000099999999993 
0.01584368055184327828 0.95301124808855897097 0.00000000099999999999 0.03114506935959778650 0.00000000099999999999 
0.00000000099999999978 0.99999999600000011313 0.00000000099999999978 0.00000000099999999978 0.00000000099999999978 
0.00000000099999999995 0.99999999600000011313 0.00000000099999999995 0.00000000099999999995 0.00000000099999999995 
0.14291832208482840860 0.85708167491517162073 0.00000000099999999994 0.00000000099999999994 0.00000000099999999994 
0.00000000099999999998 0.89516400711414645386 0.00000000099999999998 0.01270959879932647037 0.09212639208652720346 
0.00000000099999999997 0.00000000099999999997 0.00000000099999999997 0.02579900397021558586 0.97420099302978435674 
0.00000000099999999998 0.97628145605567695497 0.02371854094432317497 0.00000000099999999998 0.00000000099999999998 
0.00000177291060095124 0.94929853257166285641 0.00000000099999999997 0.05069969251773614322 0.00000000099999999997 
0.00000000099999999997 0.96774124612329526229 0.00000000099999999997 0.03225875087670478092 0.00000000099999999997 
0.00327681771490967357 0.00000000100000000000 0.00000056369450870038 0.02259867431004206756 0.97412394328053941717 
0.00000000099999999998 0.01374361861407259397 0.00000000099999999998 0.11681427296168926666 0.86944210642423802593 
0.00000000099999999999 0.00000051331698099528 0.01326745774078003613 0.02857660288829512105 0.95815542505394379891 
0.00000000099999999999 0.01780291365133865322 0.00000000630355817735 0.06866111682088558987 0.91353596222421751261 
0.00000000099999999998 0.00000000099999999998 0.00566374354617684306 0.00870496242422899233 0.98563129202959409714 
0.00000000099999999997 0.00000000099999999997 0.00000455078458666934 0.02346081944630426172 0.97653462776910915366 
0.00000000099999999998 0.01403063860432979953 0.00000000099999999998 0.06721881407248690710 0.91875054532318334299 
0.00000000099999999995 0.00000000099999999995 0.00000000099999999995 0.01463369795666425756 0.98536629904333572494 
0.00000000099999999998 0.00000000099999999998 0.00414393776894906012 0.02176571776083759818 0.97409034247021331065 
0.00000000099999999999 0.03132151412457705175 0.00000000099999999999 0.05849852789852925949 0.91017995597689371756 
0.00000000099999999999 0.00000000099999999999 0.01539418470618308249 0.01341504718980386646 0.97119076610401311456 
0.13847328725688060058 0.81225502288448880872 0.00824637748324434129 0.03947168139647652674 0.00155363097890987185 
0.00000223334059032118 0.00000000099999999999 0.01180422550294224493 0.05967375093386802221 0.92851978922259947868 
0.00000000099999999997 0.00000000099999999997 0.01235362515980948338 0.05679557108317730141 0.93085080175701306882 
0.00309207442691538823 0.00000000099999999999 0.00941664162971714291 0.05301362574802116756 0.93447765719534625628 
0.00000000099999999998 0.00000000099999999998 0.01314404103280431869 0.05076434900892016350 0.93609160795827550672 
0.00000000288989207231 0.00000634536066647919 0.01022968104727308217 0.05425113995741965428 0.93551283074474878010 
0.00000000099999999998 0.00000000099999999998 0.02488886531022595217 0.04312618576036051504 0.93198494692941347139 
0.08761621511891833081 0.87438425738157410372 0.00294225269446263997 0.02809862084422705061 0.00695865396081788747 
0.00000000099999999997 0.96196201423061300506 0.00000000099999999997 0.03803798276938705203 0.00000000099999999997 
0.11255272614494296612 0.88706652991945522668 0.00000000100000000000 0.00036498803320895865 0.00001575490239285394 
0.99999999600000011313 0.00000000099999999979 0.00000000099999999979 0.00000000099999999979 0.00000000099999999979 
0.00000000099999999996 0.98671633416047677123 0.00000000099999999996 0.00000000099999999996 0.01328366283952328586 
0.00000000099999999977 0.99999999600000011313 0.00000000099999999977 0.00000000099999999977 0.00000000099999999977 
0.01342870912079384936 0.98657128787920611579 0.00000000099999999995 0.00000000099999999995 0.00000000099999999995 
0.16367659124566941165 0.82248119643345418694 0.00853823813540490785 0.00530397318547157215 0.00000000100000000000 
0.00000000099999999997 0.93981320848088201192 0.00000000099999999997 0.04321128954832983288 0.01697549997078822911 
0.00000000099999999988 0.99999999600000000211 0.00000000099999999988 0.00000000099999999988 0.00000000099999999988 
0.00000000099999999994 0.00000000099999999994 0.00000000099999999994 0.01915610183145530221 0.98084389516854464386 
0.00000000099999999993 0.99999999600000011313 0.00000000099999999993 0.00000000099999999993 0.00000000099999999993 
0.00508786972893061299 0.96667440254857728288 0.00000000100000000000 0.02816536211062602851 0.00007236461186615109 
0.00000000099999999977 0.99999999600000000211 0.00000000099999999977 0.00000000099999999977 0.00000000099999999977 
0.00000000099999999994 0.99999999600000011313 0.00000000099999999994 0.00000000099999999994 0.00000000099999999994 
0.00000000099999999991 0.99999999600000000211 0.00000000099999999991 0.00000000099999999991 0.00000000099999999991 
0.00000000099999999994 0.96636066172080403724 0.00000000099999999994 0.03363933527919613087 0.00000000099999999994 
0.00000000099999999999 0.01625910416381410456 0.00000000099999999999 0.01073165882737275520 0.97300923500881308925 
0.00000000099999999982 0.99999999600000000211 0.00000000099999999982 0.00000000099999999982 0.00000000099999999982 
0.00000000099999999984 0.99999999600000011313 0.00000000099999999984 0.00000000099999999984 0.00000000099999999984 
0.00000000099999999997 0.99483281858077132753 0.00000000099999999997 0.00516717841922866537 0.00000000099999999997 
0.00000000099999999991 0.00000000099999999991 0.44038726977660941353 0.00000000099999999991 0.55961272722339061580 
0.00000000099999999997 0.00000000099999999997 0.02738491546015798736 0.00000000758189255037 0.97261507495794952138 
0.00000000099999999991 0.00000000099999999991 0.01879463474177838628 0.00000000099999999991 0.98120536225822163612 
0.00000000099999999977 0.00000000099999999977 0.99999999599999989108 0.00000000099999999977 0.00000000099999999977 
0.00000000099999999974 0.00000000099999999974 0.99999999600000000211 0.00000000099999999974 0.00000000099999999974 
0.00000000099999999989 0.99999999600000000211 0.00000000099999999989 0.00000000099999999989 0.00000000099999999989 
0.00000000099999999997 0.00000000099999999997 0.03290681938623318814 0.00645848184227084451 0.96063469677149593284 
0.00000000099999999998 0.00000000099999999998 0.07780063497468589495 0.00898593812375642238 0.91321342490155765770 
0.00000000099999999995 0.00000000099999999995 0.03809605104130189129 0.00503466669179482382 0.95686928026690332150 
0.00000000099999999994 0.00000000099999999994 0.01981816471486325462 0.00000000099999999994 0.98018183228513677818 
0.00000000099999999991 0.00000000099999999991 0.03314992015988681151 0.00000000099999999991 0.96685007684011325946 
0.00000000099999999972 0.00000000099999999972 0.99999999600000000211 0.00000000099999999972 0.00000000099999999972 
0.00000000099999999979 0.00000000099999999979 0.99999999600000000211 0.00000000099999999979 0.00000000099999999979 
0.00000000099999999996 0.00000000099999999996 0.03647833958342619476 0.00000021459045597916 0.96352144382611781825 
0.00000000099999999989 0.00000000099999999989 0.01960296019090666808 0.00000000099999999989 0.98039703680909340289 
0.00000000099999999996 0.00000000099999999996 0.03690611924863624466 0.00000000099999999996 0.96309387775136379162 
0.00000000099999999997 0.00000000099999999997 0.07704137890588211302 0.00000000754044887141 0.92295861155366898387 
0.00000000099999999998 0.00000000099999999998 0.06600882668946411735 0.00854154075212737798 0.92544963055840834265 
0.00000000099999999994 0.00000000099999999994 0.44711130621262801244 0.00000000099999999994 0.55288869078737190588 
0.00000000099999999997 0.00000000099999999997 0.08019833907713275201 0.00347556372991044034 0.91632609519295682432 
0.00000000099999999999 0.00000000099999999999 0.08153248622281557279 0.00003814436398821537 0.91842936741319614047 
0.00000000099999999996 0.00000000099999999996 0.03993485386945665877 0.00000000099999999996 0.96006514313054325260 
0.00000000099999999995 0.00000000099999999995 0.00000000099999999995 0.02337701784059004195 0.97662297915940998738 
0.00000000099999999995 0.00000000099999999995 0.44121569385535774899 0.00000000099999999995 0.55878430314464222484 
0.00000000099999999999 0.02174234060534178600 0.00089291454111475085 0.07920121155267562107 0.89816353230086787285 
0.00000000099999999996 0.00000000099999999996 0.62533750105877350389 0.00000000099999999996 0.37466249594122646993 
0.00000000099999999995 0.00000000099999999995 0.39217804146862400572 0.00000000099999999995 0.60782195553137596811 
0.00000000099999999996 0.00000000099999999996 0.39468591199518926471 0.00000000099999999996 0.60531408500481065360 
0.00000000099999999999 0.00367838307415813788 0.00000000099999999999 0.03833251158965526179 0.95798910333618669810 
0.00000000099999999998 0.00000000099999999998 0.00950099709625204687 0.02136124633971053094 0.96913775456403727926 
0.00000000099999999996 0.00000000099999999996 0.00000000099999999996 0.01402548615964248693 0.98597451084035747648 
0.00000000099999999982 0.00000000099999999982 0.99999999599999989108 0.00000000099999999982 0.00000000099999999982 
0.00000000099999999995 0.00000000099999999995 0.67821675795549274390 0.00000000099999999995 0.32178323904450728543 
0.00000000099999999999 0.01634792329897979957 0.01639506115950938037 0.07081931927819530570 0.89643769526331551489 
0.00000000099999999997 0.00000000099999999997 0.46031895841975423167 0.00000000099999999997 0.53968103858024574215 
0.00000000099999999994 0.00000000099999999994 0.45973663149787746818 0.00000000099999999994 0.54026336550212239462 
0.00000000099999999993 0.00000000099999999993 0.04365840891718768962 0.00000000099999999993 0.95634158808281222175 
0.00000000099999999990 0.00000000099999999990 0.99999999599999989108 0.00000000099999999990 0.00000000099999999990 
0.00000000099999999981 0.00000000099999999981 0.99999999600000000211 0.00000000099999999981 0.00000000099999999981 
0.00000000099999999984 0.00000000099999999984 0.99999999600000000211 0.00000000099999999984 0.00000000099999999984 
0.00000000099999999995 0.00000000099999999995 0.50350778778811144942 0.00000000099999999995 0.49649220921188863542 
0.00000000099999999997 0.00000000099999999997 0.48445892984741717457 0.00000000099999999997 0.51554106715258296578 
0.00000000099999999996 0.00000000099999999996 0.03756385477402712086 0.00000000099999999996 0.96243614222597295704 
0.00000000099999999995 0.00000000099999999995 0.43088536882160460850 0.00000000099999999995 0.56911462817839542083 
0.00000000099999999995 0.00000000099999999995 0.40948171902461788507 0.00000000099999999995 0.59051827797538214426 
0.00000000099999999997 0.00000000099999999997 0.00000000099999999997 0.01934820738906857518 0.98065178961093146803 
0.00000000099999999991 0.00000000099999999991 0.03341543384688438340 0.00000000099999999991 0.96658456315311558349 
0.00000000099999999998 0.00000000099999999998 0.01533879183917026892 0.01792326292833309326 0.96673794323249662153 
0.00000000099999999996 0.00000000099999999996 0.00000000099999999996 0.02981284382249425879 0.97018715317750570115 
0.00000000099999999984 0.00000000099999999984 0.99999999600000000211 0.00000000099999999984 0.00000000099999999984 
0.00000000099999999993 0.00000000099999999993 0.47386026334961933726 0.00000000099999999993 0.52613973365038047003 
0.00000000099999999997 0.00000000099999999997 0.32693252064062666706 0.00027705716049018347 0.67279042019888313231 
0.00000000099999999999 0.00000000099999999999 0.00168363554627658793 0.01500213604565280023 0.98331422640807053526 
0.00000000100000000000 0.00000249827255576355 0.00969861823875717635 0.02822669605888291841 0.96207218642980418810 
0.00000000099999999988 0.00000000099999999988 0.99999999599999989108 0.00000000099999999988 0.00000000099999999988 
0.00000000099999999995 0.00000000099999999995 0.59523912578041238142 0.00000000099999999995 0.40476087121958764792 
0.01336220579012613492 0.47368259739414225740 0.00000000099999999999 0.38839215247750741300 0.12456304333822433572 
0.00000000099999999980 0.00000000099999999980 0.00000000099999999980 0.99999999599999989108 0.00000000099999999980 
0.02068652934743900329 0.47495548288835687245 0.00000000100000000000 0.38232971041599550510 0.12202827634820849478 
0.00000000099999999976 0.00000000099999999976 0.00000000099999999976 0.99999999600000000211 0.00000000099999999976 
0.00000000099999999972 0.00000000099999999972 0.00000000099999999972 0.99999999599999989108 0.00000000099999999972 
0.00000000099999999969 0.00000000099999999969 0.00000000099999999969 0.99999999599999989108 0.00000000099999999969 
0.00957441045425816081 0.47010626131633420632 0.00000000099999999999 0.38714375183829324856 0.13317557539111438136 
0.00000000099999999975 0.00000000099999999975 0.00000000099999999975 0.99999999599999989108 0.00000000099999999975 
0.01417952192216254473 0.50261043783673009511 0.00000000099999999999 0.37398729239036715422 0.10922274685074044587 
0.00000000099999999969 0.00000000099999999969 0.00000000099999999969 0.99999999600000000211 0.00000000099999999969 
0.12444052098600444367 0.86078012311239171517 0.00000000099999999999 0.01477914957556114746 0.00000020532604276992 
0.00000000099999999997 0.99954341431053173039 0.00000000099999999997 0.00000009382369552538 0.00045648986577294045 
0.15185871152729876754 0.82696469730135191423 0.00441745301442844455 0.01671263010269769672 0.00004650805422321063 
0.00000000099999999994 0.00000000099999999994 0.47471302925062242029 0.00000000099999999994 0.52528696774937766456 
0.00000000099999999993 0.99999999600000011313 0.00000000099999999993 0.00000000099999999993 0.00000000099999999993 
0.00000000099999999999 0.95511012997315436479 0.00000000099999999999 0.04488986430542440953 0.00000000372142122329 
0.00000000099999999993 0.00000000099999999993 0.50257823753692121294 0.00000000099999999993 0.49742175946307870538 
0.99999999600000011313 0.00000000099999999975 0.00000000099999999975 0.00000000099999999975 0.00000000099999999975 
0.00003531778128682948 0.96463631400383553771 0.00000000099999999999 0.03508378150902917436 0.00024458570584855481 
0.00000000099999999999 0.00000000099999999999 0.00000011037945590935 0.02031789091001634517 0.97968199671052780264 
0.00000000099999999994 0.00000000099999999994 0.45113322235432434804 0.00000000099999999994 0.54886677464567568130 
0.00000000099999999997 0.00000000099999999997 0.01440641496966698319 0.02168446174735956869 0.96390912128297356887 
0.00000000099999999991 0.00000000099999999991 0.45933376302197703733 0.00000000099999999991 0.54066623397802282547 
0.00000000099999999998 0.00180915579567068104 0.01465530099507281366 0.03199851911955742256 0.95153702308969922985 
0.00000000099999999997 0.96540074975167855520 0.00000000099999999997 0.03459924724832153659 0.00000000099999999997 
0.00000000099999999992 0.99999999600000011313 0.00000000099999999992 0.00000000099999999992 0.00000000099999999992 
0.00000000099999999997 0.00000000099999999997 0.02870509359847234904 0.01040501922891125773 0.96088988517261630928 
0.00000000099999999997 0.00000000099999999997 0.00337758754593454240 0.02131537668355598658 0.97530703377050953495 
0.99999999600000011313 0.00000000099999999983 0.00000000099999999983 0.00000000099999999983 0.00000000099999999983 
0.00000000099999999991 0.00000000099999999991 0.40846469068197610586 0.00000000099999999991 0.59153530631802375694 
0.00000000099999999973 0.00000000099999999973 0.00000000099999999973 0.99999999599999989108 0.00000000099999999973 
0.00254669657058848248 0.00000000106975027891 0.00000000099999999999 0.11959243481861712988 0.87786086654104411586 
0.00000000099999999970 0.00000000099999999970 0.00000000099999999970 0.99999999599999989108 0.00000000099999999970 
0.00000000099999999974 0.00000000099999999974 0.00000000099999999974 0.99999999599999989108 0.00000000099999999974 
0.00269815983332835673 0.01382575206343092736 0.00000000099999999999 0.10385367821913914221 0.87962240888410159201 
0.00000000099999999986 0.00000000099999999986 0.00000000099999999986 0.99999999599999989108 0.00000000099999999986 
0.00747641077413949227 0.00004059884648915493 0.00000000099999999999 0.11062342627551979835 0.88185956310385160695 
0.00000000227657352711 0.01646225530770367013 0.00000000099999999999 0.09327639722116162768 0.89026134419456115499 
0.00000000099999999989 0.99999999600000011313 0.00000000099999999989 0.00000000099999999989 0.00000000099999999989 
0.00649155034282873026 0.94143801280720018632 0.00000000099999999998 0.05207043484997108534 0.00000000099999999998 
0.00000000099999999988 0.99999999600000011313 0.00000000099999999988 0.00000000099999999988 0.00000000099999999988 
0.00000000099999999995 0.99417310833938965509 0.00000000099999999995 0.00582688866061036124 0.00000000099999999995 
0.00000000099999999998 0.95667730129899419822 0.00000000099999999998 0.04332269570100581030 0.00000000099999999998 
0.00000000099999999994 0.00000000099999999994 0.00000000099999999994 0.02697183139758679155 0.97302816560241311983 
0.00000000099999999997 0.00000000099999999997 0.00000000099999999997 0.03053896378795601871 0.96946103321204402103 
0.00000000099999999982 0.99999999600000000211 0.00000000099999999982 0.00000000099999999982 0.00000000099999999982 
0.00000000099999999992 0.99999999600000011313 0.00000000099999999992 0.00000000099999999992 0.00000000099999999992 
0.00000000099999999979 0.99999999600000000211 0.00000000099999999979 0.00000000099999999979 0.00000000099999999979 
0.00000000099999999994 0.00000000099999999994 0.00000000099999999994 0.01700619227268735517 0.98299380472731268110 
0.00000000099999999989 0.99999999600000011313 0.00000000099999999989 0.00000000099999999989 0.00000000099999999989 
0.00002940188939038914 0.96237325369345028125 0.00000000099999999998 0.03759734241715932679 0.00000000099999999998 
0.00000000099999999993 0.99999999600000000211 0.00000000099999999993 0.00000000099999999993 0.00000000099999999993 
0.00000000099999999994 0.99999999600000000211 0.00000000099999999994 0.00000000099999999994 0.00000000099999999994 
0.99999999600000011313 0.00000000099999999984 0.00000000099999999984 0.00000000099999999984 0.00000000099999999984 
0.00000000099999999993 0.99999999600000000211 0.00000000099999999993 0.00000000099999999993 0.00000000099999999993 
0.00000000099999999994 0.99999999600000011313 0.00000000099999999994 0.00000000099999999994 0.00000000099999999994 
0.99999999600000000211 0.00000000099999999984 0.00000000099999999984 0.00000000099999999984 0.00000000099999999984 
0.00000000099999999995 0.99999999600000011313 0.00000000099999999995 0.00000000099999999995 0.00000000099999999995 
0.00000000099999999994 0.00000000099999999994 0.00000000099999999994 0.02246114113353265412 0.97753885586646727113 
0.00000000099999999997 0.00000000099999999997 0.00000000099999999997 0.03497541304039931964 0.96502458395960077908 
0.00000000099999999995 0.00000000099999999995 0.00000000099999999995 0.02199722664512027137 0.97800277035487959143 
0.00000000099999999995 0.00000000099999999995 0.00000000099999999995 0.02206038809568669143 0.97793960890431341770 
0.00000000099999999996 0.00000000099999999996 0.00000000099999999996 0.01982654534037416386 0.98017345165962577180 
0.00000000099999999994 0.00000000099999999994 0.00000000099999999994 0.01868821452420909440 0.98131178247579098350 
0.00000000099999999997 0.00000000099999999997 0.00000000099999999997 0.01919205300951539253 0.98080794399048454313 
0.00000000099999999990 0.99999999600000011313 0.00000000099999999990 0.00000000099999999990 0.00000000099999999990 
0.15838211090078005427 0.83099218188646362115 0.00000000099999999999 0.01062570521275635164 0.00000000099999999999 
0.00000000099999999998 0.99999880163125864918 0.00000000099999999998 0.00000119536874133387 0.00000000099999999998 
0.00000000099999999994 0.00000000099999999994 0.04277888055138175105 0.00000000099999999994 0.95722111644861818114 
0.00000000099999999990 0.00000000099999999990 0.16400889408939992031 0.00000000099999999990 0.83599110291059997024 
0.00000000099999999996 0.96404449375068124173 0.00000000099999999996 0.03595550324931867658 0.00000000099999999996 
0.00000000099999999995 0.00000000099999999995 0.03322811628093986364 0.00000000099999999995 0.96677188071906006162 
0.00000000099999999990 0.00000000099999999990 0.02655245703122881620 0.00000000099999999990 0.97344753996877131375 
0.00000000099999999995 0.00000000099999999995 0.00000000099999999995 0.01581064410394314099 0.98418935289605691263 
0.00000000099999999992 0.00000000099999999992 0.03914923625628120157 0.00000000099999999992 0.96085076074371877919 
0.00000000099999999993 0.00000000099999999993 0.03613974933770723597 0.00000000099999999993 0.96386024766229283500 
0.00000000099999999992 0.00000000099999999992 0.02168512327493261893 0.00000000099999999992 0.97831487372506742428 
0.00000000099999999995 0.00000000099999999995 0.19016049284091957050 0.00000000099999999995 0.80983950415908045883 
0.00000000099999999991 0.00000000099999999991 0.03050375703153324763 0.00000000099999999991 0.96949623996846667762 
0.00000000099999999992 0.00000000099999999992 0.03014426481246598732 0.00000000099999999992 0.96985573218753406977 
0.00000000099999999993 0.00000000099999999993 0.00000000099999999993 0.01384204709544644210 0.98615794990455363234 
0.00191888764290449026 0.96507000774498774565 0.00000000099999999998 0.03301110261210784408 0.00000000099999999998 
0.00000000099999999998 0.96646895824824419208 0.00000000099999999998 0.03353102860711822814 0.00000001114463762355 
0.15080508221238611566 0.84243654436784010109 0.00000159383245067492 0.00675677858732308314 0.00000000100000000000 
0.00000000099999999992 0.00000000099999999992 0.16840372978203696497 0.00000000099999999992 0.83159626721796298110 
0.00000000099999999991 0.00000000099999999991 0.01845579717304931047 0.00000000099999999991 0.98154419982695062519 
0.00000000099999999995 0.00000000099999999995 0.00000000099999999995 0.00835243815311995444 0.99164755884688005061 
0.00000000099999999995 0.00000000099999999995 0.16704708606229468071 0.00000000099999999995 0.83295291093770529312 
0.00000000099999999992 0.00000000099999999992 0.02529504871001377747 0.00000000099999999992 0.97470494828998632819 
0.00000000099999999990 0.00000000099999999990 0.16473875827399034333 0.00000000099999999990 0.83526123872600965825 
0.00000000099999999995 0.00000000099999999995 0.18832338861148037457 0.00000000099999999995 0.81167660838851951599 
0.00000000099999999994 0.00000000099999999994 0.17983115631662838219 0.00000000099999999994 0.82016884068337159164 
0.00000000099999999996 0.96849064259502626317 0.00000000099999999996 0.03150935440497382167 0.00000000099999999996 
0.00000000099999999996 0.00000000099999999996 0.00000000099999999996 0.01390812960870656256 0.98609186739129350840 
0.00000000099999999996 0.00000000099999999996 0.17788519300095431697 0.00000000099999999996 0.82211480399904557359 
0.00000000099999999992 0.00000000099999999992 0.02614653194237964370 0.00000000099999999992 0.97385346505762038216 
0.00655027634250781709 0.98156846854899226784 0.00000000099999999999 0.01187562897644048321 0.00000562513205949614 
0.00000000099999999996 0.00000000099999999996 0.00000000099999999996 0.00676021368387547030 0.99323978331612450265 
0.00000000099999999999 0.00000000099999999999 0.01305660414653630162 0.01269665967779225538 0.97424673417567153599 
0.00000000099999999996 0.00000000099999999996 0.00040311434807806007 0.02273175710389437401 0.97686512654802748479 
0.00000000099999999998 0.00000000099999999998 0.01444383813821500072 0.00720923199935555575 0.97834692786242949403 
0.00000000099999999998 0.00000000099999999998 0.00706928129847590909 0.01305503406006369715 0.97987568264146029939 
0.00000000099999999997 0.00000000099999999997 0.01179072451030920878 0.01636809756784236153 0.97184117592184848800 
0.00000000099999999998 0.00000000099999999998 0.02338137523102176360 0.01471403011475619360 0.96190459265422201263 
0.00000000099999999998 0.00000000099999999998 0.02528757556769303805 0.01570037475752957337 0.95901204767477743474 
0.00000000099999999998 0.00000000099999999998 0.00263209636107014644 0.02112268511956442649 0.97624521651936535527 
0.00000000099999999996 0.00000000099999999996 0.02336911172672237469 0.01040736820700780690 0.96622351806626971538 
0.00000000099999999997 0.00000000099999999997 0.00000092343459687137 0.02730130890552614695 0.97269776565987697836 
0.00000000099999999994 0.99999999600000011313 0.00000000099999999994 0.00000000099999999994 0.00000000099999999994 
0.00000000099999999990 0.99999999600000000211 0.00000000099999999990 0.00000000099999999990 0.00000000099999999990 
0.00000000099999999988 0.99999999600000011313 0.00000000099999999988 0.00000000099999999988 0.00000000099999999988 
0.00000000099999999991 0.99999999600000000211 0.00000000099999999991 0.00000000099999999991 0.00000000099999999991 
0.00000000099999999995 0.99999999600000011313 0.00000000099999999995 0.00000000099999999995 0.00000000099999999995 
0.00000000099999999988 0.99999999600000011313 0.00000000099999999988 0.00000000099999999988 0.00000000099999999988 
0.00000000099999999990 0.99999999600000000211 0.00000000099999999990 0.00000000099999999990 0.00000000099999999990 
0.00000000099999999995 0.99999999600000000211 0.00000000099999999995 0.00000000099999999995 0.00000000099999999995 
0.00496075735921195412 0.99503923964078822006 0.00000000099999999997 0.00000000099999999997 0.00000000099999999997 
0.00000000099999999992 0.99999999600000000211 0.00000000099999999992 0.00000000099999999992 0.00000000099999999992 
0.00000000099999999982 0.00000000099999999982 0.00000000099999999982 0.99999999600000000211 0.00000000099999999982 
0.00000000099999999979 0.00000000099999999979 0.00000000099999999979 0.99999999600000000211 0.00000000099999999979 
0.00000000099999999987 0.00000000099999999987 0.00000000099999999987 0.99999999600000000211 0.00000000099999999987 
0.00000000099999999985 0.00000000099999999985 0.00000000099999999985 0.99999999599999989108 0.00000000099999999985 
0.00000000099999999989 0.00000000099999999989 0.00000000099999999989 0.99999999600000000211 0.00000000099999999989 
0.00000000099999999972 0.00000000099999999972 0.00000000099999999972 0.99999999600000000211 0.00000000099999999972 
0.00000000099999999980 0.00000000099999999980 0.00000000099999999980 0.99999999599999989108 0.00000000099999999980 
0.00000000099999999980 0.00000000099999999980 0.00000000099999999980 0.99999999599999989108 0.00000000099999999980 
0.00000000099999999975 0.00000000099999999975 0.00000000099999999975 0.99999999599999989108 0.00000000099999999975 
0.00000000099999999975 0.00000000099999999975 0.00000000099999999975 0.99999999600000000211 0.00000000099999999975 
0.00000000099999999986 0.00000000099999999986 0.00000000099999999986 0.99999999599999989108 0.00000000099999999986 
0.00000000099999999968 0.00000000099999999968 0.00000000099999999968 0.99999999599999989108 0.00000000099999999968 
0.00000000099999999965 0.00000000099999999965 0.00000000099999999965 0.99999999599999989108 0.00000000099999999965 
0.00000000099999999964 0.00000000099999999964 0.00000000099999999964 0.99999999600000000211 0.00000000099999999964 
0.00000000099999999971 0.00000000099999999971 0.00000000099999999971 0.99999999600000000211 0.00000000099999999971 
0.00000000099999999966 0.00000000099999999966 0.00000000099999999966 0.99999999599999989108 0.00000000099999999966 
0.00000000099999999983 0.00000000099999999983 0.00000000099999999983 0.99999999599999989108 0.00000000099999999983 
0.00000000099999999973 0.00000000099999999973 0.00000000099999999973 0.99999999599999989108 0.00000000099999999973 
0.00000000099999999979 0.00000000099999999979 0.00000000099999999979 0.99999999599999989108 0.00000000099999999979 
0.00000000099999999992 0.99999999600000000211 0.00000000099999999992 0.00000000099999999992 0.00000000099999999992 
0.16825763725992837205 0.83174235974007160177 0.00000000099999999996 0.00000000099999999996 0.00000000099999999996 
0.00000000099999999997 0.99599336735092180994 0.00000000099999999997 0.00400662964907824454 0.00000000099999999997 
0.00000000099999999996 0.99999999600000011313 0.00000000099999999996 0.00000000099999999996 0.00000000099999999996 
0.00000000099999999999 0.99984615294326528723 0.00000000099999999999 0.00000000099999999999 0.00015384405673465781 
0.00000000099999999995 0.99999999600000000211 0.00000000099999999995 0.00000000099999999995 0.00000000099999999995 
0.00000000099999999995 0.99999999600000000211 0.00000000099999999995 0.00000000099999999995 0.00000000099999999995 
0.00000000099999999987 0.99999999600000000211 0.00000000099999999987 0.00000000099999999987 0.00000000099999999987 
0.14124303448293132335 0.85875696251706878925 0.00000000099999999998 0.00000000099999999998 0.00000000099999999998 
0.00000000099999999993 0.99999999600000000211 0.00000000099999999993 0.00000000099999999993 0.00000000099999999993 
0.00000000099999999989 0.99999999600000000211 0.00000000099999999989 0.00000000099999999989 0.00000000099999999989 
0.00000000099999999993 0.99999999600000011313 0.00000000099999999993 0.00000000099999999993 0.00000000099999999993 
0.00000000099999999987 0.99999999600000011313 0.00000000099999999987 0.00000000099999999987 0.00000000099999999987 
0.00000000099999999999 0.99215450796112869547 0.00000000099999999999 0.00002434338983984660 0.00782114664903144942 
0.00000000099999999997 0.99686536177590145957 0.00000000099999999997 0.00313463522409845050 0.00000000099999999997 
0.00000000099999999997 0.99541442419204484438 0.00000000099999999997 0.00458557280795521011 0.00000000099999999997 
0.00140801450870207414 0.99229938796808259127 0.00000000099999999998 0.00629259552321530767 0.00000000099999999998 
0.00000000099999999997 0.00000000099999999997 0.00000000099999999997 0.02905102479034610274 0.97094897220965381557 
0.00000000099999999996 0.99999999600000000211 0.00000000099999999996 0.00000000099999999996 0.00000000099999999996 
0.00000000099999999998 0.01454225653996905725 0.00000000099999999998 0.04360534468824153048 0.94185239677178933526 
0.00000000099999999996 0.00620028122955478943 0.00000000099999999996 0.04836014412261711165 0.94543957264782807481 
0.00000000099999999999 0.01560459714035053458 0.00000000099999999999 0.05904889572100126965 0.92534650513864824539 
0.00000000099999999998 0.00000041666315910028 0.00000000099999999998 0.04935312922708243177 0.95064645210975839973 
0.00000000099999999998 0.01029673989861664384 0.00000000099999999998 0.03922961019856772286 0.95047364790281574365 
0.00000000099999999998 0.01133561184963148560 0.00000000099999999998 0.03294878306639730664 0.95571560308397118799 
0.00000000099999999999 0.02279125034646611869 0.00000000099999999999 0.03970514888692255190 0.93750359876661126801 
0.00000000099999999997 0.02837753561259119886 0.00000000099999999997 0.04476508889904039223 0.92685737348836838567 
0.00000000099999999998 0.02463545064743464033 0.00000000099999999998 0.05673522196013693758 0.91862932539242836416 
0.00000000099999999996 0.00145129211107071542 0.00000000099999999996 0.05694423135228675326 0.94160447453664242179 
0.00614994925495404056 0.01295145178129799082 0.00000000099999999998 0.07835553283592079643 0.90254306512782722649 
0.00524467774406604369 0.00369255316797350653 0.00000000099999999999 0.05200501869112758579 0.93905774939683295255 
0.00000000099999999998 0.00536043818485552447 0.00000000099999999998 0.03073336055863523653 0.96390619925650922184 
0.00000000099999999996 0.01249825818623805963 0.00000000099999999996 0.03813820008301595232 0.94936353973074605328 
0.00000000099999999996 0.01026081059246428465 0.00000000099999999996 0.03687347017876135835 0.95286571722877433377 
0.00255851439908813061 0.01118569298608739632 0.00000000099999999998 0.08168865204382982914 0.90456713957099466050 
0.00000000099999999997 0.00833647094535549214 0.00000000099999999997 0.04087947553791677208 0.95078405151672773510 
0.00000000099999999998 0.01052010901308452102 0.00000000099999999998 0.05384054681148519456 0.93563934217543032190 
0.00000000099999999998 0.00034742162301135073 0.00000000099999999998 0.04602784923610584583 0.95362472714088275527 
0.00000000099999999998 0.00000011626549355399 0.00000000099999999998 0.06695777766529012465 0.93304210406921639365 
0.00000000099999999995 0.00000000099999999995 0.04377297266608255050 0.00000000099999999995 0.95622702433391748578 
0.00000000099999999999 0.00000000099999999999 0.05005176294774565243 0.00445925471481434330 0.94548898033743988822 
0.00000000099999999997 0.00000000099999999997 0.03109382573878523640 0.00000000099999999997 0.96890617126121469926 
0.00000000099999999997 0.00000000099999999997 0.04424840730296770303 0.00388788959291712019 0.95186370110411533396 
0.00000000099999999996 0.00000000099999999996 0.04250705665744178297 0.00089933822738641174 0.95659360311517172004 
0.00000000099999999996 0.00000000099999999996 0.03964923777486538403 0.00000000099999999996 0.96035075922513468694 
0.00000000099999999997 0.00000000099999999997 0.05309444068713889409 0.00000000099999999997 0.94690555631286121852 
0.00000000099999999995 0.00000000099999999995 0.02738943494432279080 0.00000000099999999995 0.97261056205567730792 
0.00000000099999999996 0.00000000099999999996 0.04507947036262932583 0.00793791308954133745 0.94698261454782928226 
0.00000000099999999995 0.00000000099999999995 0.04421717458879546869 0.00000000099999999995 0.95578282241120460228 
0.00000000099999999997 0.00000000099999999997 0.07020432283853909883 0.00792715453541957722 0.92186852062604118796 
0.00000000099999999996 0.00000000099999999996 0.05673707350214405448 0.00241188680642488371 0.94085103769143096919 
0.00000000099999999997 0.00000000099999999997 0.05774749125811205058 0.00269420559317684301 0.93955830114871097258 
0.00000000099999999996 0.00000000099999999996 0.03923545189924131787 0.01288682285929368398 0.94787772324146490899 
0.00000000099999999997 0.00000000099999999997 0.05860822498510986911 0.00629967495836049503 0.93509209805652959702 
0.00000000099999999995 0.00000000099999999995 0.06946158200033290819 0.00063910374791348681 0.92989931225175359586 
0.00000000099999999998 0.00000000099999999998 0.07234631902299266948 0.00055691279333727642 0.92709676618366998468 
0.00000000099999999996 0.00000000099999999996 0.06777285376824040974 0.00786368595181016240 0.92436345827994947921 
0.00000000099999999996 0.00000000099999999996 0.05965652240532787892 0.01449857794546565923 0.92584489764920641086 
0.00000000099999999999 0.00000000099999999999 0.07025522873624411024 0.01069162899227547002 0.91905314027148055089 
0.00000000099999999997 0.00000000099999999997 0.06514826922683618349 0.00225561093201915057 0.93259611784114460065 
0.00000000099999999997 0.00000000099999999997 0.06502788829084010791 0.00995475318105747131 0.92501735652810246346 
0.00000000099999999996 0.00000000099999999996 0.04210215960368034888 0.00000051181356703379 0.95789732658275250632 
0.00000000099999999999 0.00000000331847275792 0.04433574462018267243 0.01260013283289285538 0.94306411822845181980 
0.00000000099999999995 0.00000000099999999995 0.05546624867833549466 0.01223907509225319497 0.93229467422941125765 
0.00000000099999999995 0.00000000099999999995 0.03966126776046492719 0.00515346065073743389 0.95518526958879779176 
0.00000000099999999994 0.00000000099999999994 0.04182735602015448528 0.00000000099999999994 0.95817264097984544691 
0.00000000099999999998 0.00000000099999999998 0.03756981927041837949 0.00722169386539396174 0.95520848486418752366 
0.00000000099999999997 0.00000000099999999997 0.04362592201609175740 0.00103164263482806592 0.95534243334908008904 
0.00000000099999999997 0.00000000099999999997 0.03746437935486494203 0.01495272116628550314 0.94758289747884960619 
0.00000000099999999995 0.00000000099999999995 0.03894396162221228780 0.00000000099999999995 0.96105603537778772072 
0.00000000099999999999 0.00606382404232198337 0.05316521682380088293 0.03495005648250885250 0.90582090165136819326 
