0.00000000099999999940 0.00000000099999999940 0.00000000099999999940 0.00000000099999999940 0.00000000099999999940 0.00000000099999999940 0.00000000099999999940 0.00000000099999999940 0.00000000099999999940 0.00000000099999999940 0.99999998999999994975 
0.00000000099999999994 0.00000000099999999994 0.10592367550779045737 0.01199079894524548821 0.00000000099999999994 0.00000000099999999994 0.00000000099999999994 0.87752700739051547885 0.00000000099999999994 0.00000000099999999994 0.00455851115644878742 
0.00000000099999999984 0.00000000099999999984 0.00000000099999999984 0.00000000099999999984 0.00000000099999999984 0.00000000099999999984 0.99999999000000006077 0.00000000099999999984 0.00000000099999999984 0.00000000099999999984 0.00000000099999999984 
0.00000000099999999989 0.00000000099999999989 0.00000000099999999989 0.00000000099999999989 0.00000000099999999989 0.00000000099999999989 0.99999999000000006077 0.00000000099999999989 0.00000000099999999989 0.00000000099999999989 0.00000000099999999989 
0.00000000099999999993 0.00000000099999999993 0.06060424308530980991 0.08719421562431527162 0.00000000099999999993 0.00000000099999999993 0.00000000099999999993 0.81457011373370558083 0.00000000099999999993 0.00000000099999999993 0.03763142055666943847 
0.00000000099999999996 0.00000000099999999996 0.03846546616437888921 0.07401195702537295695 0.00000000099999999996 0.00000000099999999996 0.00000000099999999996 0.85097215782667967598 0.00000000099999999996 0.00000000099999999996 0.03655041198356849541 
0.00000000099999999922 0.00000000099999999922 0.00000000099999999922 0.00000000099999999922 0.00000000099999999922 0.00000000099999999922 0.00000000099999999922 0.00000000099999999922 0.99999998999999994975 0.00000000099999999922 0.00000000099999999922 
0.00000000099999999895 0.99999999000000006077 0.00000000099999999895 0.00000000099999999895 0.00000000099999999895 0.00000000099999999895 0.00000000099999999895 0.00000000099999999895 0.00000000099999999895 0.00000000099999999895 0.00000000099999999895 
0.00000000099999999982 0.00000000099999999982 0.14102789084337297165 0.00000000099999999982 0.00000000099999999982 0.00000000099999999982 0.00000000099999999982 0.85897210015662717186 0.00000000099999999982 0.00000000099999999982 0.00000000099999999982 
0.00000000099999999922 0.00000000099999999922 0.00000000099999999922 0.00000000099999999922 0.00000000099999999922 0.00000000099999999922 0.00000000099999999922 0.00000000099999999922 0.99999998999999994975 0.00000000099999999922 0.00000000099999999922 
0.00000000099999999976 0.00000000099999999976 0.24610318809224218661 0.00000000099999999976 0.00000000099999999976 0.00000000099999999976 0.00000000099999999976 0.75389680290775773486 0.00000000099999999976 0.00000000099999999976 0.00000000099999999976 
0.00000000099999999913 0.99999999000000017180 0.00000000099999999913 0.00000000099999999913 0.00000000099999999913 0.00000000099999999913 0.00000000099999999913 0.00000000099999999913 0.00000000099999999913 0.00000000099999999913 0.00000000099999999913 
0.00000000099999999986 0.00000000099999999986 0.21199767232512950477 0.02313846150321291831 0.00000000099999999986 0.00000000099999999986 0.00000000099999999986 0.76486385817165758461 0.00000000099999999986 0.00000000099999999986 0.00000000099999999986 
0.00000000099999999990 0.00000000099999999990 0.18310904608695524609 0.00000000099999999990 0.00000000099999999990 0.00000000099999999990 0.00000000099999999990 0.81689094491304470314 0.00000000099999999990 0.00000000099999999990 0.00000000099999999990 
0.00000000099999999980 0.00000000099999999980 0.14834280673814537188 0.00062270934978148388 0.00000000099999999980 0.00000000099999999980 0.00000000099999999980 0.85103447591207326273 0.00000000099999999980 0.00000000099999999980 0.00000000099999999980 
0.00000000099999999995 0.00000000099999999995 0.00748617616519045830 0.07133072841199268599 0.00000000099999999995 0.00000000099999999995 0.00000000099999999995 0.90749506574390248481 0.00000000099999999995 0.00000000099999999995 0.01368802267891437892 
0.00000000099999999995 0.00000000099999999995 0.04885706558098782543 0.05031927267498319256 0.00000000099999999995 0.00000000099999999995 0.00000000099999999995 0.85529194244729711549 0.00000000099999999995 0.00000000099999999995 0.04553171229673196735 
0.00000000099999999944 0.99999999000000028282 0.00000000099999999944 0.00000000099999999944 0.00000000099999999944 0.00000000099999999944 0.00000000099999999944 0.00000000099999999944 0.00000000099999999944 0.00000000099999999944 0.00000000099999999944 
0.00000000099999999913 0.00000000099999999913 0.00000000099999999913 0.00000000099999999913 0.00000000099999999913 0.00000000099999999913 0.00000000099999999913 0.00000000099999999913 0.99999998999999994975 0.00000000099999999913 0.00000000099999999913 
0.00000000099999999877 0.99999999000000006077 0.00000000099999999877 0.00000000099999999877 0.00000000099999999877 0.00000000099999999877 0.00000000099999999877 0.00000000099999999877 0.00000000099999999877 0.00000000099999999877 0.00000000099999999877 
0.00000000099999999955 0.00000000099999999955 0.00000000099999999955 0.00000000099999999955 0.00000000099999999955 0.00000000099999999955 0.00000000099999999955 0.00000000099999999955 0.00000000099999999955 0.00000000099999999955 0.99999999000000006077 
0.00000000099999999985 0.00000000099999999985 0.11035012737626505308 0.02964298152110624029 0.00000000099999999985 0.00000000099999999985 0.00000000099999999985 0.86000688310262873859 0.00000000099999999985 0.00000000099999999985 0.00000000099999999985 
0.00000000099999999979 0.00000000099999999979 0.19765805600487559857 0.04299065342061438033 0.00000000099999999979 0.00000000099999999979 0.00000000099999999979 0.75935128257451001144 0.00000000099999999979 0.00000000099999999979 0.00000000099999999979 
0.00000000099999999902 0.00000000099999999902 0.00000000099999999902 0.00000000099999999902 0.00000000099999999902 0.00000000099999999902 0.00000000099999999902 0.00000000099999999902 0.99999998999999994975 0.00000000099999999902 0.00000000099999999902 
0.00000000099999999901 0.99999999000000017180 0.00000000099999999901 0.00000000099999999901 0.00000000099999999901 0.00000000099999999901 0.00000000099999999901 0.00000000099999999901 0.00000000099999999901 0.00000000099999999901 0.00000000099999999901 
0.00000000099999999889 0.99999999000000006077 0.00000000099999999889 0.00000000099999999889 0.00000000099999999889 0.00000000099999999889 0.00000000099999999889 0.00000000099999999889 0.00000000099999999889 0.00000000099999999889 0.00000000099999999889 
0.00654947221855122809 0.00000000099999999998 0.00000000099999999998 0.00887256487040501141 0.83583164927245534592 0.01999253787962656376 0.12159829802752197825 0.00715546895394135810 0.00000000099999999998 0.00000000477749861513 0.00000000099999999998 
0.00000000099999999980 0.00000000099999999980 0.20140903641888635578 0.00000000099999999980 0.00000000099999999980 0.00000000099999999980 0.00000000099999999980 0.79859095458111362120 0.00000000099999999980 0.00000000099999999980 0.00000000099999999980 
0.00000000099999999990 0.00000000099999999990 0.15771455763663025373 0.00000000099999999990 0.00000000099999999990 0.00000000099999999990 0.00000000099999999990 0.84228543336336980651 0.00000000099999999990 0.00000000099999999990 0.00000000099999999990 
0.00000000099999999950 0.00000000099999999950 0.00000000099999999950 0.00000000099999999950 0.00000000099999999950 0.00000000099999999950 0.00000000099999999950 0.00000000099999999950 0.99999999000000006077 0.00000000099999999950 0.00000000099999999950 
0.00000000099999999967 0.00000000099999999967 0.04155237136499027872 0.03362930613558135634 0.00000000099999999967 0.00000000099999999967 0.00000000099999999967 0.92481831449942841772 0.00000000099999999967 0.00000000099999999967 0.00000000099999999967 
0.00000000099999999904 0.99999999000000017180 0.00000000099999999904 0.00000000099999999904 0.00000000099999999904 0.00000000099999999904 0.00000000099999999904 0.00000000099999999904 0.00000000099999999904 0.00000000099999999904 0.00000000099999999904 
0.00000000099999999991 0.00000000099999999991 0.00000000099999999991 0.00000000099999999991 0.00000000099999999991 0.00000000099999999991 0.99999999000000006077 0.00000000099999999991 0.00000000099999999991 0.00000000099999999991 0.00000000099999999991 
0.00000000099999999938 0.00000000099999999938 0.00000000099999999938 0.00000000099999999938 0.00000000099999999938 0.00000000099999999938 0.00000000099999999938 0.00000000099999999938 0.00000000099999999938 0.00000000099999999938 0.99999999000000006077 
0.00000000099999999902 0.99999999000000028282 0.00000000099999999902 0.00000000099999999902 0.00000000099999999902 0.00000000099999999902 0.00000000099999999902 0.00000000099999999902 0.00000000099999999902 0.00000000099999999902 0.00000000099999999902 
0.00000000099999999985 0.00000000099999999985 0.17788907618705601665 0.01740588129911125118 0.00000000099999999985 0.00000000099999999985 0.00000000099999999985 0.80470503451383279536 0.00000000099999999985 0.00000000099999999985 0.00000000099999999985 
0.00000000099999999988 0.00000000099999999988 0.11748624884661515444 0.01904377490498067663 0.00000000099999999988 0.00000000099999999988 0.00000000099999999988 0.86346996824840416274 0.00000000099999999988 0.00000000099999999988 0.00000000099999999988 
0.00000000099999999987 0.00000000099999999987 0.19268492029821995826 0.00000000099999999987 0.00000000099999999987 0.00000000099999999987 0.00000000099999999987 0.80731507070177999097 0.00000000099999999987 0.00000000099999999987 0.00000000099999999987 
0.02899840505273850594 0.07239245090334814337 0.00000000099999999999 0.33599817213794308524 0.00000000099999999999 0.00000000201095322011 0.00058598623862243272 0.51262933992295678376 0.03860380461718000006 0.00000000099999999999 0.01079183611625785487 
0.00000000099999999917 0.00000000099999999917 0.00000000099999999917 0.00000000099999999917 0.00000000099999999917 0.00000000099999999917 0.00000000099999999917 0.00000000099999999917 0.99999998999999994975 0.00000000099999999917 0.00000000099999999917 
0.00000000099999999972 0.99999999000000017180 0.00000000099999999972 0.00000000099999999972 0.00000000099999999972 0.00000000099999999972 0.00000000099999999972 0.00000000099999999972 0.00000000099999999972 0.00000000099999999972 0.00000000099999999972 
0.00000000099999999962 0.00000000099999999962 0.00000000099999999962 0.00000000099999999962 0.00000000099999999962 0.00000000099999999962 0.00000000099999999962 0.00000000099999999962 0.00000000099999999962 0.00000000099999999962 0.99999998999999994975 
0.00000000099999999931 0.00000000099999999931 0.00000000099999999931 0.00000000099999999931 0.00000000099999999931 0.00000000099999999931 0.00000000099999999931 0.00000000099999999931 0.00000000099999999931 0.00000000099999999931 0.99999998999999994975 
0.02337683099687998603 0.06051192163157993742 0.00000000099999999998 0.33451873399626758099 0.00000000099999999998 0.00000000099999999998 0.00000000099999999998 0.52821575900445039142 0.04426090014968463160 0.00000000099999999998 0.00911584922113740058 
0.00000000099999999939 0.00000000099999999939 0.00000000099999999939 0.00000000099999999939 0.00000000099999999939 0.00000000099999999939 0.00000000099999999939 0.00000000099999999939 0.99999998999999994975 0.00000000099999999939 0.00000000099999999939 
0.00000000099999999998 0.00000000099999999998 0.02221766000782647230 0.05814626112049484097 0.00000000099999999998 0.00674650379542733603 0.00001236546152097818 0.88384978442048311997 0.00000000099999999998 0.00000000099999999998 0.02902742019424733519 
0.00000000099999999884 0.99999999000000006077 0.00000000099999999884 0.00000000099999999884 0.00000000099999999884 0.00000000099999999884 0.00000000099999999884 0.00000000099999999884 0.00000000099999999884 0.00000000099999999884 0.00000000099999999884 
0.00000000099999999923 0.00000000099999999923 0.00000000099999999923 0.00000000099999999923 0.00000000099999999923 0.00000000099999999923 0.00000000099999999923 0.00000000099999999923 0.99999998999999994975 0.00000000099999999923 0.00000000099999999923 
0.00000000099999999930 0.00000000099999999930 0.00000000099999999930 0.00000000099999999930 0.00000000099999999930 0.00000000099999999930 0.00000000099999999930 0.00000000099999999930 0.99999998999999994975 0.00000000099999999930 0.00000000099999999930 
0.00000000099999999988 0.00000000099999999988 0.00000000099999999988 0.00000000099999999988 0.00000000099999999988 0.00000000099999999988 0.99999999000000006077 0.00000000099999999988 0.00000000099999999988 0.00000000099999999988 0.00000000099999999988 
0.00000000099999999940 0.00000000099999999940 0.99999999000000017180 0.00000000099999999940 0.00000000099999999940 0.00000000099999999940 0.00000000099999999940 0.00000000099999999940 0.00000000099999999940 0.00000000099999999940 0.00000000099999999940 
0.00000000099999999963 0.00000000099999999963 0.99999999000000017180 0.00000000099999999963 0.00000000099999999963 0.00000000099999999963 0.00000000099999999963 0.00000000099999999963 0.00000000099999999963 0.00000000099999999963 0.00000000099999999963 
0.00000000099999999970 0.00000000099999999970 0.05918405893016428360 0.04986494384409936170 0.00000000099999999970 0.00000000099999999970 0.00000000099999999970 0.89095098922573645606 0.00000000099999999970 0.00000000099999999970 0.00000000099999999970 
0.00000000099999999982 0.00000000099999999982 0.15163809659233706828 0.02803460386237252924 0.00000000099999999982 0.00000000099999999982 0.00000000099999999982 0.82032729154529038240 0.00000000099999999982 0.00000000099999999982 0.00000000099999999982 
0.00000000099999999933 0.99999999000000028282 0.00000000099999999933 0.00000000099999999933 0.00000000099999999933 0.00000000099999999933 0.00000000099999999933 0.00000000099999999933 0.00000000099999999933 0.00000000099999999933 0.00000000099999999933 
0.00000000099999999919 0.99999999000000017180 0.00000000099999999919 0.00000000099999999919 0.00000000099999999919 0.00000000099999999919 0.00000000099999999919 0.00000000099999999919 0.00000000099999999919 0.00000000099999999919 0.00000000099999999919 
0.00000000099999999950 0.00000000099999999950 0.00000000099999999950 0.00000000099999999950 0.00000000099999999950 0.00000000099999999950 0.00000000099999999950 0.00000000099999999950 0.00000000099999999950 0.00000000099999999950 0.99999999000000006077 
0.00000000099999999990 0.00000000099999999990 0.15152464154591657741 0.09083974865030289281 0.00000000099999999990 0.00000000099999999990 0.00000000099999999990 0.71640123503470853894 0.00000000099999999990 0.00000000099999999990 0.04123436776907205698 
0.00000000099999999971 0.00000000099999999971 0.27847913763866044556 0.03532234219152425442 0.00000000099999999971 0.00000000099999999971 0.00000000099999999971 0.68619851216981531117 0.00000000099999999971 0.00000000099999999971 0.00000000099999999971 
0.00000000099999999997 0.00000000099999999997 0.00000000099999999997 0.03015554771818736157 0.00000000099999999997 0.00000000099999999997 0.20711470605400264522 0.75799809516821203825 0.00000000099999999997 0.00000118336403534380 0.00473046169556267868 
0.00000000099999999989 0.03543349007114965366 0.00000000099999999989 0.00000000099999999989 0.02446276252467294993 0.00000000099999999989 0.92514158718364924994 0.00000000099999999989 0.00000000099999999989 0.01496215322052826986 0.00000000099999999989 
0.00000000099999999976 0.00000000099999999976 0.01487442851060224829 0.00000000099999999976 0.00000000099999999976 0.00000000099999999976 0.00000000099999999976 0.03240934261226891683 0.95271622087712881655 0.00000000099999999976 0.00000000099999999976 
0.00000000099999999970 0.19002738640848845786 0.00000000099999999970 0.00000000099999999970 0.00000000099999999970 0.00000000099999999970 0.00000000099999999970 0.00000000099999999970 0.80997260459151154688 0.00000000099999999970 0.00000000099999999970 
0.00000000099999999994 0.00000000099999999994 0.00000000099999999994 0.00000000099999999994 0.00000000099999999994 0.00000000099999999994 0.89583834741876589014 0.00000000099999999994 0.07927460604128121202 0.02488703853995293674 0.00000000099999999994 
0.00000000099999999991 0.12444162134285598198 0.01456922433524613508 0.04665325997704444089 0.00000000099999999991 0.00000000099999999991 0.00000000099999999991 0.81433588734485351512 0.00000000099999999991 0.00000000099999999991 0.00000000099999999991 
0.00000000099999999998 0.00000000099999999998 0.00000000099999999998 0.00000000099999999998 0.68400040124683947340 0.06366555894208926480 0.13672268928306194335 0.08312439691949773113 0.00000000099999999998 0.02464116567352340331 0.00784578293498814673 
0.00000000099999999968 0.00000000099999999968 0.11045978533511999209 0.05817590643036257836 0.00000000099999999968 0.00000000099999999968 0.00000000099999999968 0.83136430023451746152 0.00000000099999999968 0.00000000099999999968 0.00000000099999999968 
0.00000000099999999965 0.00000000099999999965 0.17981830160208428504 0.08993835499908101050 0.00000000099999999965 0.00000000099999999965 0.00000000099999999965 0.73024333539883468092 0.00000000099999999965 0.00000000099999999965 0.00000000099999999965 
0.00000000099999999988 0.03181697408093560331 0.92274740133335908521 0.00000000099999999988 0.00000000099999999988 0.00000000099999999988 0.00000000099999999988 0.02712567148712072621 0.01830994609858465835 0.00000000099999999988 0.00000000099999999988 
0.00000000099999999985 0.15534930926649048732 0.07910566635126982382 0.05546437869894121214 0.00000000099999999985 0.00000000099999999985 0.00000000099999999985 0.71008063868329840407 0.00000000099999999985 0.00000000099999999985 0.00000000099999999985 
0.00000000099999999979 0.00000000099999999979 0.00000000099999999979 0.00000000099999999979 0.00000000099999999979 0.00000000099999999979 0.97727833346675230253 0.00000000099999999979 0.00000000099999999979 0.02272165753324763282 0.00000000099999999979 
0.00000000099999999988 0.00000000099999999988 0.00124353489183974954 0.01081313915700368722 0.00000000099999999988 0.00000000099999999988 0.00000000099999999988 0.98794331795115664097 0.00000000099999999988 0.00000000099999999988 0.00000000099999999988 
0.04030404404896089504 0.00274508316126352570 0.00000000100000000000 0.00000000100000000000 0.56275778200494441794 0.01225228830004285868 0.09020362195765448121 0.00217938000058518237 0.15632642193832022026 0.12691736266936903821 0.00631401391885933524 
0.00000000099999999993 0.11590779876241130708 0.18970822725204949943 0.02275636715852429048 0.00000000099999999993 0.00000000099999999993 0.00000000099999999993 0.67162412811126370737 0.00000000099999999993 0.00000000099999999993 0.00000347271575118926 
0.00000000099999999972 0.00000000099999999972 0.00583220728216047278 0.04260400811169368085 0.00000000099999999972 0.00000000099999999972 0.00000000099999999972 0.00000000099999999972 0.95156377660614599456 0.00000000099999999972 0.00000000099999999972 
0.00000000099999999997 0.32302254820811809877 0.00000000099999999997 0.00000000099999999997 0.00000000099999999997 0.00000000099999999997 0.00000000099999999997 0.67697744279188176719 0.00000000099999999997 0.00000000099999999997 0.00000000099999999997 
0.00000000099999999997 0.00000000099999999997 0.22920780620691710849 0.00725786184839896393 0.01399786848672613174 0.01438507714138545675 0.00000000099999999997 0.73515138031657223383 0.00000000099999999997 0.00000000099999999997 0.00000000099999999997 
0.00000000099999999987 0.00000000099999999987 0.00301685918968179435 0.04985382401894532939 0.00000000099999999987 0.00000000099999999987 0.00000000099999999987 0.94712930879137291473 0.00000000099999999987 0.00000000099999999987 0.00000000099999999987 
0.00000000099999999966 0.00000000099999999966 0.15660613406486803556 0.08552322012753355018 0.00000000099999999966 0.00000000099999999966 0.00000000099999999966 0.75787063780759844622 0.00000000099999999966 0.00000000099999999966 0.00000000099999999966 
0.00000000099999999979 0.00000000099999999979 0.00000000099999999979 0.00000000099999999979 0.00000000099999999979 0.00000000099999999979 0.00000000099999999979 0.00000000099999999979 0.99999999000000006077 0.00000000099999999979 0.00000000099999999979 
0.00000000099999999992 0.00000000099999999992 0.00000000099999999992 0.00000000099999999992 0.00000000099999999992 0.00000000099999999992 0.99999998999999994975 0.00000000099999999992 0.00000000099999999992 0.00000000099999999992 0.00000000099999999992 
0.00000000099999999899 0.00000000099999999899 0.00000000099999999899 0.00000000099999999899 0.00000000099999999899 0.00000000099999999899 0.00000000099999999899 0.00000000099999999899 0.99999998999999994975 0.00000000099999999899 0.00000000099999999899 
0.00000000099999999986 0.00000000099999999986 0.17848155013717398321 0.01666356953495017751 0.00000000099999999986 0.00000000099999999986 0.00000000099999999986 0.69865240528897409877 0.00000000099999999986 0.00000000099999999986 0.10620246803890180665 
0.00000000099999999983 0.00000000099999999983 0.16974745791346218526 0.00000000099999999983 0.00000000099999999983 0.00000000099999999983 0.00000000099999999983 0.83025253308653779172 0.00000000099999999983 0.00000000099999999983 0.00000000099999999983 
0.00000000099999999996 0.01189260717723966167 0.05302350630002287263 0.05759639228562338231 0.00000000099999999996 0.00000000099999999996 0.00000000099999999996 0.85401076297862366093 0.00000000099999999996 0.00000000099999999996 0.02347672525849050368 
0.00000000099999999928 0.00000000099999999928 0.99999999000000017180 0.00000000099999999928 0.00000000099999999928 0.00000000099999999928 0.00000000099999999928 0.00000000099999999928 0.00000000099999999928 0.00000000099999999928 0.00000000099999999928 
0.00000000099999999988 0.00000000099999999988 0.13362153547911517770 0.01731292688165785021 0.00000000099999999988 0.00000000099999999988 0.00000000099999999988 0.84906552963922710120 0.00000000099999999988 0.00000000099999999988 0.00000000099999999988 
0.00000000099999999996 0.00000000099999999996 0.00000000099999999996 0.00000000099999999996 0.00000000099999999996 0.00000000099999999996 0.89240087997289752053 0.00000000099999999996 0.09901727472496325844 0.00000000099999999996 0.00858183730213932586 
0.00000000099999999984 0.13295653669739082581 0.17556972012133226224 0.02561611845180406313 0.00000000099999999984 0.00000000099999999984 0.00000000099999999984 0.66585761772947282822 0.00000000099999999984 0.00000000099999999984 0.00000000099999999984 
0.00000000099999999995 0.00000000099999999995 0.12135196687187278786 0.00000000099999999995 0.00000000099999999995 0.00000000099999999995 0.08596022181146617536 0.77803628287699500010 0.00000000099999999995 0.01001427386399260204 0.00463724857567347163 
0.00000000099999999983 0.00000000099999999983 0.00000000099999999983 0.00000000099999999983 0.00000445010125035621 0.00000000099999999983 0.96099624605715627812 0.00000000099999999983 0.00000000099999999983 0.03899929584159329832 0.00000000099999999983 
0.00000000099999999979 0.00000000099999999979 0.11350197763271616114 0.00000000099999999979 0.00000000099999999979 0.00000000099999999979 0.00000000099999999979 0.00000000099999999979 0.00000000099999999979 0.00000000099999999979 0.88649801336728395462 
0.02410505182426926282 0.00000000099999999994 0.15337682862231977188 0.03975934235986935961 0.00000000099999999994 0.00000000099999999994 0.00000000099999999994 0.78275877019354167530 0.00000000099999999994 0.00000000099999999994 0.00000000099999999994 
0.00000000099999999992 0.00000000099999999992 0.13083279484972931694 0.07863406174594310405 0.00000000099999999992 0.00000000099999999992 0.00000000099999999992 0.74657087513222797348 0.00000000099999999992 0.00000000099999999992 0.04396226127209963697 
0.00000000099999999992 0.00000000099999999992 0.07951135080934190746 0.08007567524712970453 0.00000000099999999992 0.00000000099999999992 0.00000000099999999992 0.81471905868771077319 0.00000000099999999992 0.00000000099999999992 0.02569390825581767054 
0.00000000099999999969 0.95647871560037600602 0.00000000099999999969 0.00000000099999999969 0.00000000099999999969 0.00000000099999999969 0.00000000099999999969 0.00000000099999999969 0.00000000099999999969 0.00000000099999999969 0.04352127539962415831 
0.00000000099999999923 0.00000000099999999923 0.00000000099999999923 0.00000000099999999923 0.00000000099999999923 0.00000000099999999923 0.00000000099999999923 0.00000000099999999923 0.00000000099999999923 0.00000000099999999923 0.99999999000000006077 
0.00000000099999999957 0.00000000099999999957 0.00000000099999999957 0.00000000099999999957 0.00000000099999999957 0.00000000099999999957 0.00000000099999999957 0.00000000099999999957 0.00000000099999999957 0.00000000099999999957 0.99999998999999994975 
0.00000000099999999958 0.00000000099999999958 0.00000000099999999958 0.00000000099999999958 0.00000000099999999958 0.00000000099999999958 0.00000000099999999958 0.00000000099999999958 0.00000000099999999958 0.00000000099999999958 0.99999999000000006077 
0.00000000099999999990 0.00000000099999999990 0.00000000099999999990 0.00000000099999999990 0.00000000099999999990 0.00000000099999999990 0.00000000099999999990 0.01122366384376530940 0.00000000099999999990 0.00000000099999999990 0.98877632715623475779 
0.00000000099999999958 0.00000000099999999958 0.00000000099999999958 0.00000000099999999958 0.00000000099999999958 0.00000000099999999958 0.00000000099999999958 0.00000000099999999958 0.00000000099999999958 0.00000000099999999958 0.99999998999999994975 
0.00000000099999999982 0.00000000099999999982 0.00000000099999999982 0.00000000099999999982 0.00000000099999999982 0.00000000099999999982 0.00000000099999999982 0.00000000099999999982 0.00000000099999999982 0.00000000099999999982 0.99999998999999994975 
0.00000000099999999942 0.00000000099999999942 0.00000000099999999942 0.00000000099999999942 0.00000000099999999942 0.00000000099999999942 0.00000000099999999942 0.00000000099999999942 0.00000000099999999942 0.00000000099999999942 0.99999998999999994975 
0.00000000099999999925 0.00000000099999999925 0.00000000099999999925 0.00000000099999999925 0.00000000099999999925 0.00000000099999999925 0.00000000099999999925 0.00000000099999999925 0.00000000099999999925 0.00000000099999999925 0.99999998999999994975 
0.00000000099999999982 0.00000000099999999982 0.00000000099999999982 0.00000000099999999982 0.00000000099999999982 0.00000000099999999982 0.00000000099999999982 0.00000000099999999982 0.00000000099999999982 0.00000000099999999982 0.99999999000000006077 
0.00000000099999999945 0.00000000099999999945 0.00000000099999999945 0.00000000099999999945 0.00000000099999999945 0.00000000099999999945 0.00000000099999999945 0.00000000099999999945 0.00000000099999999945 0.00000000099999999945 0.99999999000000006077 
0.00000000099999999991 0.00358013605502155961 0.00000000099999999991 0.00000000099999999991 0.00000000099999999991 0.00000000099999999991 0.00000000099999999991 0.00000000099999999991 0.00000000099999999991 0.00000000099999999991 0.99641985494497853360 
0.00000000099999999992 0.00000000099999999992 0.00000000099999999992 0.00796423448033457826 0.00000000099999999992 0.00000000099999999992 0.82566685799579153660 0.00000000099999999992 0.00000000099999999992 0.11471967445548382492 0.05164922606839026514 
0.00000000099999999936 0.00000000099999999936 0.00000000099999999936 0.00000000099999999936 0.00000000099999999936 0.00000000099999999936 0.00000000099999999936 0.00000000099999999936 0.00000000099999999936 0.00000000099999999936 0.99999999000000006077 
0.00000000099999999928 0.00000000099999999928 0.00000000099999999928 0.00000000099999999928 0.00000000099999999928 0.00000000099999999928 0.00000000099999999928 0.00000000099999999928 0.00000000099999999928 0.00000000099999999928 0.99999999000000006077 
0.00000000099999999955 0.00000000099999999955 0.00000000099999999955 0.00000000099999999955 0.00000000099999999955 0.00000000099999999955 0.00000000099999999955 0.00000000099999999955 0.00000000099999999955 0.00000000099999999955 0.99999998999999994975 
0.00000000099999999955 0.00000000099999999955 0.00000000099999999955 0.00000000099999999955 0.00000000099999999955 0.00000000099999999955 0.00000000099999999955 0.00000000099999999955 0.00000000099999999955 0.00000000099999999955 0.99999998999999994975 
0.00000000099999999944 0.00000000099999999944 0.00000000099999999944 0.00000000099999999944 0.00000000099999999944 0.00000000099999999944 0.00000000099999999944 0.00000000099999999944 0.00000000099999999944 0.00000000099999999944 0.99999998999999994975 
0.00000000099999999960 0.00000000099999999960 0.00000000099999999960 0.00000000099999999960 0.00000000099999999960 0.00000000099999999960 0.00000000099999999960 0.00000000099999999960 0.00000000099999999960 0.00000000099999999960 0.99999999000000006077 
0.00000000099999999926 0.00000000099999999926 0.00000000099999999926 0.00000000099999999926 0.00000000099999999926 0.00000000099999999926 0.00000000099999999926 0.00000000099999999926 0.00000000099999999926 0.00000000099999999926 0.99999998999999994975 
0.00000000099999999937 0.00000000099999999937 0.00000000099999999937 0.00000000099999999937 0.00000000099999999937 0.00000000099999999937 0.00000000099999999937 0.00000000099999999937 0.00000000099999999937 0.00000000099999999937 0.99999998999999994975 
0.00000000099999999940 0.00000000099999999940 0.00000000099999999940 0.00000000099999999940 0.00000000099999999940 0.00000000099999999940 0.00000000099999999940 0.00000000099999999940 0.00000000099999999940 0.00000000099999999940 0.99999999000000006077 
0.00000000099999999956 0.00000000099999999956 0.00000000099999999956 0.00000000099999999956 0.00000000099999999956 0.99999999000000017180 0.00000000099999999956 0.00000000099999999956 0.00000000099999999956 0.00000000099999999956 0.00000000099999999956 
0.00000000099999999993 0.00000000099999999993 0.00000000099999999993 0.00000000099999999993 0.30170730081837898728 0.03908395733458294025 0.27878216985856990595 0.00000000099999999993 0.00000000099999999993 0.38042654501631201214 0.00000002097215634085 
0.00000000099999999957 0.00000000099999999957 0.00000000099999999957 0.00000000099999999957 0.00000000099999999957 0.99999999000000017180 0.00000000099999999957 0.00000000099999999957 0.00000000099999999957 0.00000000099999999957 0.00000000099999999957 
0.00000000099999999992 0.00000000099999999992 0.00000000099999999992 0.00000000099999999992 0.87345529512351582913 0.01700483540658760673 0.05440485910783673246 0.00000000099999999992 0.00000000099999999992 0.05513500336205989089 0.00000000099999999992 
0.00000000099999999979 0.00000000099999999979 0.00000000099999999979 0.99999999000000006077 0.00000000099999999979 0.00000000099999999979 0.00000000099999999979 0.00000000099999999979 0.00000000099999999979 0.00000000099999999979 0.00000000099999999979 
0.00000000099999999979 0.00000000099999999979 0.00000000099999999979 0.00000000099999999979 0.91267925568485652743 0.00000000099999999979 0.00827689665287065397 0.00000000099999999979 0.00000000099999999979 0.07904383966227285230 0.00000000099999999979 
0.00000000099999999982 0.00000000099999999982 0.00000000099999999982 0.00000000099999999982 0.00000000099999999982 0.00000000099999999982 0.99999998999999994975 0.00000000099999999982 0.00000000099999999982 0.00000000099999999982 0.00000000099999999982 
0.00000000099999999977 0.00000000099999999977 0.00000000099999999977 0.00000000099999999977 0.00000000099999999977 0.00000000099999999977 0.99999998999999994975 0.00000000099999999977 0.00000000099999999977 0.00000000099999999977 0.00000000099999999977 
0.00000000099999999985 0.00000000099999999985 0.00000000099999999985 0.00000000099999999985 0.00000000099999999985 0.00000000099999999985 0.96874054945472365397 0.00000000099999999985 0.00000000099999999985 0.00000000099999999985 0.03125944154527628832 
0.00000000099999999962 0.00000000099999999962 0.00000000099999999962 0.00000000099999999962 0.00000000099999999962 0.99999999000000017180 0.00000000099999999962 0.00000000099999999962 0.00000000099999999962 0.00000000099999999962 0.00000000099999999962 
0.00166420661521664943 0.00000000099999999995 0.00000000099999999995 0.00000000099999999995 0.09255084644260046234 0.03189012763529320421 0.63577256614295396542 0.00798931802825211118 0.00000000099999999995 0.19980548742485357283 0.03032744371083009524 
0.00000000099999999979 0.00000000099999999979 0.24184449061290252958 0.01132301316395191264 0.00000000099999999979 0.00000000099999999979 0.00000000099999999979 0.74683248822314551862 0.00000000099999999979 0.00000000099999999979 0.00000000099999999979 
0.00000000099999999979 0.00000000099999999979 0.00000000099999999979 0.00000000099999999979 0.00000000099999999979 0.00000000099999999979 0.99999998999999994975 0.00000000099999999979 0.00000000099999999979 0.00000000099999999979 0.00000000099999999979 
0.00000000099999999976 0.00000000099999999976 0.00000000099999999976 0.00000000099999999976 0.11190590973390024399 0.00000000099999999976 0.00000000099999999976 0.00000000099999999976 0.00000000099999999976 0.88809408126609967749 0.00000000099999999976 
0.00000000099999999965 0.00000000099999999965 0.00000000099999999965 0.00000000099999999965 0.00000000099999999965 0.99999999000000006077 0.00000000099999999965 0.00000000099999999965 0.00000000099999999965 0.00000000099999999965 0.00000000099999999965 
0.00000013432131753103 0.00000000099999999989 0.00000000099999999989 0.00000000099999999989 0.85080148437485170199 0.02594349958378540377 0.09966665224318412009 0.00000000099999999989 0.00000000099999999989 0.02358822347686124685 0.00000000099999999989 
0.00000000099999999988 0.00000000099999999988 0.00000000099999999988 0.00000000099999999988 0.00000000099999999988 0.00000000099999999988 0.97764392177099024295 0.00000000099999999988 0.00000000099999999988 0.00000000099999999988 0.02235606922900969240 
0.00000000099999999977 0.00000000099999999977 0.22585186299075593608 0.00228397464361509246 0.00000000099999999977 0.00000000099999999977 0.00000000099999999977 0.77186415436562894055 0.00000000099999999977 0.00000000099999999977 0.00000000099999999977 
0.00000000099999999977 0.00000000099999999977 0.22627002943174528982 0.00000000099999999977 0.00000000099999999977 0.00000000099999999977 0.00000000099999999977 0.77372996156825468717 0.00000000099999999977 0.00000000099999999977 0.00000000099999999977 
0.00000000099999999972 0.00000000099999999972 0.00000000099999999972 0.00000000099999999972 0.00000000099999999972 0.00000000099999999972 0.00000000099999999972 0.00000000099999999972 0.00000000099999999972 0.99999998999999994975 0.00000000099999999972 
0.00000000099999999973 0.00000000099999999973 0.00000000099999999973 0.00000000099999999973 0.00000000099999999973 0.99999999000000017180 0.00000000099999999973 0.00000000099999999973 0.00000000099999999973 0.00000000099999999973 0.00000000099999999973 
0.00000000099999999993 0.00000000099999999993 0.00865191632740524956 0.00000000099999999993 0.17123729219366462528 0.01361577212161139278 0.58935217589761779156 0.00000000099999999993 0.00000000099999999993 0.18684868802543050381 0.03029415043427037199 
0.00000000099999999986 0.00000000099999999986 0.00000000099999999986 0.00000000099999999986 0.83906625151238800608 0.01388588710648245086 0.07527743010942018753 0.00000000099999999986 0.00000000099999999986 0.07177042427170932104 0.00000000099999999986 
0.00000000099999999988 0.00000000099999999988 0.00000000099999999988 0.00000000099999999988 0.00000000099999999988 0.00000000099999999988 0.97009522039653117709 0.00000000099999999988 0.00000000099999999988 0.00000000099999999988 0.02990477060346880336 
0.00000000099999999978 0.00000000099999999978 0.24036995754663170732 0.00000005981886411647 0.00000000099999999978 0.00000000099999999978 0.00000000099999999978 0.75962997463450410152 0.00000000099999999978 0.00000000099999999978 0.00000000099999999978 
0.00000000099999999979 0.00000000099999999979 0.23211903396065128313 0.01398906352588733838 0.00000000099999999979 0.00000000099999999979 0.00000000099999999979 0.75389189451346139137 0.00000000099999999979 0.00000000099999999979 0.00000000099999999979 
0.00000000099999999971 0.00000000099999999971 0.00000000099999999971 0.99999999000000017180 0.00000000099999999971 0.00000000099999999971 0.00000000099999999971 0.00000000099999999971 0.00000000099999999971 0.00000000099999999971 0.00000000099999999971 
0.00000000099999999969 0.00000000099999999969 0.00000000099999999969 0.00000000099999999969 0.00000000099999999969 0.99999999000000017180 0.00000000099999999969 0.00000000099999999969 0.00000000099999999969 0.00000000099999999969 0.00000000099999999969 
0.00000000099999999974 0.00000000099999999974 0.00000000099999999974 0.00000000099999999974 0.00000000099999999974 0.99999999000000017180 0.00000000099999999974 0.00000000099999999974 0.00000000099999999974 0.00000000099999999974 0.00000000099999999974 
0.00000000099999999962 0.00000000099999999962 0.00000000099999999962 0.00000000099999999962 0.00000000099999999962 0.99999999000000017180 0.00000000099999999962 0.00000000099999999962 0.00000000099999999962 0.00000000099999999962 0.00000000099999999962 
0.00000000099999999969 0.00000000099999999969 0.00000000099999999969 0.00000000099999999969 0.00000000099999999969 0.99999999000000017180 0.00000000099999999969 0.00000000099999999969 0.00000000099999999969 0.00000000099999999969 0.00000000099999999969 
0.00364730892965702035 0.00000000099999999988 0.00000000099999999988 0.00000000099999999988 0.83357406305156822590 0.04056528705486545094 0.09214281475672729538 0.00000000099999999988 0.00000000099999999988 0.03007052020718202143 0.00000000099999999988 
0.00000000099999999964 0.00000000099999999964 0.00000000099999999964 0.00000000099999999964 0.00000000099999999964 0.00000000099999999964 0.00000000099999999964 0.00000000099999999964 0.00000000099999999964 0.99999999000000006077 0.00000000099999999964 
0.00000000099999999994 0.00000000099999999994 0.00000000099999999994 0.00000000099999999994 0.00000000099999999994 0.01651541076541592976 0.95274055662557755042 0.00000000099999999994 0.00000000099999999994 0.00000000099999999994 0.03074402460900670792 
0.00000000099999999983 0.00000000099999999983 0.00000000099999999983 0.00000000099999999983 0.84669841260750988710 0.00000079389656779076 0.05999192171849494076 0.00000000099999999983 0.00000000099999999983 0.09330886477742739160 0.00000000099999999983 
0.00000000099999999976 0.00000000099999999976 0.26194163292291167133 0.00364293784002570759 0.00000000099999999976 0.00000000099999999976 0.00000000099999999976 0.73441542123706249345 0.00000000099999999976 0.00000000099999999976 0.00000000099999999976 
0.00000000099999999992 0.00000000099999999992 0.00000000099999999992 0.00000000099999999992 0.00000000099999999992 0.00000000099999999992 0.97896122781958738734 0.00000000099999999992 0.00000000099999999992 0.00000000099999999992 0.02103876318041253066 
0.00000000099999999986 0.00000000099999999986 0.22111141038472870157 0.00692017148572975343 0.00000000099999999986 0.00000000099999999986 0.00000000099999999986 0.77196841012954153793 0.00000000099999999986 0.00000000099999999986 0.00000000099999999986 
0.00000000099999999972 0.00000000099999999972 0.24388688768190161515 0.00000000099999999972 0.00000000099999999972 0.00000000099999999972 0.00000000099999999972 0.75611310331809833407 0.00000000099999999972 0.00000000099999999972 0.00000000099999999972 
0.00000000099999999979 0.00000000099999999979 0.00000000099999999979 0.97911202867866808930 0.00000000099999999979 0.00000000099999999979 0.00000000099999999979 0.02088796232133206116 0.00000000099999999979 0.00000000099999999979 0.00000000099999999979 
