0.00165750908469877722 0.99588068090231629537 0.00246181001298488231 
0.00244533228659643683 0.99755466671340342621 0.00000000100000000000 
0.00000000099999999999 0.20733170277632093081 0.79266829622367895869 
0.00906251170185744248 0.99093748729814268295 0.00000000099999999999 
0.04478186218185219170 0.95521813681814771169 0.00000000099999999998 
0.04896514720437638440 0.95103485179562352592 0.00000000099999999999 
0.00000000099999999998 0.97930851344724534346 0.02069148555275457033 
0.00000000099999999997 0.99999999799999994554 0.00000000099999999997 
0.00000000099999999998 0.94270529645641087946 0.05729470254358928066 
0.00000000099999999997 0.99999999799999994554 0.00000000099999999997 
0.00000000099999999997 0.99999999800000005656 0.00000000099999999997 
0.01992540145663530132 0.98007459754336467839 0.00000000099999999999 
0.03222180785918605378 0.96777819114081398144 0.00000000099999999999 
0.05529762396566574589 0.94470237503433418524 0.00000000099999999999 
0.00000000099999999999 0.20849735613621242503 0.79150264286378757550 
0.00118461971253219214 0.99881537928746777499 0.00000000099999999998 
0.00000594727501329875 0.99999405172498667671 0.00000000099999999997 
0.01433566153740371309 0.98566433746259618509 0.00000000099999999998 
0.00002453525742436725 0.99997546374257550994 0.00000000099999999998 
0.01864168051003603846 0.97293564082265104886 0.00842267866731293176 
0.00000000099999999998 0.97924775468842517601 0.02075224431157482452 
0.02124237812484540411 0.97875761816595374665 0.00000000370920080086 
0.04188976358119037013 0.94907079478844857956 0.00903944163036100173 
0.00000000099999999997 0.99999999799999994554 0.00000000099999999997 
0.00000000099999999992 0.99999999800000005656 0.00000000099999999992 
0.00000000099999999996 0.99999999799999994554 0.00000000099999999996 
0.05081162326310503102 0.94918837573689496256 0.00000000099999999998 
0.00000000099999999995 0.99999999799999994554 0.00000000099999999995 
0.03336189333951788266 0.03168342738890507493 0.93495467927157704935 
0.00000000099999999999 0.98152685888028867733 0.01847314011971139952 
0.02258903517990658999 0.96783355053947528468 0.00957741428061809237 
0.00501243027139677572 0.99498756872860316669 0.00000000099999999999 
0.00317220085297279441 0.97815699395137301053 0.01867080519565424493 
0.11100364366551117301 0.88899635533448884139 0.00000000099999999998 
0.00000000099999999998 0.99426118611239966416 0.00573881288760049423 
0.00000000099999999997 0.99999999799999994554 0.00000000099999999997 
0.03525221048749521691 0.96474778851250475586 0.00000000099999999999 
0.00000000099999999990 0.99999999799999994554 0.00000000099999999990 
0.00030188802839565485 0.99969811097160421465 0.00000000099999999999 
0.00507738036902933773 0.99426884989073871512 0.00065376974023199474 
0.00000000099999999997 0.99999999800000005656 0.00000000099999999997 
0.02142843897466986669 0.89742061816167906230 0.08115094286365107101 
0.03693678872786803485 0.00000000099999999998 0.96306321027213193098 
0.00228144638437782809 0.98034808904326908863 0.01737046457235310107 
0.05248795003486829425 0.94751204896513163689 0.00000000099999999998 
0.03544078751666714100 0.96455921148333290116 0.00000000099999999999 
0.02840027019041301004 0.00000000099999999999 0.97159972880958689334 
0.12355253558630178989 0.00000035150387357314 0.87644711290982457719 
0.13710453674165040683 0.00457384638939828999 0.85832161686895136476 
0.03617638346675992184 0.00000000099999999999 0.96382361553323991910 
0.08281711423424778507 0.00386684323988875471 0.91331604252586351400 
0.01395464840944250079 0.00000000099999999999 0.98604535059055753443 
0.02982468648985368495 0.00000000099999999998 0.97017531251014621496 
0.08226883065579540522 0.00056336234691449548 0.91716780699729005821 
0.01839243249836915520 0.00000000099999999998 0.98160756650163094594 
0.02896973702977139950 0.00000000099999999999 0.97103026197022856980 
0.07436735647109243841 0.01970325111378140245 0.90592939241512615567 
0.01967325636462297078 0.00000000099999999999 0.98032674263537700199 
0.04258365092957611120 0.95034541948486506158 0.00707092958555878993 
0.06919570869850313888 0.00000000099999999999 0.93080429030149691716 
0.06634088050825046046 0.00000000099999999998 0.93365911849174954007 
0.06346504939990126049 0.00000000099999999999 0.93653494960009886494 
0.05770615581617796752 0.00000000099999999999 0.94229384318382203301 
0.06578137266786959758 0.00000000099999999999 0.93421862633213048621 
0.05246602943143634928 0.00000000099999999999 0.94753396956856372757 
0.03373076593336316736 0.96022674856500467300 0.00604248550163215183 
0.04110348453037063199 0.95889651446962931303 0.00000000099999999999 
0.00529191221071890257 0.99470522072139144765 0.00000286706788960249 
0.00000000099999999998 0.94572141949104882030 0.05427857950895114553 
0.00000000099999999999 0.98610886426740562705 0.01389113473259445154 
0.00000000099999999994 0.99999999800000005656 0.00000000099999999994 
0.00000000099999999989 0.99999999799999994554 0.00000000099999999989 
0.00000000099999999997 0.99999999799999994554 0.00000000099999999997 
0.00000000099999999997 0.99999999800000005656 0.00000000099999999997 
0.06744206167128688478 0.93255793732871306023 0.00000000099999999999 
0.00977172646537879074 0.99022765540368085091 0.00000061813094021386 
0.04827129627750676583 0.94256573226046647118 0.00916297146202675432 
0.00000000099999999994 0.99999999800000005656 0.00000000099999999994 
0.02875688634147410827 0.00000000099999999998 0.97124311265852592001 
0.00000000099999999997 0.99999999800000005656 0.00000000099999999997 
0.03345995127974663030 0.96654004772025325920 0.00000000100000000000 
0.00000000099999999990 0.99999999799999994554 0.00000000099999999990 
0.00000000099999999997 0.99999999799999994554 0.00000000099999999997 
0.00000000099999999996 0.99999999799999994554 0.00000000099999999996 
0.00000000099999999999 0.99999999800000005656 0.00000000099999999999 
0.03959747224074474520 0.96040252675925519288 0.00000000099999999998 
0.01402097775756099354 0.01040984995447403159 0.97556917228796502517 
0.00000000099999999992 0.99999999799999994554 0.00000000099999999992 
0.00000000099999999992 0.99999999800000005656 0.00000000099999999992 
0.00698641364440142666 0.99301358535559847152 0.00000000099999999999 
0.00000000099999999999 0.02775008573309822868 0.97224991326690168858 
0.00561855173009674289 0.00000000099999999998 0.99438144726990329580 
0.00000000099999999995 0.00000000099999999995 0.99999999800000005656 
0.00000000099999999998 0.24712674280914420644 0.75287325619085576633 
0.00000000099999999997 0.25186644536559205099 0.74813355363440781076 
0.00000000099999999995 0.99999999800000005656 0.00000000099999999995 
0.00867327481799884566 0.00000000099999999999 0.99132672418200118436 
0.01654423771069940541 0.00000000099999999999 0.98345576128930056736 
0.00804586507782887456 0.00000000099999999998 0.99195413392217113291 
0.00000000099999999997 0.00000000099999999997 0.99999999800000005656 
0.00000000099999999994 0.00000000099999999994 0.99999999799999994554 
0.00000000099999999997 0.25595647766424256542 0.74404352133575746286 
0.00000000099999999998 0.24931211114233023385 0.75068788785766971117 
0.00413057268901552335 0.00000000099999999998 0.99586942631098451795 
0.00000000099999999993 0.00000000099999999993 0.99999999800000005656 
0.00005600177920680990 0.00000000099999999998 0.99994399722079319037 
0.00436097717464442158 0.00000000100000000000 0.99563902182535546359 
0.01647082861826186864 0.00000000100000000000 0.98352917038173814923 
0.00000000099999999999 0.02166314389476406421 0.97833685510523604734 
0.01015352386863527419 0.00000000099999999999 0.98984647513136470032 
0.00536845246868868347 0.00000000100000000000 0.99463154653131136129 
0.00000022726709874936 0.00000000099999999998 0.99999977173290133248 
0.03188165599579836917 0.00000000099999999998 0.96811834300420163135 
0.00116763730229079311 0.04598870603810392005 0.95284365665960524261 
0.09107267952587627668 0.01170864892584925002 0.89721867154827439350 
0.02954282291582659842 0.00000000099999999998 0.97045717608417347844 
0.00000000100000000000 0.08285933650153984309 0.91714066249846015744 
0.00000001395619572378 0.03970066103892900405 0.96029932500487513725 
0.00000079969811323266 0.05055827396898064652 0.94944092633290610994 
0.05156781060042158610 0.00000028012679526937 0.94843190927278320235 
0.02658759915617423322 0.00000000099999999998 0.97341239984382577077 
0.02241605145247051178 0.00000000099999999999 0.97758394754752953038 
0.00000000099999999998 0.16954137151876505496 0.83045862748123489006 
0.00000000099999999999 0.09667169431018332593 0.90332830468981673011 
0.08372167809864052013 0.00983682946163696829 0.90644149243972249597 
0.00124201028832871701 0.06131684139580556581 0.93744114831586577985 
0.00000000099999999999 0.04371857741396015240 0.95628142158603979261 
0.00000000099999999997 0.00000000099999999997 0.99999999799999994554 
0.00000000099999999998 0.19204035229658125705 0.80795964670341868796 
0.00000000099999999998 0.17733027737275044999 0.82266972162724949502 
0.00000000099999999998 0.16994512946111348106 0.83005486953888663049 
0.00262466073925636447 0.06886410119562712262 0.92851123806511659531 
0.00455237468876041815 0.05581208674785188839 0.93963553856338766224 
0.00000014219874663524 0.00000000099999999998 0.99999985680125336174 
0.00219409605112757438 0.04502492684176438026 0.95278097710710796253 
0.00356268136351182551 0.04120504338203424821 0.95523227525445386643 
0.03136885453213067443 0.00000000099999999999 0.96863114446786946488 
0.00000000099999999994 0.00000000099999999994 0.99999999799999994554 
0.02710557949442445047 0.00000000099999999999 0.97289441950557564720 
0.04142874297232382319 0.00000000099999999998 0.95857125602767612182 
0.00000000099999999999 0.17877902950130375448 0.82122096949869627380 
0.00000000100000000000 0.04624202587501848039 0.95375797312498156177 
0.00423731296457085464 0.03649674433586153066 0.95926594269956766414 
0.02166359490819036795 0.00000000099999999999 0.97833640409180955277 
0.03761254153355694102 0.00000000099999999999 0.96238745746644316359 
0.00000000099999999999 0.17590857569506440639 0.82409142330493556639 
0.00000000099999999999 0.08451488226568310003 0.91548511673431698377 
0.39982140645164332415 0.49094578188005494335 0.10923281166830178801 
0.99999999799999994554 0.00000000099999999988 0.00000000099999999988 
0.99999999800000005656 0.00000000099999999991 0.00000000099999999991 
0.39136536731488674734 0.49898239594793319940 0.10965223673718008102 
0.99999999799999994554 0.00000000099999999989 0.00000000099999999989 
0.99999999800000005656 0.00000000099999999987 0.00000000099999999987 
0.99999999800000005656 0.00000000099999999986 0.00000000099999999986 
0.39551368977897988222 0.48297493505587080209 0.12151137516514938508 
0.99999999800000005656 0.00000000099999999989 0.00000000099999999989 
0.39012454460022893965 0.51629883667833942340 0.09357661872143166470 
0.99999999800000005656 0.00000000099999999985 0.00000000099999999985 
0.01962328805323708056 0.98037671094676281935 0.00000000099999999999 
0.00439560621009705589 0.99560407636862524594 0.00000031742127770241 
0.02227376007826558854 0.97627858746408879842 0.00144765245764562171 
0.00000000099999999999 0.03568141420690815191 0.96431858479309184862 
0.00000000099999999996 0.99999999800000005656 0.00000000099999999996 
0.05131906408404734304 0.94868093491595262279 0.00000000099999999999 
0.00000000099999999999 0.03440256369910985740 0.96559743530089026109 
0.00000000099999999998 0.98870106382596001371 0.01129893517404001804 
0.03933327618261401454 0.96066672281738585415 0.00000000100000000000 
0.02759528256636240018 0.00000000099999999999 0.97240471643363757259 
0.00051600334477504219 0.02132720676996218215 0.97815678988526277848 
0.02804176426629167995 0.00000000099999999998 0.97195823473370834833 
0.00000000099999999998 0.04621946805387439766 0.95378053094612558205 
0.03880700353433420846 0.00000000099999999999 0.96119299546566572268 
0.04009996369755924189 0.95990003530244072394 0.00000000099999999999 
0.00000000099999999997 0.99999999800000005656 0.00000000099999999997 
0.01798256213142466683 0.00000000099999999998 0.98201743686857534410 
0.02898935849077952445 0.00000000099999999998 0.97101064050922047954 
0.00000000099999999999 0.99999891236767057823 0.00000108663232945441 
0.00000000099999999999 0.03195491199430957469 0.96804508700569058544 
0.99999999799999994554 0.00000000099999999988 0.00000000099999999988 
0.13511810009253452658 0.00000000100000000000 0.86488189890746558497 
0.99999999800000005656 0.00000000099999999987 0.00000000099999999987 
0.99999999799999994554 0.00000000099999999988 0.00000000099999999988 
0.12356180170298912413 0.00884843061180902966 0.86758976768520190692 
0.99999999799999994554 0.00000000099999999994 0.00000000099999999994 
0.13089430315979561081 0.00000010536555857843 0.86910559147464583329 
0.99999999799999994554 0.00000000099999999994 0.00000000099999999994 
0.11442210021284661414 0.00792657755959282583 0.87765132222756059299 
0.00000000099999999996 0.99999999799999994554 0.00000000099999999996 
0.00000000099999999996 0.00000000099999999996 0.99999999800000005656 
0.05267798786167844638 0.94732201113832159578 0.00000000099999999999 
0.00000000099999999995 0.99999999799999994554 0.00000000099999999995 
0.00709015415924327177 0.99290984484075672789 0.00000000099999999998 
0.04516140174233862492 0.95483859725766129234 0.00000000099999999999 
0.03685619623840595549 0.00000000099999999998 0.96314380276159416994 
0.07231111780011274803 0.92768888119988723862 0.00000000100000000000 
0.04511789093800007422 0.00000000099999999999 0.95488210806199980141 
0.00000000099999999991 0.99999999799999994554 0.00000000099999999991 
0.00000000099999999996 0.99999999799999994554 0.00000000099999999996 
0.00000000099999999991 0.99999999800000005656 0.00000000099999999991 
0.02695126017671997318 0.00000000099999999998 0.97304873882328013490 
0.00000000099999999996 0.99999999800000005656 0.00000000099999999996 
0.04217548266530717072 0.95782451633469278818 0.00000000099999999999 
0.00000000099999999996 0.99999999800000005656 0.00000000099999999996 
0.00000000099999999997 0.99999999799999994554 0.00000000099999999997 
0.00000000099999999999 0.99515157959791000764 0.00484841940209009090 
0.00000000099999999996 0.99999999799999994554 0.00000000099999999996 
0.00000000099999999997 0.99999999800000005656 0.00000000099999999997 
0.00000000099999999998 0.99999999800000005656 0.00000000099999999998 
0.00012666929904157044 0.99987332970095854634 0.00000000099999999998 
0.03218807689360988350 0.00000000099999999997 0.96781192210639011009 
0.04596232902632114287 0.00000000099999999999 0.95403766997367900338 
0.03112410400803021851 0.00000000099999999998 0.96887589499196991039 
0.03015141144289265607 0.00000000099999999998 0.96984858755710723344 
0.02857686651746642673 0.00000000099999999998 0.97142313248253353564 
0.02857800172962828358 0.00000000099999999998 0.97142199727037159551 
0.02266979222245318892 0.00000000099999999998 0.97733020677754667282 
0.02887738148546082836 0.00000000099999999998 0.97112261751453932135 
0.00000000099999999996 0.99999999799999994554 0.00000000099999999996 
0.01430177224484992585 0.98569822675515017529 0.00000000100000000000 
0.00000000099999999999 0.99999999799999994554 0.00000000099999999999 
0.00000000099999999996 0.00000000099999999996 0.99999999799999994554 
0.00000000099999999995 0.00000000099999999995 0.99999999800000005656 
0.04011787896103556628 0.95988212003896433711 0.00000000099999999998 
0.00000000099999999998 0.00000000099999999998 0.99999999799999994554 
0.07126363232113436252 0.91139532616274054888 0.01734104151612505737 
0.00000000099999999994 0.00000000099999999994 0.99999999799999994554 
0.02605499468870722465 0.00000000099999999998 0.97394500431129271689 
0.00000000099999999995 0.00000000099999999995 0.99999999800000005656 
0.00000000099999999996 0.00000000099999999996 0.99999999800000005656 
0.00000000099999999995 0.00000000099999999995 0.99999999800000005656 
0.00000000099999999997 0.00000000099999999997 0.99999999799999994554 
0.00000000099999999994 0.00000000099999999994 0.99999999799999994554 
0.00000000099999999995 0.00000000099999999995 0.99999999799999994554 
0.02252717556826940720 0.00000000099999999998 0.97747282343173069741 
0.03628108574714850043 0.96371891325285141683 0.00000000099999999999 
0.03655144426746662761 0.96344855473253321332 0.00000000099999999999 
0.01096563213045025423 0.98903436686954981916 0.00000000099999999999 
0.00000000099999999996 0.00000000099999999996 0.99999999799999994554 
0.00000000099999999995 0.00000000099999999995 0.99999999799999994554 
0.01442230948345741767 0.00000000099999999998 0.98557768951654245448 
0.00000000099999999998 0.00000000099999999998 0.99999999800000005656 
0.00000000099999999995 0.00000000099999999995 0.99999999799999994554 
0.00000000099999999995 0.00000000099999999995 0.99999999800000005656 
0.00000000099999999998 0.00000000099999999998 0.99999999800000005656 
0.00000000099999999997 0.00000000099999999997 0.99999999800000005656 
0.03447605770765523742 0.96552394129234486719 0.00000000099999999999 
0.01946027974254713883 0.00022522137472505950 0.98031449888272781390 
0.02328658180905615951 0.00000000099999999999 0.97671341719094373346 
0.00000000099999999999 0.00000000124843033607 0.99999999775156955817 
0.00000000099999999995 0.00000000099999999995 0.99999999800000005656 
0.01343694444251025168 0.98656305455748982691 0.00000000099999999999 
0.01143247399152548180 0.00000000099999999999 0.98856752500847455689 
0.03475882835198077642 0.00000000099999999998 0.96524117064801917554 
0.01756041603537317891 0.00000000099999999999 0.98243958296462685631 
0.02533671913850358073 0.00000000099999999999 0.97466327986149636775 
0.02949694324681271032 0.00000000099999999998 0.97050305575318729367 
0.02379642839174891597 0.00000000099999999998 0.97620357060825102558 
0.01934980038457313062 0.00000000099999999998 0.98065019861542679358 
0.02357935366794106438 0.00000000099999999999 0.97642064533205896737 
0.03008759343369146050 0.00000000099999999998 0.96991240556630842207 
0.01964947911624423046 0.00000000099999999999 0.98035051988375576659 
0.02530602096446558924 0.00000000099999999998 0.97469397803553448068 
0.00000000099999999995 0.99999999799999994554 0.00000000099999999995 
0.00273169020746073191 0.99726830879253924866 0.00000000099999999999 
0.00000000099999999996 0.99999999799999994554 0.00000000099999999996 
0.00000000099999999994 0.99999999799999994554 0.00000000099999999994 
0.00310821203565772976 0.99689178696434233018 0.00000000099999999999 
0.00000000256544568755 0.99999999643455428355 0.00000000099999999997 
0.00000000099999999995 0.99999999800000005656 0.00000000099999999995 
0.00000000099999999996 0.99999999799999994554 0.00000000099999999996 
0.00000000099999999998 0.99999999799999994554 0.00000000099999999998 
0.00000000099999999995 0.99999999800000005656 0.00000000099999999995 
0.99999999800000005656 0.00000000099999999992 0.00000000099999999992 
0.99999999799999994554 0.00000000099999999990 0.00000000099999999990 
0.99999999800000005656 0.00000000099999999992 0.00000000099999999992 
0.99999999800000005656 0.00000000099999999990 0.00000000099999999990 
0.99999999800000005656 0.00000000099999999991 0.00000000099999999991 
0.99999999800000005656 0.00000000099999999994 0.00000000099999999994 
0.99999999800000005656 0.00000000099999999993 0.00000000099999999993 
0.99999999800000005656 0.00000000099999999988 0.00000000099999999988 
0.99999999799999994554 0.00000000099999999988 0.00000000099999999988 
0.99999999799999994554 0.00000000099999999990 0.00000000099999999990 
0.99999999800000005656 0.00000000099999999991 0.00000000099999999991 
0.99999999800000005656 0.00000000099999999986 0.00000000099999999986 
0.99999999800000005656 0.00000000099999999991 0.00000000099999999991 
0.99999999800000005656 0.00000000099999999987 0.00000000099999999987 
0.99999999800000005656 0.00000000099999999986 0.00000000099999999986 
0.99999999799999994554 0.00000000099999999995 0.00000000099999999995 
0.99999999799999994554 0.00000000099999999991 0.00000000099999999991 
0.99999999799999994554 0.00000000099999999987 0.00000000099999999987 
0.99999999799999994554 0.00000000099999999992 0.00000000099999999992 
0.99999999799999994554 0.00000000099999999995 0.00000000099999999995 
0.00227643715572773981 0.99772356184427224424 0.00000000099999999998 
0.00000000099999999998 0.99999999799999994554 0.00000000099999999998 
0.01047761458400992517 0.98952238441599016383 0.00000000099999999999 
0.00355586777055081141 0.99644413122944908157 0.00000000099999999999 
0.00412470360430602315 0.99587529539569397130 0.00000000099999999999 
0.00000000099999999997 0.99999999800000005656 0.00000000099999999997 
0.00000000099999999998 0.99999999800000005656 0.00000000099999999998 
0.00001536296461883442 0.99975645517008615570 0.00022818186529499992 
0.00000000099999999994 0.99999999800000005656 0.00000000099999999994 
0.00658522817328635168 0.99341477082671370002 0.00000000099999999999 
0.00000000099999999996 0.99999999799999994554 0.00000000099999999996 
0.00000000099999999995 0.99999999800000005656 0.00000000099999999995 
0.00000000099999999997 0.99999999799999994554 0.00000000099999999997 
0.00650723383818496270 0.99349276516181506125 0.00000000099999999999 
0.00000000099999999997 0.99999999800000005656 0.00000000099999999997 
0.00288382649336163489 0.99093638140224526989 0.00617979210439313989 
0.00132552777688588262 0.99845493543749797016 0.00021953678561618774 
0.00323629573695360896 0.99676370326304630787 0.00000000100000000000 
0.06432308221280572114 0.00323803134142206352 0.93243888644577221925 
0.06867202460269368480 0.00000000099999999999 0.93132797439730641287 
0.06156393715483994555 0.01593994271014197855 0.92249612013501813834 
0.05391220057639693058 0.00952713122429428745 0.93656066819930872125 
0.06864887374708608658 0.01740532898004594486 0.91394579727286806570 
0.05587564338214273674 0.00914483601508665409 0.93497952060277045305 
0.05445506002741146157 0.00756117588898742952 0.93798376408360117917 
0.06236379154356620075 0.00000000100000000000 0.93763620745643383447 
0.06582223456438263121 0.00000028149525826175 0.93417748394035915460 
0.04901002521958813807 0.00049932851000459417 0.95049064627040724673 
0.06824439694480274876 0.00000040110343841539 0.93175520195175887128 
0.05198322975616202768 0.00000000100000000000 0.94801676924383793121 
0.08717967166228882125 0.01499871233512903648 0.89782161600258214573 
0.04400708386396706695 0.00000000100000000000 0.95599291513603290582 
0.05413478780390819367 0.00000000100000000000 0.94586521119609190400 
0.09673896236590572018 0.00557681606755783526 0.89768422156653648880 
0.05801918865767543426 0.00000000099999999999 0.94198081034232461484 
0.06144152239891776529 0.00000000100000000000 0.93855847660108215891 
0.06448065210246491097 0.00000000099999999999 0.93551934689753513119 
0.05275556529800898981 0.00063021029123347730 0.94661422441075748768 
0.00000000099999999997 0.00000000099999999997 0.99999999799999994554 
0.00000000099999999998 0.00000000099999999998 0.99999999800000005656 
0.00895460227959110969 0.00000000099999999999 0.99104539672040892206 
0.00820765191463478788 0.03707885976182712096 0.95471348832353808422 
0.01019766181624200130 0.00000000099999999999 0.98980233718375798535 
0.00594917016713517217 0.00000000099999999998 0.99405082883286477458 
0.00331338483559587629 0.00000000099999999998 0.99668661416440418321 
0.00924468856985695246 0.00269529434958661008 0.98806001708055635202 
0.00000000099999999998 0.00000000099999999998 0.99999999799999994554 
0.00465042463124666194 0.00000000099999999999 0.99534957436875326486 
0.01287054188336107970 0.00000000099999999999 0.98712945711663901971 
0.01543231814447516663 0.00000000686358196764 0.98456767499194275395 
0.02397157605030334968 0.00000000099999999998 0.97602842294969660575 
0.02056859669685762865 0.00000000099999999998 0.97943140230314229555 
0.01981101397909086279 0.00000000099999999998 0.98018898502090912039 
0.00623612776851908968 0.00000000099999999998 0.99376387123148091085 
0.01730574678444952302 0.00000000099999999998 0.98269425221555040117 
0.01185968141075128580 0.00000000099999999999 0.98814031758924858462 
0.00727092807559483450 0.00000000099999999999 0.99272907092440521026 
0.00685686582548852668 0.00000000099999999999 0.99314313317451141661 
0.01675720498752523643 0.00000000100000000000 0.98324279401247471899 
0.01688502247951065641 0.00000000099999999999 0.98311497652048940310 
0.00570446033162614122 0.00000000099999999999 0.99429553866837383502 
0.00753039075634343025 0.00000000099999999999 0.99246960824365648701 
0.00670863740268255824 0.00000000099999999997 0.99329136159731756806 
0.00000000099999999997 0.00000000099999999997 0.99999999799999994554 
0.00000037377648095281 0.00000000099999999998 0.99999962522351903971 
0.00140169288103878008 0.00000000099999999998 0.99859830611896116537 
0.01611846142665464277 0.00000000099999999999 0.98388153757334528837 
0.01163244192035467993 0.00000000099999999999 0.98836755707964540907 
0.00447563588698258151 0.00000000099999999999 0.99552436311301739646 
0.00447339254956921530 0.00000000099999999998 0.99552660645043089538 
0.00642717449054900150 0.00000000099999999999 0.99357282450945094698 
0.00863229942124978285 0.00000000099999999999 0.99136769957875015002 
0.00809223855545657643 0.00000000099999999999 0.99190776044454342930 
0.00617012649793573318 0.00000000099999999998 0.99382987250206433760 
0.01285979042682149943 0.00000000099999999999 0.98714020857317863467 
0.00163600027440506147 0.00000000099999999999 0.99836399872559500324 
0.03173033713484714469 0.01502068102178218990 0.95324898184337059082 
0.00088048427995505508 0.00000000099999999999 0.99911951472004489894 
0.01328385047021157436 0.00000000099999999999 0.98671614852978839494 
0.01536435761944088610 0.00000000099999999999 0.98463564138055914565 
0.01917964258232849814 0.00000000099999999999 0.98082035641767151279 
0.01532662959666298078 0.00000000099999999998 0.98467336940333705098 
0.00933475727668129328 0.00005035566182796658 0.99061488706149070094 
0.00218545617914593778 0.00000000099999999999 0.99781454282085413343 
0.01466166661811724170 0.00000000099999999999 0.98533833238188273107 
0.00649276329290306761 0.00000000099999999998 0.99350723570709698063 
0.01889796065508385012 0.00000000099999999999 0.98110203834491616082 
0.00537986603392593462 0.16378110147963376164 0.83083903248644030981 
0.00000000099999999999 0.00000000099999999999 0.99999999799999994554 
0.00000000099999999996 0.00000000099999999996 0.99999999800000005656 
0.00000000099999999998 0.00000000099999999998 0.99999999799999994554 
0.00000000099999999996 0.00000000099999999996 0.99999999799999994554 
0.00000000099999999995 0.00000000099999999995 0.99999999799999994554 
0.00000000099999999997 0.00000000099999999997 0.99999999800000005656 
0.00000000099999999996 0.00000000099999999996 0.99999999800000005656 
0.00000000099999999997 0.00000000099999999997 0.99999999800000005656 
0.00000000099999999997 0.00000000099999999997 0.99999999800000005656 
0.00000000099999999998 0.00000000099999999998 0.99999999800000005656 
0.08876588271660104668 0.00453486655087334198 0.90669925073252566339 
0.08984694874479780269 0.01165944387202670109 0.89849360738317551878 
0.08939470881768199484 0.00000183624154078960 0.91060345494077732376 
0.08104049892775942732 0.00911156959269718639 0.90984793147954334813 
0.10326799299109774843 0.00600249055670231887 0.89072951645219999861 
0.09899680120545334416 0.00211313626738272690 0.89889006252716385781 
0.10385117320591089052 0.00806578098739352614 0.88808304580669561457 
0.09841083358575428153 0.00760985733034626969 0.89397930908389944271 
0.09420629270064888316 0.01279183503767364338 0.89300187226167737631 
0.09396659636679283167 0.00712645873370821095 0.89890694489949896084 
0.00000000099999999993 0.99999999799999994554 0.00000000099999999993 
0.00000000099999999993 0.99999999800000005656 0.00000000099999999993 
0.00000000099999999992 0.99999999800000005656 0.00000000099999999992 
0.00000000099999999993 0.99999999799999994554 0.00000000099999999993 
0.00000000099999999990 0.99999999800000005656 0.00000000099999999990 
0.00000000099999999992 0.99999999799999994554 0.00000000099999999992 
0.00000000099999999991 0.99999999800000005656 0.00000000099999999991 
0.00000000099999999991 0.99999999800000005656 0.00000000099999999991 
0.00000000099999999996 0.99999999800000005656 0.00000000099999999996 
0.00000000099999999991 0.99999999799999994554 0.00000000099999999991 
0.00000000099999999993 0.00000000099999999993 0.99999999800000005656 
0.00000000099999999998 0.00000000099999999998 0.99999999800000005656 
0.00000000099999999995 0.00000000099999999995 0.99999999800000005656 
0.00000000099999999996 0.00000000099999999996 0.99999999800000005656 
0.00000000099999999996 0.00000000099999999996 0.99999999799999994554 
0.00000000099999999994 0.00000000099999999994 0.99999999799999994554 
0.00000000099999999993 0.00000000099999999993 0.99999999800000005656 
0.00000000099999999997 0.00000000099999999997 0.99999999799999994554 
0.00000000099999999994 0.00000000099999999994 0.99999999799999994554 
0.00000000099999999994 0.00000000099999999994 0.99999999799999994554 
0.00000000099999999997 0.99999999800000005656 0.00000000099999999997 
0.00000000099999999997 0.99999999800000005656 0.00000000099999999997 
0.00000000099999999998 0.99999999800000005656 0.00000000099999999998 
0.00000000099999999996 0.99999999799999994554 0.00000000099999999996 
0.00451892518484752880 0.99548107381515238412 0.00000000100000000000 
0.00000000099999999998 0.99999999800000005656 0.00000000099999999998 
0.00000000099999999999 0.99999999800000005656 0.00000000099999999999 
0.00000000099999999997 0.99999999799999994554 0.00000000099999999997 
0.00000000099999999998 0.99999999799999994554 0.00000000099999999998 
0.00170223677067464756 0.98627407235329667134 0.01202369087602873747 
0.00000000099999999998 0.93927404488345611622 0.06072595411654395370 
0.00000000099999999998 0.94669176139788813185 0.05330823760211202827 
0.00000000099999999997 0.94116023912414203956 0.05883975987585807199 
0.00000000099999999998 0.94307232968001886153 0.05692766931998110430 
0.00000000099999999998 0.94381492295715396779 0.05618507604284619233 
0.00000000099999999998 0.95088795821735383473 0.04911204078264614498 
0.00000000099999999998 0.94665124830980795778 0.05334875069019218152 
0.00000000099999999997 0.93673380559193875072 0.06326619340806113878 
0.00000000099999999998 0.94475250020285994612 0.05524749879714014461 
0.00000000099999999998 0.94769199668186576702 0.05230800231813428208 
0.00000000099999999995 0.99999999800000005656 0.00000000099999999995 
0.00000000099999999997 0.99999999799999994554 0.00000000099999999997 
0.00000000099999999996 0.99999999800000005656 0.00000000099999999996 
0.00000000099999999997 0.99999999800000005656 0.00000000099999999997 
0.00000000099999999996 0.99999999800000005656 0.00000000099999999996 
0.00000000099999999995 0.99999999799999994554 0.00000000099999999995 
0.00000000099999999995 0.99999999800000005656 0.00000000099999999995 
0.00000000099999999996 0.99999999800000005656 0.00000000099999999996 
0.00000000099999999997 0.99999999799999994554 0.00000000099999999997 
0.00000000099999999996 0.99999999800000005656 0.00000000099999999996 
0.07357765018162068515 0.00000000099999999999 0.92642234881837925986 
0.07769210443366647567 0.00000000099999999999 0.92230789456633344159 
0.06779011527958085648 0.00000000099999999999 0.93220988372041924119 
0.08057034131829993173 0.00000000099999999999 0.91942965768170004104 
0.05635280913856161727 0.00000000124229511452 0.94364718961914328954 
0.05475636556043437381 0.08269625115445526642 0.86254738328511026957 
0.06646301798075628098 0.00000059406235651266 0.93353638795688720364 
0.08021057903906136932 0.00000260367417598078 0.91978681728676270346 
0.06255316050995256283 0.00000000099999999999 0.93744683849004750709 
0.06342137538166134347 0.00000000100000000000 0.93657862361833865705 
0.00461764008180636822 0.99538235891819371037 0.00000000099999999998 
0.00688338341787396620 0.99311661558212604994 0.00000000099999999998 
0.00795657337277280025 0.99204342562722702681 0.00000000099999999999 
0.01102338652037541250 0.98897661247962453945 0.00000000099999999999 
0.01190310601430947211 0.98809689298569058913 0.00000000099999999998 
0.00649665739288998647 0.99350334160710995768 0.00000000099999999998 
0.00522828503747259452 0.99477171396252728197 0.00000000099999999999 
0.00941506911964386239 0.99058492988035606874 0.00000000099999999997 
0.03445483603497215969 0.96554516296502790329 0.00000000099999999999 
0.01513297492936793026 0.98486702407063209108 0.00000000099999999997 
0.00000000099999999997 0.99999999800000005656 0.00000000099999999997 
0.00000000099999999998 0.99999851309860166015 0.00000148590139829121 
0.00000000099999999997 0.99999999800000005656 0.00000000099999999997 
0.00000000099999999998 0.99998445555480608427 0.00001554344519387773 
0.00000000099999999998 0.95574939747182341421 0.04425060152817654469 
0.00000000099999999998 0.99984181233653635079 0.00015818666346369982 
0.00000000099999999996 0.99999999799999994554 0.00000000099999999996 
0.00000000099999999997 0.99999999800000005656 0.00000000099999999997 
0.00000000099999999998 0.99999999799999994554 0.00000000099999999998 
0.00000000099999999997 0.99999999799999994554 0.00000000099999999997 
