0.00000000099999999999 0.99662819915719769170 0.00328371730114513944 0.00008808154165725166 0.00000000099999999999 
0.00000000099999999999 0.99997583727136585274 0.00000021738756115088 0.00002390485826629692 0.00000003948280666579 
0.23649273379733615208 0.00000000099999999996 0.76350726320266393277 0.00000000099999999996 0.00000000099999999996 
0.00000000099999999998 0.99341283412043623890 0.00000000099999999998 0.00000000099999999998 0.00658716287956382946 
0.00190311636947008479 0.95937746730012962715 0.00000000099999999997 0.00000000099999999997 0.03871941433040029801 
0.00166318895736220613 0.95520433868168863611 0.00000000099999999999 0.00000000099999999999 0.04313247036094924880 
0.99999999600000011313 0.00000000099999999979 0.00000000099999999979 0.00000000099999999979 0.00000000099999999979 
0.00000000099999999992 0.99999999600000011313 0.00000000099999999992 0.00000000099999999992 0.00000000099999999992 
0.99999999600000000211 0.00000000099999999968 0.00000000099999999968 0.00000000099999999968 0.00000000099999999968 
0.00000000099999999994 0.99999999600000011313 0.00000000099999999994 0.00000000099999999994 0.00000000099999999994 
0.00000000099999999991 0.99999999600000011313 0.00000000099999999991 0.00000000099999999991 0.00000000099999999991 
0.00128968724351043998 0.98389239216531931831 0.00000000099999999998 0.00000000099999999998 0.01481791859117023019 
0.00000000099999999998 0.97364366005736568965 0.00000000099999999998 0.00000000099999999998 0.02635633694263425642 
0.00000000099999999998 0.95208104010502825343 0.00000000099999999998 0.00000000099999999998 0.04791895689497167182 
0.22091137152137185762 0.00006310485454809323 0.77902552162408000846 0.00000000099999999998 0.00000000099999999998 
0.00000000099999999994 0.99999999600000000211 0.00000000099999999994 0.00000000099999999994 0.00000000099999999994 
0.00000000099999999991 0.99999999600000011313 0.00000000099999999991 0.00000000099999999991 0.00000000099999999991 
0.02670424939861363797 0.96351902093493568824 0.00000000099999999996 0.00000000099999999996 0.00977672766645073556 
0.00000000099999999995 0.99999999600000000211 0.00000000099999999995 0.00000000099999999995 0.00000000099999999995 
0.15066257424398993292 0.82376308767814920841 0.00783659418456684499 0.00032934750027941492 0.01740839639301463779 
0.99999999600000011313 0.00000000099999999978 0.00000000099999999978 0.00000000099999999978 0.00000000099999999978 
0.14284154031069812296 0.83674751919725032234 0.00000162266680570089 0.00000000100000000000 0.02040931682524581986 
0.00000000100000000000 0.95438209751068769915 0.00074318050596450702 0.01171273345202809846 0.03316198753131970739 
0.99999999600000000211 0.00000000099999999972 0.00000000099999999972 0.00000000099999999972 0.00000000099999999972 
0.00000000099999999982 0.99999999600000011313 0.00000000099999999982 0.00000000099999999982 0.00000000099999999982 
0.00000000099999999992 0.99999999600000000211 0.00000000099999999992 0.00000000099999999992 0.00000000099999999992 
0.00000000099999999996 0.95717407456033842816 0.00000000099999999996 0.00000000099999999996 0.04282592243966158035 
0.00000000099999999987 0.99999999600000000211 0.00000000099999999987 0.00000000099999999987 0.00000000099999999987 
0.03306265651112343801 0.00000000099999999997 0.00000000099999999997 0.96693734048887658439 0.00000000099999999997 
0.99999999600000000211 0.00000000099999999983 0.00000000099999999983 0.00000000099999999983 0.00000000099999999983 
0.00114438696881372115 0.96931599547560043373 0.00505993364786918101 0.01114863281406382710 0.01333105109365280601 
0.12482563435117793871 0.87254748259929670873 0.00000000099999999998 0.00000000099999999998 0.00262688104952526471 
0.00183288249295361205 0.97261733056561849864 0.01856746560307383220 0.00698232033835396136 0.00000000100000000000 
0.00000000099999999994 0.89347956876725231901 0.00000000099999999994 0.00000000099999999994 0.10652042823274769645 
0.93489950947077649079 0.06510048752922338589 0.00000000099999999991 0.00000000099999999991 0.00000000099999999991 
0.00000000099999999993 0.99999999600000011313 0.00000000099999999993 0.00000000099999999993 0.00000000099999999993 
0.01455623855885791913 0.95618563407819334721 0.00000000099999999999 0.00000000099999999999 0.02925812536294865318 
0.00000000099999999979 0.99999999600000000211 0.00000000099999999979 0.00000000099999999979 0.00000000099999999979 
0.00000000099999999995 0.99999999600000000211 0.00000000099999999995 0.00000000099999999995 0.00000000099999999995 
0.24966483624014179643 0.74730255980190996024 0.00000000099999999999 0.00000000099999999999 0.00303260195794821403 
0.14032741510572077637 0.85967258189427930848 0.00000000099999999994 0.00000000099999999994 0.00000000099999999994 
0.00000000099999999999 0.89293296725537207870 0.00000000543252787951 0.09769656032491605413 0.00937046598718405468 
0.00000000099999999993 0.00000000099999999993 0.00000000099999999993 0.99999999600000000211 0.00000000099999999993 
0.00333432093083468276 0.97528076926718865192 0.02138490780197650765 0.00000000099999999999 0.00000000099999999999 
0.00000000099999999997 0.95406794604138567273 0.00000000099999999997 0.00000000099999999997 0.04593205095861443987 
0.00000000099999999997 0.96887923959291455400 0.00000000099999999997 0.00000000099999999997 0.03112075740708558289 
0.00000000099999999998 0.00000000099999999998 0.00000000099999999998 0.99999999599999989108 0.00000000099999999998 
0.00000000099999999997 0.00000000099999999997 0.00000000099999999997 0.94938537689052171498 0.05061462010947825885 
0.00000000099999999997 0.00000000099999999997 0.00000000099999999997 0.93544687188028352587 0.06455312511971629530 
0.00000000099999999998 0.00000000099999999998 0.33865449260718033520 0.64774071192641724526 0.01360479346640244662 
0.00000000099999999999 0.00025018668206408171 0.13273398014167189785 0.82482126365979280269 0.04219456851647118006 
0.00000000099999999996 0.00000000099999999996 0.40481842397383199783 0.59518157302616803150 0.00000000099999999996 
0.00000000099999999995 0.00000000099999999995 0.34825687642084357520 0.64255091302774336448 0.00919220855141308912 
0.00000000099999999998 0.00000000099999999998 0.14933381749019322693 0.80950823543526462256 0.04115794507454202666 
0.00000000099999999995 0.00000000099999999995 0.37758333368904661853 0.62151327993426719321 0.00090338437668608057 
0.00000000099999999997 0.00000000099999999997 0.36857883500057631032 0.62577997181796773951 0.00564119118145598938 
0.00000000099999999999 0.01725076781115873412 0.15294001129008241713 0.79184731053738099948 0.03796190936137771449 
0.00000000099999999998 0.00000000099999999998 0.42856182498795319935 0.56970605355288117533 0.00173211945916562421 
0.13682744776051933289 0.81522926015457808369 0.00368377361038915978 0.00475278344353149713 0.03950673503098199590 
0.00000000099999999998 0.00000000099999999998 0.31417452129306960851 0.64823479751267165661 0.03759067919425874288 
0.00000000099999999996 0.00000000099999999996 0.33523822584943779868 0.62879903231620781767 0.03596273983435444715 
0.00000000099999999998 0.00000000099999999998 0.32806806725318427009 0.64120185135338081395 0.03073007939343503844 
0.00000000099999999997 0.00000000099999999997 0.35397350822099460377 0.61896286609659534328 0.02706362368241000543 
0.00000000099999999999 0.00000000099999999999 0.32205870926485324901 0.64459036740033703872 0.03335092133480984516 
0.00000000099999999997 0.00000000099999999997 0.36553429870935882917 0.61008250630937266301 0.02438319298126839785 
0.08307467698991263805 0.88132845579974816719 0.00000000100000000000 0.00960449089651077385 0.02599237531382840929 
0.00000000099999999997 0.96643005386854730077 0.00000000099999999997 0.00000000099999999997 0.03356994313145274939 
0.10578891339460808063 0.89115502315437367109 0.00000000100000000000 0.00295438061436258158 0.00010168183665569215 
0.99999999600000011313 0.00000000099999999979 0.00000000099999999979 0.00000000099999999979 0.00000000099999999979 
0.00000000099999999996 0.98598073987278078700 0.00000000099999999996 0.01401925712721931172 0.00000000099999999996 
0.00000000099999999988 0.99999999600000011313 0.00000000099999999988 0.00000000099999999988 0.00000000099999999988 
0.00000000099999999978 0.99999999600000000211 0.00000000099999999978 0.00000000099999999978 0.00000000099999999978 
0.01306999242083388586 0.98693000457916624235 0.00000000099999999995 0.00000000099999999995 0.00000000099999999995 
0.00000000099999999994 0.99999999600000011313 0.00000000099999999994 0.00000000099999999994 0.00000000099999999994 
0.00000000099999999997 0.93861808213267994283 0.00000000099999999997 0.00000000099999999997 0.06138191486732012814 
0.16129577196284392016 0.83002270512299114458 0.00000124389485977100 0.00000000100000000000 0.00868027801930514389 
0.00000000099999999998 0.94252111792247816879 0.00000000099999999998 0.02060038116617163989 0.03687849891135012298 
0.00000000099999999988 0.99999999600000011313 0.00000000099999999988 0.00000000099999999988 0.00000000099999999988 
0.00000000099999999990 0.00000000099999999990 0.00000000099999999990 0.99999999599999989108 0.00000000099999999990 
0.00000000099999999993 0.99999999600000011313 0.00000000099999999993 0.00000000099999999993 0.00000000099999999993 
0.00156945546123459087 0.97114068155311128461 0.00000000100000000000 0.00000000100000000000 0.02728986098565424831 
0.00000000099999999978 0.99999999600000000211 0.00000000099999999978 0.00000000099999999978 0.00000000099999999978 
0.00000000099999999994 0.99999999600000011313 0.00000000099999999994 0.00000000099999999994 0.00000000099999999994 
0.00000000099999999990 0.99999999600000000211 0.00000000099999999990 0.00000000099999999990 0.00000000099999999990 
0.00297586408011413662 0.99702413291988578603 0.00000000099999999998 0.00000000099999999998 0.00000000099999999998 
0.00000000099999999994 0.96791697784492536361 0.00000000099999999994 0.00000000099999999994 0.03208301915507463797 
0.00000000099999999999 0.00000000099999999999 0.01107348927481818963 0.98892650772518186919 0.00000000099999999999 
0.00000000099999999983 0.99999999600000000211 0.00000000099999999983 0.00000000099999999983 0.00000000099999999983 
0.00000000099999999984 0.99999999600000011313 0.00000000099999999984 0.00000000099999999984 0.00000000099999999984 
0.00000000099999999997 0.99426947221416062117 0.00000000099999999997 0.00000000099999999997 0.00573052478583949924 
0.03738728997782451297 0.00000000099999999998 0.89068574015532964161 0.07192696786684588117 0.00000000099999999998 
0.00000000099999999995 0.00000000099999999995 0.54857444549776446241 0.45142555150223545590 0.00000000099999999995 
0.00000000099999999990 0.00000000099999999990 0.69014429985515635124 0.30985569714484356707 0.00000000099999999990 
0.26874307813642184239 0.00000000099999999992 0.73125691886357813143 0.00000000099999999992 0.00000000099999999992 
0.27891792523342767707 0.00000000099999999992 0.72108207176657235227 0.00000000099999999992 0.00000000099999999992 
0.00000000099999999990 0.99999999600000011313 0.00000000099999999990 0.00000000099999999990 0.00000000099999999990 
0.00000000099999999996 0.00000000099999999996 0.54495519611850917752 0.45504480088149074080 0.00000000099999999996 
0.00000000099999999998 0.00000000099999999998 0.54812938583822301553 0.44504572530737590563 0.00682488685440101484 
0.00000000099999999994 0.00000000099999999994 0.55117720605909792386 0.44882279094090199445 0.00000000099999999994 
0.00000000099999999993 0.00000000099999999993 0.55239778646834536424 0.44760221053165449856 0.00000000099999999993 
0.00000000099999999989 0.00000000099999999989 0.69393448496040099904 0.30606551203959875274 0.00000000099999999989 
0.27759174128477681620 0.00000000099999999991 0.72240825571522326864 0.00000000099999999991 0.00000000099999999991 
0.27475527824208284544 0.00000000099999999993 0.72524471875791718389 0.00000000099999999993 0.00000000099999999993 
0.00000000099999999995 0.00000000099999999995 0.55134901442957451323 0.44865098257042546059 0.00000000099999999995 
0.00000000099999999988 0.00000000099999999988 0.70698385987068446124 0.29301613712931545708 0.00000000099999999988 
0.00000000099999999995 0.00000000099999999995 0.54306584510658884035 0.45693415189341096694 0.00000000099999999995 
0.00000000099999999996 0.00000000099999999996 0.54390804678539317329 0.45609195021460668951 0.00000000099999999996 
0.00000000099999999998 0.00000000099999999998 0.52017571722620159491 0.47740857816791026913 0.00241570260588790369 
0.02444259049986037893 0.00000000099999999999 0.92394036240698018680 0.05161704175858060351 0.00000000433457880690 
0.00000000099999999997 0.00000000099999999997 0.53787408978813566751 0.46171508560645985186 0.00041082260540450781 
0.00000000099999999998 0.00000000099999999998 0.54706328043798801986 0.45293671656201189846 0.00000000099999999998 
0.00000000099999999995 0.00000000099999999995 0.56833105457430721508 0.43166894242569264772 0.00000000099999999995 
0.00000000099999999992 0.00000000099999999992 0.00000000099999999992 0.99999999600000000211 0.00000000099999999992 
0.04815436163376688589 0.00000000100000000000 0.81984050421736465175 0.12439369583409175257 0.00761143731477679619 
0.00000000099999999999 0.01209518771344071306 0.14575849474899035818 0.79349922200800482308 0.04864709452956405417 
0.00000000099999999992 0.00000000099999999992 0.00000000099999999992 0.99999999599999989108 0.00000000099999999992 
0.10304791576778811468 0.00000000099999999999 0.89060365004636210529 0.00356685209799292120 0.00278158108785680732 
0.04023508221459722034 0.00000000099999999999 0.80456742298550532055 0.15282843297130446758 0.00236906082859301417 
0.04136519766093516709 0.00143130953233018381 0.79957754135041925192 0.15112682672823118946 0.00649912472808426584 
0.00000000099999999998 0.00000000099999999998 0.00000000222168586617 0.99218469450183621738 0.00781530127647793102 
0.00000000099999999997 0.00000000099999999997 0.36876765582032466906 0.62913451404084186347 0.00209782813883336227 
0.00000000099999999995 0.00000000099999999995 0.03400944780334927420 0.96599054919665072738 0.00000000099999999995 
0.18986466113317290727 0.00000000099999999994 0.81013533586682706655 0.00000000099999999994 0.00000000099999999994 
0.11649126880925572691 0.00000000099999999999 0.88350872819074421916 0.00000000099999999999 0.00000000099999999999 
0.00000000099999999999 0.00837976417673671169 0.16296584196413427259 0.78677628948198230496 0.04187810337714677200 
0.06404254845282303377 0.00810955131236657141 0.80793449403882511284 0.11624640242473695262 0.00366700377124842998 
0.04572954659630014407 0.00000000099999999999 0.84745663730360543120 0.10681381410009437027 0.00000000099999999999 
0.00000000099999999992 0.00000000099999999992 0.71710885819009606568 0.28289113880990385264 0.00000000099999999992 
0.21045431108827228339 0.00000000099999999992 0.78954568591172780145 0.00000000099999999992 0.00000000099999999992 
0.20439976022107664289 0.00000000099999999992 0.79560023677892333094 0.00000000099999999992 0.00000000099999999992 
0.18777378422663618118 0.00000000099999999994 0.81222621277336382040 0.00000000099999999994 0.00000000099999999994 
0.08519075261193627402 0.00000000099999999999 0.82759891041560851299 0.08222369434964997559 0.00498664162280529951 
0.06801960621981359423 0.00000000100000000000 0.80271775009756629604 0.12068109822966918698 0.00858154445295083307 
0.00000000099999999996 0.00000000099999999996 0.57764264423049671571 0.42235735276950314709 0.00000000099999999996 
0.04985141943370025724 0.00000000099999999999 0.82709550052405444998 0.11317985013925750681 0.00987322890298783853 
0.04137568805324104426 0.00000000099999999999 0.79863256205243082775 0.15000228056110292973 0.00998946833322514154 
0.00000000099999999995 0.00000000099999999995 0.00000000099999999995 0.99999999599999989108 0.00000000099999999995 
0.00000000099999999990 0.00000000099999999990 0.68046687966230012812 0.31953311733769973468 0.00000000099999999990 
0.00000000099999999997 0.00000000099999999997 0.38973606019280226942 0.60931301620687927656 0.00095092160031866216 
0.00000000099999999994 0.00000000099999999994 0.00000000099999999994 0.99999999599999989108 0.00000000099999999994 
0.20162412475640925646 0.00000000099999999995 0.79837587224359074511 0.00000000099999999995 0.00000000099999999995 
0.05013711529096046698 0.00000000099999999999 0.88370897552780391937 0.06414316415230640611 0.00201074402892927528 
0.03612032252120780246 0.00000000100000000000 0.73759729960478326305 0.21824147596389853465 0.00804090091011028241 
0.00000000099999999998 0.00000000099999999998 0.37637671527767679880 0.62142708362007226253 0.00219619910225087294 
0.00000000099999999998 0.00000000099999999998 0.32093906166647090394 0.66592605904008350670 0.01313487729344550194 
0.19662047664769863320 0.00000000099999999994 0.80337952035230142389 0.00000000099999999994 0.00000000099999999994 
0.10569258907522649515 0.00000000099999999999 0.86495742173217082804 0.02587233733986317105 0.00347765085273948719 
0.01145514264260597860 0.47431265140266121172 0.00000000100000000000 0.13387120430939683513 0.38036100064533595599 
0.00000000099999999975 0.00000000099999999975 0.00000000099999999975 0.00000000099999999975 0.99999999600000000211 
0.00000000099999999981 0.00000000099999999981 0.00000000099999999981 0.00000000099999999981 0.99999999599999989108 
0.01972195903335581882 0.47463889732504815910 0.00000000100000000000 0.13193536821009527182 0.37370377443150076813 
0.00000000099999999977 0.00000000099999999977 0.00000000099999999977 0.00000000099999999977 0.99999999599999989108 
0.00000000099999999974 0.00000000099999999974 0.00000000099999999974 0.00000000099999999974 0.99999999599999989108 
0.00000000099999999971 0.00000000099999999971 0.00000000099999999971 0.00000000099999999971 0.99999999600000000211 
0.00611737370782068982 0.46963969245895187399 0.00000000100000000000 0.14781650216324213054 0.37642643066998521251 
0.00000000099999999977 0.00000000099999999977 0.00000000099999999977 0.00000000099999999977 0.99999999600000000211 
0.00980397059216116078 0.49917168123271105085 0.00000000100000000000 0.12167677286039799145 0.36934757431472980960 
0.00000000099999999970 0.00000000099999999970 0.00000000099999999970 0.00000000099999999970 0.99999999600000000211 
0.11757356281664838038 0.86699057853064365187 0.00000000099999999999 0.00000000099999999999 0.01543585665270798442 
0.00000000099999999998 0.99717568874538864421 0.00000000099999999998 0.00282430825461144628 0.00000000099999999998 
0.14723829675377958504 0.82836875657972619535 0.00411530624134525194 0.00000000100000000000 0.02027763942514906881 
0.04431969387102346891 0.00000000099999999998 0.89697553516006778285 0.05870476896890873542 0.00000000099999999998 
0.00000000099999999993 0.99999999600000000211 0.00000000099999999993 0.00000000099999999993 0.00000000099999999993 
0.00000000099999999998 0.95880968220208195874 0.00000000099999999998 0.00000000099999999998 0.04119031479791802897 
0.04631290853941279206 0.00000000099999999998 0.92547209888543879863 0.02821499057514849709 0.00000000099999999998 
0.99999999600000000211 0.00000000099999999974 0.00000000099999999974 0.00000000099999999974 0.00000000099999999974 
0.00000000099999999999 0.96690769178685809226 0.00000000099999999999 0.00000014771211080082 0.03309215850103113671 
0.00000000099999999997 0.00000000099999999997 0.32683729056881133390 0.66930780742534190519 0.00385490000584679275 
0.02380816555626355871 0.00000000099999999999 0.89443969525320454750 0.07561318074601876271 0.00613895744451315849 
0.00000000099999999996 0.00000000099999999996 0.35896745696662951675 0.63485566346730981646 0.00617687756606078320 
0.04651379580600917968 0.00000000099999999998 0.89951594418591662716 0.05397025800807417339 0.00000000099999999998 
0.00000000099999999997 0.00000000099999999997 0.32176229216349527817 0.66305117081508024857 0.01518653502142449339 
0.00000000099999999997 0.96764084185602983190 0.00000000099999999997 0.00000000099999999997 0.03235915514397030152 
0.00000000099999999992 0.99999999600000011313 0.00000000099999999992 0.00000000099999999992 0.00000000099999999992 
0.00000000099999999996 0.00000000099999999996 0.39712706554461674191 0.60254715246434875642 0.00032577999103430388 
0.00000000099999999995 0.00000000099999999995 0.32661092944066277832 0.66691039680613051210 0.00647867175320682078 
0.99999999600000011313 0.00000000099999999984 0.00000000099999999984 0.00000000099999999984 0.00000000099999999984 
0.03197167918685950988 0.00000000099999999998 0.88248405411276431565 0.08554426470037623798 0.00000000099999999998 
0.00000000099999999975 0.00000000099999999975 0.00000000099999999975 0.00000000099999999975 0.99999999599999989108 
0.00000000099999999997 0.00000000099999999997 0.00000000099999999997 0.93584454332791389142 0.06415545367208598526 
0.00000000099999999972 0.00000000099999999972 0.00000000099999999972 0.00000000099999999972 0.99999999599999989108 
0.00000000099999999975 0.00000000099999999975 0.00000000099999999975 0.00000000099999999975 0.99999999599999989108 
0.00259691327811044197 0.00000008136171562982 0.00000000099999999999 0.93956483718157579599 0.05783816717859809053 
0.00000000099999999987 0.00000000099999999987 0.00000000099999999987 0.00000000099999999987 0.99999999600000000211 
0.00000000099999999998 0.00000000099999999998 0.00000000099999999998 0.93976040703853602754 0.06023958996146393241 
0.00000000099999999989 0.00000000099999999989 0.00000000099999999989 0.00000000099999999989 0.99999999599999989108 
0.00000000100000000000 0.00609732455489652662 0.00000000100000000000 0.94076181339048448038 0.05314086005461902268 
0.00000000099999999990 0.99999999600000000211 0.00000000099999999990 0.00000000099999999990 0.00000000099999999990 
0.00000000099999999992 0.00000000099999999992 0.91242056234762869416 0.08757943465237121028 0.00000000099999999992 
0.00450459016149946413 0.94658588182791714161 0.00000000099999999998 0.00000000099999999998 0.04890952601058356358 
0.00000000099999999989 0.99999999600000000211 0.00000000099999999989 0.00000000099999999989 0.00000000099999999989 
0.00000000099999999995 0.99506303348485347637 0.00000000099999999995 0.00000000099999999995 0.00493696351514654082 
0.00000000099999999998 0.96131760564817014814 0.00000000099999999998 0.00000000099999999998 0.03868239135183004079 
0.00000000099999999990 0.00000000099999999990 0.00000000099999999990 0.99999999599999989108 0.00000000099999999990 
0.00000000099999999999 0.93236406313045128158 0.00000000099999999999 0.00763293476116287846 0.06000300010838603010 
0.00000000099999999995 0.00000000099999999995 0.00000000099999999995 0.99999999600000000211 0.00000000099999999995 
0.00000000099999999982 0.99999999600000011313 0.00000000099999999982 0.00000000099999999982 0.00000000099999999982 
0.00000000099999999992 0.99999999600000000211 0.00000000099999999992 0.00000000099999999992 0.00000000099999999992 
0.00000000099999999981 0.99999999600000000211 0.00000000099999999981 0.00000000099999999981 0.00000000099999999981 
0.00000000099999999989 0.00000000099999999989 0.00000000099999999989 0.99999999599999989108 0.00000000099999999989 
0.00000000099999999990 0.99999999600000000211 0.00000000099999999990 0.00000000099999999990 0.00000000099999999990 
0.00000000099999999998 0.96674479833261550699 0.00000000099999999998 0.00000000099999999998 0.03325519866738461949 
0.00000000099999999992 0.99999999600000000211 0.00000000099999999992 0.00000000099999999992 0.00000000099999999992 
0.00000000099999999994 0.99999999600000011313 0.00000000099999999994 0.00000000099999999994 0.00000000099999999994 
0.99999999600000000211 0.00000000099999999984 0.00000000099999999984 0.00000000099999999984 0.00000000099999999984 
0.00000000099999999993 0.99999999600000000211 0.00000000099999999993 0.00000000099999999993 0.00000000099999999993 
0.00000000099999999993 0.99999999600000000211 0.00000000099999999993 0.00000000099999999993 0.00000000099999999993 
0.99999999600000011313 0.00000000099999999986 0.00000000099999999986 0.00000000099999999986 0.00000000099999999986 
0.00000000099999999995 0.99999999600000000211 0.00000000099999999995 0.00000000099999999995 0.00000000099999999995 
0.00000000099999999990 0.00000000099999999990 0.00000000099999999990 0.99999999600000000211 0.00000000099999999990 
0.00000000099999999996 0.00000000099999999996 0.00000000099999999996 0.99999913134231654954 0.00000086565768335041 
0.00000000099999999992 0.00000000099999999992 0.00000000099999999992 0.99999999599999989108 0.00000000099999999992 
0.00000000099999999991 0.00000000099999999991 0.00000000099999999991 0.99999999599999989108 0.00000000099999999991 
0.00000000099999999994 0.00000000099999999994 0.00000072457359648895 0.99999927242640351821 0.00000000099999999994 
0.00000000099999999992 0.00000000099999999992 0.00000000099999999992 0.99999999600000000211 0.00000000099999999992 
0.00000000099999999992 0.00000000099999999992 0.00000000099999999992 0.99999999599999989108 0.00000000099999999992 
0.00000000099999999990 0.00000000099999999990 0.00000000099999999990 0.99999999599999989108 0.00000000099999999990 
0.00000000099999999990 0.99999999600000011313 0.00000000099999999990 0.00000000099999999990 0.00000000099999999990 
0.15391568989352116814 0.83327641821303111147 0.00000000099999999999 0.00000000099999999999 0.01280788989344779950 
0.00000000099999999998 0.99999999600000011313 0.00000000099999999998 0.00000000099999999998 0.00000000099999999998 
0.00000000099999999993 0.00000000099999999993 0.70566667058316423500 0.29433332641683557229 0.00000000099999999993 
0.00000000099999999992 0.00000000099999999992 0.94707546498539652013 0.05292453201460350226 0.00000000099999999992 
0.00000000099999999996 0.96633780498487520383 0.00000000099999999996 0.00000000099999999996 0.03366219201512487408 
0.00000000099999999994 0.00000000099999999994 0.69965758349959883411 0.30034241350040108420 0.00000000099999999994 
0.01487247006856290410 0.89703893236266030176 0.00000000100000000000 0.02795184455696152204 0.06013675201181527957 
0.00000000099999999989 0.00000000099999999989 0.64462809899190531837 0.35537189800809448892 0.00000000099999999989 
0.00000000099999999992 0.00000000099999999992 0.00000000099999999992 0.99999999600000000211 0.00000000099999999992 
0.00000000099999999991 0.00000000099999999991 0.71581064495852553264 0.28418935204147433016 0.00000000099999999991 
0.00000000099999999992 0.00000000099999999992 0.68218234864917459692 0.31781764835082521037 0.00000000099999999992 
0.00000000099999999990 0.00000000099999999990 0.70325149416330523522 0.29674850283669462758 0.00000000099999999990 
0.00000000099999999996 0.00000000099999999996 0.98538857446819372310 0.01461142253180616399 0.00000000099999999996 
0.00000000099999999989 0.00000000099999999989 0.68698274951352722439 0.31301724748647258290 0.00000000099999999989 
0.00000000099999999991 0.00000000099999999991 0.69063862283411414644 0.30936137416588582738 0.00000000099999999991 
0.00000000099999999989 0.00000000099999999989 0.00000000099999999989 0.99999999599999989108 0.00000000099999999989 
0.00068140831583530072 0.96845910647293131923 0.00000000099999999998 0.00000000099999999998 0.03085948321123352725 
0.00000000099999999999 0.96874178286330692167 0.00000000099999999999 0.00000002591375543987 0.03125818922293758378 
0.14814420813126019660 0.84282503625902538413 0.00000000099999999999 0.00000000099999999999 0.00903075360971450185 
0.00000000099999999994 0.00000000099999999994 0.95476652949436979778 0.04523346750563010665 0.00000000099999999994 
0.00000000099999999989 0.00000000099999999989 0.69438800909763531699 0.30561198790236454581 0.00000000099999999989 
0.00000000099999999991 0.00000000099999999991 0.00000000099999999991 0.99999999599999989108 0.00000000099999999991 
0.00000000099999999995 0.00000000099999999995 0.94024833828009202197 0.05975165871990785471 0.00000000099999999995 
0.00000000099999999991 0.00000000099999999991 0.69112140825506251929 0.30887858874493751005 0.00000000099999999991 
0.00000000099999999992 0.00000000099999999992 0.93143717766070144304 0.06856281933929848915 0.00000000099999999992 
0.00000000099999999996 0.00000000099999999996 0.98265691231647311898 0.01734308468352680280 0.00000000099999999996 
0.00000000099999999995 0.00000000099999999995 0.99366344560586106205 0.00633655139413883284 0.00000000099999999995 
0.00000000099999999996 0.97184647582399419363 0.00000000099999999996 0.00000000099999999996 0.02815352117600597795 
0.00559679524171759375 0.00000000100000000000 0.50272090419452986065 0.48499860429669028328 0.00668369526706223335 
0.00000000099999999994 0.00000000099999999994 0.00000000099999999994 0.99999999599999989108 0.00000000099999999994 
0.00000000099999999997 0.00000000099999999997 0.98534505264685035009 0.01465494435314959945 0.00000000099999999997 
0.00000000099999999992 0.00000000099999999992 0.70265366801871365077 0.29734632898128615652 0.00000000099999999992 
0.00538966680930383270 0.98480199006822743968 0.00000000959089448368 0.00000000100000000000 0.00980833253157416610 
0.00000000099999999994 0.00000000099999999994 0.00000000099999999994 0.99999999599999989108 0.00000000099999999994 
0.00000000099999999995 0.00000000099999999995 0.35839109469941010655 0.62974935202036330661 0.01185955128022678218 
0.00000000099999999997 0.00000000099999999997 0.41148913044297069641 0.58805401727308692639 0.00045685028394243192 
0.00000000099999999998 0.00000000099999999998 0.42917620625392677303 0.56340318234095509986 0.00742060940511801801 
0.00000000099999999996 0.00000000099999999996 0.35993189547321691180 0.63539575404882397969 0.00467234847795918850 
0.00000000099999999995 0.00000000099999999995 0.37743256012686515755 0.62216091485277047468 0.00040652302036430177 
0.00000000099999999995 0.00000000099999999995 0.38966076894433870903 0.61033922805566120928 0.00000000099999999995 
0.00000000099999999997 0.00000000099999999997 0.38355959150849716632 0.61475728678446828201 0.00168311970703447444 
0.00000000099999999995 0.00000000099999999995 0.37876214095190618991 0.61412003989863783726 0.00711781714945592531 
0.00000000099999999997 0.00000000099999999997 0.35540648466412577688 0.64459351233587425245 0.00000000099999999997 
0.00000000099999999995 0.00000000099999999995 0.39968991139645937416 0.59716571884162306105 0.00314436776191767296 
0.00000000099999999990 0.99999999600000011313 0.00000000099999999990 0.00000000099999999990 0.00000000099999999990 
0.00486331495694661362 0.99513668204305349985 0.00000000099999999998 0.00000000099999999998 0.00000000099999999998 
0.00000000099999999993 0.99999999600000000211 0.00000000099999999993 0.00000000099999999993 0.00000000099999999993 
0.00000000099999999990 0.99999999600000011313 0.00000000099999999990 0.00000000099999999990 0.00000000099999999990 
0.00000000099999999995 0.99999999600000000211 0.00000000099999999995 0.00000000099999999995 0.00000000099999999995 
0.00000000099999999992 0.99999999600000011313 0.00000000099999999992 0.00000000099999999992 0.00000000099999999992 
0.00000000099999999989 0.99999999600000011313 0.00000000099999999989 0.00000000099999999989 0.00000000099999999989 
0.00000000099999999992 0.99999999600000011313 0.00000000099999999992 0.00000000099999999992 0.00000000099999999992 
0.00000000099999999996 0.99999999600000011313 0.00000000099999999996 0.00000000099999999996 0.00000000099999999996 
0.00000000099999999989 0.99999999600000011313 0.00000000099999999989 0.00000000099999999989 0.00000000099999999989 
0.00000000099999999984 0.00000000099999999984 0.00000000099999999984 0.00000000099999999984 0.99999999599999989108 
0.00000000099999999979 0.00000000099999999979 0.00000000099999999979 0.00000000099999999979 0.99999999599999989108 
0.00000000099999999983 0.00000000099999999983 0.00000000099999999983 0.00000000099999999983 0.99999999600000000211 
0.00000000099999999980 0.00000000099999999980 0.00000000099999999980 0.00000000099999999980 0.99999999599999989108 
0.00000000099999999983 0.00000000099999999983 0.00000000099999999983 0.00000000099999999983 0.99999999599999989108 
0.00000000099999999988 0.00000000099999999988 0.00000000099999999988 0.00000000099999999988 0.99999999600000000211 
0.00000000099999999986 0.00000000099999999986 0.00000000099999999986 0.00000000099999999986 0.99999999599999989108 
0.00000000099999999975 0.00000000099999999975 0.00000000099999999975 0.00000000099999999975 0.99999999599999989108 
0.00000000099999999975 0.00000000099999999975 0.00000000099999999975 0.00000000099999999975 0.99999999599999989108 
0.00000000099999999980 0.00000000099999999980 0.00000000099999999980 0.00000000099999999980 0.99999999600000000211 
0.00000000099999999981 0.00000000099999999981 0.00000000099999999981 0.00000000099999999981 0.99999999599999989108 
0.00000000099999999970 0.00000000099999999970 0.00000000099999999970 0.00000000099999999970 0.99999999600000000211 
0.00000000099999999981 0.00000000099999999981 0.00000000099999999981 0.00000000099999999981 0.99999999600000000211 
0.00000000099999999974 0.00000000099999999974 0.00000000099999999974 0.00000000099999999974 0.99999999600000000211 
0.00000000099999999972 0.00000000099999999972 0.00000000099999999972 0.00000000099999999972 0.99999999599999989108 
0.00000000099999999990 0.00000000099999999990 0.00000000099999999990 0.00000000099999999990 0.99999999600000000211 
0.00000000099999999981 0.00000000099999999981 0.00000000099999999981 0.00000000099999999981 0.99999999599999989108 
0.00000000099999999973 0.00000000099999999973 0.00000000099999999973 0.00000000099999999973 0.99999999599999989108 
0.00000000099999999984 0.00000000099999999984 0.00000000099999999984 0.00000000099999999984 0.99999999600000000211 
0.00000000099999999989 0.00000000099999999989 0.00000000099999999989 0.00000000099999999989 0.99999999599999989108 
0.00000000099999999995 0.99999999600000011313 0.00000000099999999995 0.00000000099999999995 0.00000000099999999995 
0.00000000099999999996 0.99999999600000000211 0.00000000099999999996 0.00000000099999999996 0.00000000099999999996 
0.00015150272766586081 0.99120528691787956888 0.00000000099999999998 0.00000000099999999998 0.00864320835445464043 
0.00000000099999999997 0.99996442853224420944 0.00000000099999999997 0.00000000099999999997 0.00003556846775598077 
0.00000000099999999998 0.99800854271171912657 0.00000000099999999998 0.00000000099999999998 0.00199145428828106669 
0.00000000099999999992 0.99999999600000011313 0.00000000099999999992 0.00000000099999999992 0.00000000099999999992 
0.00399074397417691247 0.99600925302582321574 0.00000000099999999996 0.00000000099999999996 0.00000000099999999996 
0.00000000099999999998 0.99999999600000000211 0.00000000099999999998 0.00000000099999999998 0.00000000099999999998 
0.00000000099999999988 0.99999999600000000211 0.00000000099999999988 0.00000000099999999988 0.00000000099999999988 
0.00017199910365905090 0.99328090421305392788 0.00000000099999999999 0.00000000099999999999 0.00654709468328711075 
0.00000000099999999992 0.99999999600000000211 0.00000000099999999992 0.00000000099999999992 0.00000000099999999992 
0.00000000099999999990 0.99999999600000000211 0.00000000099999999990 0.00000000099999999990 0.00000000099999999990 
0.00000000099999999994 0.99999999600000000211 0.00000000099999999994 0.00000000099999999994 0.00000000099999999994 
0.00000000099999999998 0.99567302569249038768 0.00000000099999999998 0.00000000099999999998 0.00432697130750967548 
0.00000000099999999992 0.99999999600000000211 0.00000000099999999992 0.00000000099999999992 0.00000000099999999992 
0.00000000099999999999 0.99129519896304207904 0.00000000099999999999 0.00870479803695787570 0.00000000099999999999 
0.00000000099999999999 0.99999998079794594208 0.00000000099999999999 0.00000001620205413970 0.00000000099999999999 
0.00000000100000000000 0.99942401754672671732 0.00057581366657285518 0.00000000569174142399 0.00000016209495907044 
0.00000000099999999997 0.00000000099999999997 0.00000000099999999997 0.99452539137128592728 0.00547460562871404655 
0.00000000099999999995 0.00000000099999999995 0.00000000099999999995 0.99999999446446397044 0.00000000253553591993 
0.00000000099999999997 0.00794434260768558942 0.00000000099999999997 0.98829207711304312145 0.00376357827927119087 
0.00220364910949597762 0.00000000099999999999 0.00000000099999999999 0.99559801059531016776 0.00219833829519379713 
0.00000000100000000000 0.01006599553232281723 0.00000000402522780188 0.96776956872498753892 0.02216443071746190818 
0.00000000099999999999 0.00391699347595273611 0.00000000099999999999 0.99608298408248496791 0.00000002044156231857 
0.00000000099999999998 0.00000000099999999998 0.00000000099999999998 0.99999978178090020986 0.00000021521909967011 
0.00000000099999999996 0.00000000099999999996 0.00000000099999999996 0.99999999600000000211 0.00000000099999999996 
0.00000000099999999995 0.00000000099999999995 0.00000000099999999995 0.99999999599999989108 0.00000000099999999995 
0.00000000099999999998 0.00000000099999999998 0.00000000099999999998 0.99999999599999989108 0.00000000099999999998 
0.00000000099999999998 0.00000000099999999998 0.00000000099999999998 0.98731344830821687886 0.01268654869178297874 
0.00000000099999999995 0.00000000099999999995 0.00000000099999999995 0.99944188287196655818 0.00055811412803336621 
0.00588315198206238246 0.00000000099999999999 0.00000000099999999999 0.97284967980402514698 0.02126716621391248549 
0.00000000099999999996 0.00000000099999999996 0.00000000099999999996 0.99999999599999989108 0.00000000099999999996 
0.00000000099999999996 0.00000000099999999996 0.00000000099999999996 0.99999999599999989108 0.00000000099999999996 
0.00000000099999999998 0.00000000099999999998 0.00000000099999999998 0.97603140083072481570 0.02396859616927507833 
0.00000000099999999993 0.00000000099999999993 0.00000000099999999993 0.99999999600000000211 0.00000000099999999993 
0.00000000099999999997 0.00000000099999999997 0.00000000099999999997 0.99889619190014800054 0.00110380509985201079 
0.00000000099999999995 0.00000000099999999995 0.00000000099999999995 0.99366373277080011217 0.00633626422919978966 
0.00000000099999999995 0.00000000099999999995 0.00000000099999999995 0.99999999599999989108 0.00000000099999999995 
0.00000000099999999993 0.00000000099999999993 0.57074141593431848563 0.42925858106568137718 0.00000000099999999993 
0.00000000099999999994 0.00000000099999999994 0.59489867137841423439 0.40510132562158568392 0.00000000099999999994 
0.00000000099999999997 0.00000000099999999997 0.59037708690940626788 0.40962291009059370595 0.00000000099999999997 
0.03314644939383167010 0.00000000099999999999 0.53647891059003172121 0.42693975550525903317 0.00343488351087763719 
0.00000000099999999998 0.00000000099999999998 0.58129123038980112792 0.41751595124649498736 0.00119281636370368628 
0.00000000099999999995 0.00000000099999999995 0.56510926951125428630 0.43489072748874568752 0.00000000099999999995 
0.00000000099999999994 0.00000000099999999994 0.55822494037221503937 0.44177505662778476792 0.00000000099999999994 
0.00000033187441125876 0.00000003698874795386 0.55361514731540384382 0.44638448282143688983 0.00000000100000000000 
0.00000000099999999994 0.00000000099999999994 0.60723666286657540514 0.39276333413342456868 0.00000000099999999994 
0.00000000099999999996 0.00000000099999999996 0.53823920367449329394 0.46176079332550651335 0.00000000099999999996 
0.00000000099999999996 0.00000000099999999996 0.53950683499483942374 0.46010224624279083550 0.00039091676236966219 
0.00000000099999999998 0.00000000099999999998 0.54445791614395622204 0.45397710989865447395 0.00156497195738920900 
0.00000000099999999997 0.00000000099999999997 0.55258344231894118703 0.43312053953044399313 0.01429601615061475844 
0.00000000099999999996 0.00000000099999999996 0.52352698170329037275 0.46693131835268736340 0.00954169794402210010 
