0.99999999699999997382 0.00000000099999999982 0.00000000099999999982 0.00000000099999999982 
0.00573865132432680326 0.00475864464248797539 0.00000000099999999999 0.98950270303318521581 
0.04845118221668506808 0.93829519981255615768 0.00000000099999999998 0.01325361697075882854 
0.05025698591183500735 0.92236849980098289947 0.00000000099999999998 0.02737451328718205901 
0.05014203844974246538 0.00000000099999999999 0.00235251277476434834 0.94750544777549317033 
0.04751489403448336951 0.00569186763861689263 0.00047780012141668737 0.94631543820548302826 
0.00000000099999999985 0.00000000099999999985 0.99999999699999986280 0.00000000099999999985 
0.00000000099999999975 0.00000000099999999975 0.99999999699999997382 0.00000000099999999975 
0.00000000099999999997 0.00000000099999999997 0.00000000099999999997 0.99999999700000008485 
0.00000000099999999984 0.00000000099999999984 0.99999999699999997382 0.00000000099999999984 
0.00000000099999999994 0.00000000099999999994 0.00000000099999999994 0.99999999700000008485 
0.00000000099999999980 0.00000000099999999980 0.99999999699999986280 0.00000000099999999980 
0.00000000099999999997 0.00000000099999999997 0.00000000099999999997 0.99999999699999997382 
0.00000000099999999999 0.00002667430146134717 0.00000000099999999999 0.99997332369853875189 
0.00000000099999999996 0.00000000099999999996 0.00000000099999999996 0.99999999700000008485 
0.02804436106896463290 0.00295202463272964443 0.00000000099999999999 0.96900361329830575485 
0.05669007483150741156 0.00524667560351183438 0.00004362135197676635 0.93801962821300399753 
0.00000000099999999987 0.00000000099999999987 0.99999999699999986280 0.00000000099999999987 
0.00000000099999999981 0.00000000099999999981 0.99999999699999986280 0.00000000099999999981 
0.00000000099999999972 0.00000000099999999972 0.99999999699999986280 0.00000000099999999972 
0.99999999699999997382 0.00000000099999999986 0.00000000099999999986 0.00000000099999999986 
0.00039169763746761297 0.00000000099999999998 0.00000000099999999998 0.99960830036253234265 
0.00000000099999999996 0.00000000099999999996 0.00000000099999999996 0.99999999699999997382 
0.00000000099999999977 0.00000000099999999977 0.99999999699999997382 0.00000000099999999977 
0.00000000099999999978 0.00000000099999999978 0.99999999699999997382 0.00000000099999999978 
0.00000000099999999974 0.00000000099999999974 0.99999999699999997382 0.00000000099999999974 
0.00000567938200503619 0.98598213800517797711 0.00000007221453365322 0.01401211039828332769 
0.00000000099999999995 0.00000000099999999995 0.00000000099999999995 0.99999999699999997382 
0.00000000099999999999 0.00000000099999999999 0.00605892725639261154 0.99394107074360749099 
0.00000000099999999989 0.00000000099999999989 0.99999999699999997382 0.00000000099999999989 
0.00000000099999999991 0.00000000099999999991 0.00000000099999999991 0.99999999699999997382 
0.00000000099999999978 0.00000000099999999978 0.99999999699999997382 0.00000000099999999978 
0.04298863573382994546 0.94734499858151965945 0.00179814467719503356 0.00786822100745535741 
0.99999999700000008485 0.00000000099999999981 0.00000000099999999981 0.00000000099999999981 
0.00000000099999999978 0.00000000099999999978 0.99999999699999997382 0.00000000099999999978 
0.00000000099999999998 0.00000000099999999998 0.00000000099999999998 0.99999999700000008485 
0.00000000099999999998 0.00000000099999999998 0.00000000099999999998 0.99999999699999997382 
0.00209810139879989740 0.00000000099999999998 0.00000000099999999998 0.99790189660120021120 
0.02100829458150538231 0.02737565088832067534 0.12295071900740611737 0.82866533552276777641 
0.00000000099999999982 0.00000000099999999982 0.99999999699999997382 0.00000000099999999982 
0.01772341294490164393 0.00000000099999999994 0.98227658505509840570 0.00000000099999999994 
0.99999999699999997382 0.00000000099999999989 0.00000000099999999989 0.00000000099999999989 
0.99999999700000008485 0.00000000099999999979 0.00000000099999999979 0.00000000099999999979 
0.02480577890094570401 0.01519434244476613668 0.11638234788624229887 0.84361753076804590901 
0.00000000099999999990 0.00000000099999999990 0.99999999699999997382 0.00000000099999999990 
0.04173245168532664640 0.01729141990372319582 0.00000000100000000000 0.94097612741095004729 
0.00000000099999999972 0.00000000099999999972 0.99999999699999997382 0.00000000099999999972 
0.00000000099999999988 0.00000000099999999988 0.99999999699999997382 0.00000000099999999988 
0.00000000099999999984 0.00000000099999999984 0.99999999699999997382 0.00000000099999999984 
0.04085025903328474289 0.94256760714372911369 0.00000000099999999999 0.01658213282298619251 
0.00000000099999999989 0.00000000099999999989 0.00000000099999999989 0.99999999700000008485 
0.00000000099999999991 0.00000000099999999991 0.00000000099999999991 0.99999999699999997382 
0.00000000099999999992 0.00000000099999999992 0.00000000099999999992 0.99999999699999997382 
0.00000000099999999996 0.00000000099999999996 0.00000000099999999996 0.99999999699999997382 
0.00000000099999999984 0.00000000099999999984 0.99999999699999997382 0.00000000099999999984 
0.00000000099999999982 0.00000000099999999982 0.99999999699999986280 0.00000000099999999982 
0.99999999699999997382 0.00000000099999999985 0.00000000099999999985 0.00000000099999999985 
0.05183337899902830392 0.00000000099999999998 0.00000000099999999998 0.94816661900097176652 
0.00000000099999999992 0.00000000099999999992 0.00000000099999999992 0.99999999699999997382 
0.01657247389103197813 0.20258667435092089781 0.00000000099999999999 0.78084085075804710030 
0.02586950382630231679 0.93912557358098103233 0.03500492159271668957 0.00000000100000000000 
0.00000000099999999995 0.00000000099999999995 0.92326850726340348174 0.07673149073659646380 
0.00000000099999999993 0.00000000099999999993 0.99999999699999997382 0.00000000099999999993 
0.05187850400437069021 0.87008785087157369809 0.07802868038852203703 0.00000496473553356781 
0.00000000099999999999 0.00000000099999999999 0.13919481776934528039 0.86080518023065477617 
0.01194711108220707432 0.91966369088519617225 0.00000000100000000000 0.06838919703259671579 
0.00000000099999999992 0.00000000099999999992 0.00000000099999999992 0.99999999699999997382 
0.00000000099999999991 0.00000000099999999991 0.00000000099999999991 0.99999999700000008485 
0.00000000099999999997 0.00000000099999999997 0.04609317892008929496 0.95390681907991070609 
0.00000000099999999998 0.00000000099999999998 0.16843019749403984053 0.83156980050596018827 
0.05590923629607275069 0.94228466421524148533 0.00000000099999999997 0.00180609848868572656 
0.00235720806545324044 0.00000000099999999999 0.00000000099999999999 0.99764278993454669209 
0.01315485729390706605 0.81944302120907053233 0.16183726684938801177 0.00556485464763443322 
0.00465643474601059107 0.00000000099999999999 0.13146575347625422125 0.86387781077773517779 
0.00000000099999999993 0.00000000099999999993 0.92168770943277533725 0.07831228856722471932 
0.00000001611779889761 0.01384519511866916935 0.35318569771110164268 0.63296909105243026605 
0.00000000100000000000 0.03351159731606973002 0.00001377132702391232 0.96647463035690639455 
0.00190193798167001007 0.00000000099999999999 0.00000000099999999999 0.99809806001833001332 
0.00000000099999999991 0.00000000099999999991 0.00000000099999999991 0.99999999699999997382 
0.00465665333166372878 0.02242403509723540217 0.97164157066826317699 0.00127774090283775820 
0.05493302666878890211 0.93297707414649078128 0.00000000099999999999 0.01208989818472041775 
0.00000000099999999976 0.00000000099999999976 0.99999999699999986280 0.00000000099999999976 
0.11020193021075738726 0.00000000099999999997 0.00000000099999999997 0.88979806778924253052 
0.00000000099999999997 0.00000000099999999997 0.00000000099999999997 0.99999999700000008485 
0.03395030380780864054 0.00082182690506333634 0.01510598950949324296 0.95012187977763484792 
0.00000000099999999987 0.00000000099999999987 0.00000000099999999987 0.99999999699999997382 
0.00278527636612439832 0.00000000099999999998 0.00000000099999999998 0.99721472163387558929 
0.06411797922898973545 0.83118011603996999614 0.09532700418947311072 0.00937490054156726871 
0.00000000099999999998 0.00000000099999999998 0.15058745657702440890 0.84941254142297561991 
0.01356410407754026458 0.09735241414219687750 0.00000000099999999999 0.88908348078026278039 
0.03079521181958995088 0.96920478618040994956 0.00000000099999999997 0.00000000099999999997 
0.88257560094060460987 0.00000000099999999995 0.00000000099999999995 0.11742439705939555772 
0.00000005408613452196 0.02675284303116867018 0.00334626396275447460 0.96990083891994238741 
0.05464918376289897711 0.00000000100000000000 0.00000016543250117100 0.94535064980459981854 
0.03854757567272607682 0.00000000099999999999 0.00000000099999999999 0.96145242232727390341 
0.04383935559274215049 0.00000000099999999993 0.95616064240725773260 0.00000000099999999993 
0.99999999700000008485 0.00000000099999999976 0.00000000099999999976 0.00000000099999999976 
0.99999999699999997382 0.00000000099999999986 0.00000000099999999986 0.00000000099999999986 
0.99999999699999997382 0.00000000099999999987 0.00000000099999999987 0.00000000099999999987 
0.99070767851815721983 0.00000000099999999998 0.00000000099999999998 0.00929231948184281939 
0.99999999700000008485 0.00000000099999999986 0.00000000099999999986 0.00000000099999999986 
0.99999999699999997382 0.00000000099999999994 0.00000000099999999994 0.00000000099999999994 
0.99999999700000008485 0.00000000099999999982 0.00000000099999999982 0.00000000099999999982 
0.99999999699999997382 0.00000000099999999977 0.00000000099999999977 0.00000000099999999977 
0.99999999700000008485 0.00000000099999999994 0.00000000099999999994 0.00000000099999999994 
0.99999999699999997382 0.00000000099999999983 0.00000000099999999983 0.00000000099999999983 
0.99991270445202407036 0.00000000099999999998 0.00008729354797601853 0.00000000099999999998 
0.11409689861803988531 0.86655855659210234698 0.00000000099999999998 0.01934454378985782375 
0.99999999700000008485 0.00000000099999999981 0.00000000099999999981 0.00000000099999999981 
0.99999999699999997382 0.00000000099999999978 0.00000000099999999978 0.00000000099999999978 
0.99999999700000008485 0.00000000099999999986 0.00000000099999999986 0.00000000099999999986 
0.99999999699999997382 0.00000000099999999986 0.00000000099999999986 0.00000000099999999986 
0.99999999700000008485 0.00000000099999999983 0.00000000099999999983 0.00000000099999999983 
0.99999999699999997382 0.00000000099999999988 0.00000000099999999988 0.00000000099999999988 
0.99999999699999997382 0.00000000099999999977 0.00000000099999999977 0.00000000099999999977 
0.99999999699999997382 0.00000000099999999980 0.00000000099999999980 0.00000000099999999980 
0.99999999699999997382 0.00000000099999999982 0.00000000099999999982 0.00000000099999999982 
0.00000000099999999990 0.99999999699999997382 0.00000000099999999990 0.00000000099999999990 
0.02220810375855927082 0.97754726088378474103 0.00000000099999999998 0.00024463435765614041 
0.00000000099999999990 0.99999999699999997382 0.00000000099999999990 0.00000000099999999990 
0.00004877333908192107 0.99995122466091812541 0.00000000099999999998 0.00000000099999999998 
0.00000000099999999995 0.00000000099999999995 0.00000000099999999995 0.99999999699999997382 
0.00000000099999999992 0.99999999699999997382 0.00000000099999999992 0.00000000099999999992 
0.02834095228158151764 0.96781097380932357144 0.00000000099999999998 0.00384807290909502031 
0.04534684926062309412 0.95295017590299291310 0.00000000099999999998 0.00170297383638392716 
0.08266532798166777163 0.90323016794848032252 0.00000000099999999998 0.01410450306985197924 
0.00000000099999999990 0.99999999700000008485 0.00000000099999999990 0.00000000099999999990 
0.06557103006593953398 0.91864276698500146878 0.00000000099999999998 0.01578620194905909144 
0.00000000099999999994 0.00000000099999999994 0.00000000099999999994 0.99999999699999997382 
0.03728670587208003651 0.95310004080836174811 0.00000000099999999998 0.00961325231955820550 
0.00743248478140096092 0.99256751321859904014 0.00000000099999999997 0.00000000099999999997 
0.00000000099999999994 0.99999999700000008485 0.00000000099999999994 0.00000000099999999994 
0.00000000099999999995 0.99999999699999997382 0.00000000099999999995 0.00000000099999999995 
0.07820201393281260571 0.90222518648146154963 0.00000000099999999998 0.01957279858572579662 
0.00000000099999999994 0.00000000099999999994 0.00000000099999999994 0.99999999700000008485 
0.00000000099999999995 0.00000000099999999995 0.00000000099999999995 0.99999999699999997382 
0.02315231678061821161 0.97684768121938181373 0.00000000099999999995 0.00000000099999999995 
0.00000000099999999994 0.99999999700000008485 0.00000000099999999994 0.00000000099999999994 
0.06528497615883502303 0.92321326282507520933 0.00000000099999999998 0.01150176001608981848 
0.00000000099999999995 0.99999999699999997382 0.00000000099999999995 0.00000000099999999995 
0.08444186193604745483 0.89938143692400651652 0.00000000099999999999 0.01617670013994606040 
0.00000000099999999995 0.00000000099999999995 0.00000000099999999995 0.99999999700000008485 
0.00000000099999999995 0.00000000099999999995 0.00000000099999999995 0.99999999699999997382 
0.00000000099999999992 0.00000000099999999992 0.00000000099999999992 0.99999999699999997382 
0.00000000099999999993 0.99999999699999997382 0.00000000099999999993 0.00000000099999999993 
0.00000000099999999995 0.99999999699999997382 0.00000000099999999995 0.00000000099999999995 
0.00000000099999999993 0.99999999699999997382 0.00000000099999999993 0.00000000099999999993 
0.00000000099999999991 0.99999999699999997382 0.00000000099999999991 0.00000000099999999991 
0.00000000099999999996 0.99999999700000008485 0.00000000099999999996 0.00000000099999999996 
0.01189049724128026474 0.98810950075871983866 0.00000000099999999995 0.00000000099999999995 
0.08344250493684246539 0.90160609152972059910 0.00000000099999999998 0.01495140253343689093 
0.00000000099999999993 0.99999999700000008485 0.00000000099999999993 0.00000000099999999993 
0.00000000099999999994 0.00000000099999999994 0.00000000099999999994 0.99999999700000008485 
0.07757791025488156023 0.90275667629545286452 0.00000000099999999999 0.01966541244966555496 
0.00000000099999999998 0.00000000099999999998 0.00000000099999999998 0.99999999699999997382 
0.00000000099999999992 0.00000000099999999992 0.00000000099999999992 0.99999999700000008485 
0.00000000099999999995 0.00000000099999999995 0.00000000099999999995 0.99999999699999997382 
0.00000000099999999994 0.00000000099999999994 0.00000000099999999994 0.99999999699999997382 
0.00000000099999999991 0.99999999700000008485 0.00000000099999999991 0.00000000099999999991 
0.00000000099999999991 0.99999999700000008485 0.00000000099999999991 0.00000000099999999991 
0.00000000099999999993 0.99999999700000008485 0.00000000099999999993 0.00000000099999999993 
0.01838809803285988698 0.98161189996714004469 0.00000000099999999997 0.00000000099999999997 
0.00000000099999999994 0.99999999700000008485 0.00000000099999999994 0.00000000099999999994 
0.00000000099999999995 0.00000000099999999995 0.00000000099999999995 0.99999999699999997382 
0.00000000099999999996 0.00000000099999999996 0.00000000099999999996 0.99999999699999997382 
0.00000000099999999993 0.99999999699999997382 0.00000000099999999993 0.00000000099999999993 
0.00000000099999999997 0.99999999700000008485 0.00000000099999999997 0.00000000099999999997 
0.06228147349828959400 0.91260138259376022418 0.00000000099999999998 0.02511714290795016846 
0.00962023295954143702 0.99037976504045865944 0.00000000099999999998 0.00000000099999999998 
0.00000034142676185684 0.99999965657323808266 0.00000000099999999995 0.00000000099999999995 
0.00000000099999999996 0.00000000099999999996 0.00000000099999999996 0.99999999700000008485 
0.00000000099999999996 0.00000000099999999996 0.00000000099999999996 0.99999999700000008485 
0.02659536438987300522 0.96207711581966393055 0.00000000099999999999 0.01132751879046307690 
0.03536833205763554450 0.02089241344610488771 0.10562932115415070433 0.83810993334210881489 
0.03748530109508643043 0.96251469690491353592 0.00000000099999999999 0.00000000099999999999 
0.08450055440657885941 0.89774467468510743551 0.00000000099999999999 0.01775476990831381663 
0.07629335991873481548 0.89804534099676114334 0.00000000099999999999 0.02566129808450389599 
0.00000000099999999996 0.00000000099999999996 0.00000000099999999996 0.99999999700000008485 
0.02318169125274514158 0.96316959539855218075 0.00649471848401772696 0.00715399486468504091 
0.05836980712191063014 0.94151742261095949793 0.00000000099999999999 0.00011276926712993043 
0.05635823258558133458 0.94364176541441868729 0.00000000099999999996 0.00000000099999999996 
0.05290573888201378916 0.94467871467752118075 0.00138162257278962833 0.00103392386767531264 
0.04565402502781442523 0.95434597297218559664 0.00000000099999999998 0.00000000099999999998 
0.05110458200771347131 0.94419341031336212477 0.00000000099999999998 0.00470200667892451980 
0.04192715955826775698 0.95807283844173218856 0.00000000099999999998 0.00000000099999999998 
0.02827633882524030126 0.01276548540730324151 0.09333688220665617430 0.86562129356080030895 
0.00000000099999999995 0.00000000099999999995 0.00000000099999999995 0.99999999699999997382 
0.04295539663065812280 0.00014597734029978292 0.00000000100000000000 0.95689862502904210473 
0.00000008702036778863 0.00924686478995911422 0.00000000099999999999 0.99075304718967316386 
0.00000000099999999993 0.00000000099999999993 0.00000000099999999993 0.99999999699999997382 
0.00380594878313707903 0.96100165416511007521 0.03519239605175288749 0.00000000099999999999 
0.00000000099999999996 0.00000000099999999996 0.00000000099999999996 0.99999999700000008485 
0.99999999700000008485 0.00000000099999999979 0.00000000099999999979 0.00000000099999999979 
0.00000000099999999997 0.01812836218162241012 0.00000000099999999997 0.98187163581837755277 
0.05664324544969899511 0.93748865861397634447 0.00000000099999999998 0.00586809493632471646 
0.96034058340085803884 0.00000000099999999994 0.00000000099999999994 0.03965941459914194139 
0.00000000099999999986 0.00000000099999999986 0.00000000099999999986 0.99999999699999997382 
0.00000000099999999998 0.00000000099999999998 0.01705889329539469687 0.98294110470460527296 
0.00000000099999999990 0.00000000099999999990 0.99999999699999997382 0.00000000099999999990 
0.00000000099999999999 0.00923697586116731771 0.50918023417312352485 0.48158278896570905214 
0.99999999699999997382 0.00000000099999999983 0.00000000099999999983 0.00000000099999999983 
0.01428203463355888492 0.02281184456375026648 0.13308770956709647937 0.82981841123559441087 
0.04376437498224625133 0.02170026249115561759 0.00000000099999999999 0.93453536152659810732 
0.05044113958855341723 0.94340791673576684939 0.00000000099999999998 0.00615094267567973130 
0.00000000099999999978 0.00000000099999999978 0.99999999699999997382 0.00000000099999999978 
0.00000000099999999994 0.00000000099999999994 0.00000000099999999994 0.99999999699999997382 
0.00001353161227240533 0.00000000099999999998 0.00000000099999999998 0.99998646638772770157 
0.00000000099999999973 0.00000000099999999973 0.99999999699999997382 0.00000000099999999973 
0.98385409946682289561 0.00000000099999999995 0.00000000099999999995 0.01614589853317716789 
0.02410205562503516322 0.97589794237496496621 0.00000000099999999996 0.00000000099999999996 
0.00000000099999999983 0.00000000099999999983 0.99999999699999997382 0.00000000099999999983 
0.00000000099999999994 0.00000000099999999994 0.00000000099999999994 0.99999999700000008485 
0.03458641029321567889 0.00496452086163757123 0.00373415175732331800 0.95671491708782341323 
0.00000000099999999998 0.00000000099999999998 0.00395803782346679407 0.99604196017653323647 
0.00000000099999999987 0.00000000099999999987 0.00000000099999999987 0.99999999699999997382 
0.04437863264620234283 0.94671369886627632084 0.00000000099999999997 0.00890766748752152594 
0.00000000099999999987 0.00000000099999999987 0.00000000099999999987 0.99999999699999997382 
0.00000000099999999974 0.00000000099999999974 0.99999999699999986280 0.00000000099999999974 
0.00000000099999999997 0.00000000099999999997 0.00000000099999999997 0.99999999699999997382 
0.00000000099999999995 0.00000000099999999995 0.00000000099999999995 0.99999999699999997382 
0.03911075708837204179 0.00000000099999999998 0.00000000099999999998 0.96088924091162797314 
0.00000000099999999997 0.00000000099999999997 0.00000000099999999997 0.99999999699999997382 
0.00000000099999999985 0.00000000099999999985 0.99999999699999997382 0.00000000099999999985 
0.00000000099999999999 0.00001687260656992363 0.00611894837490296536 0.99386417801852711129 
0.00000000099999999997 0.00000000099999999997 0.00000000099999999997 0.99999999699999997382 
0.00000000099999999989 0.00000000099999999989 0.00000000099999999989 0.99999999699999997382 
0.00000000099999999989 0.00000000099999999989 0.00000000099999999989 0.99999999700000008485 
0.00000000099999999990 0.00000000099999999990 0.00000000099999999990 0.99999999700000008485 
0.00706993189481430230 0.00000000099999999998 0.00000000099999999998 0.99293006610518563804 
0.00000000099999999998 0.00000000099999999998 0.20460856001822136374 0.79539143798177858180 
0.05180619850124357217 0.94819379949875648439 0.00000000099999999998 0.00000000099999999998 
0.00000004512746923596 0.99999995287253085063 0.00000000099999999994 0.00000000099999999994 
0.00000000099999999997 0.94148838128039680218 0.05851161671960327521 0.00000000099999999997 
0.00000000099999999995 0.99999999700000008485 0.00000000099999999995 0.00000000099999999995 
0.00062490500190514621 0.99937509299809501595 0.00000000099999999994 0.00000000099999999994 
0.00534357062583073507 0.99465642737416926078 0.00000000099999999998 0.00000000099999999998 
0.00000000099999999995 0.99999999699999997382 0.00000000099999999995 0.00000000099999999995 
0.00000000099999999986 0.00000000099999999986 0.99999999699999997382 0.00000000099999999986 
0.04409497224457464837 0.94814367053810622021 0.00000000099999999997 0.00776135621731924297 
0.00000000099999999995 0.99999999699999997382 0.00000000099999999995 0.00000000099999999995 
0.00000016777768479762 0.99999983022231508922 0.00000000099999999997 0.00000000099999999997 
0.00000000099999999989 0.99999999700000008485 0.00000000099999999989 0.00000000099999999989 
0.00000000099999999996 0.99999999700000008485 0.00000000099999999996 0.00000000099999999996 
0.00000000099999999999 0.68925368003111975312 0.30137900585172472390 0.00936731311715550963 
0.00000000099999999999 0.68088911750565750403 0.31023046186587011075 0.00888041962847247943 
0.00894357034859612210 0.99105642765140378181 0.00000000099999999997 0.00000000099999999997 
0.00000000099999999992 0.99999999700000008485 0.00000000099999999992 0.00000000099999999992 
0.01065503950491326554 0.98934495849508663490 0.00000000099999999996 0.00000000099999999996 
0.00000000099999999995 0.00000000099999999995 0.00000000099999999995 0.99999999700000008485 
0.00000100724111618251 0.99999899075888387667 0.00000000099999999998 0.00000000099999999998 
0.04873761567431265235 0.94712939461926670681 0.00000000099999999999 0.00413298870642057198 
0.00614046212784057598 0.99385953587215947191 0.00000000099999999996 0.00000000099999999996 
0.00127225879912383488 0.99872773920087609678 0.00000000099999999997 0.00000000099999999997 
0.00530626732104386243 0.99469373067895616725 0.00000000099999999992 0.00000000099999999992 
0.00830113940500873740 0.99169885859499118386 0.00000000099999999998 0.00000000099999999998 
0.00000000099999999994 0.99999999699999997382 0.00000000099999999994 0.00000000099999999994 
0.00409986636170166577 0.99590013163829838039 0.00000000099999999996 0.00000000099999999996 
0.00818083978102746717 0.99181915821897259633 0.00000000099999999994 0.00000000099999999994 
0.00875705210007389663 0.99124294589992612003 0.00000000099999999998 0.00000000099999999998 
0.03739937789474600399 0.95218099791921340103 0.00000000099999999997 0.01041962318604075684 
0.00485507164096275496 0.99514492635903717410 0.00000000099999999997 0.00000000099999999997 
0.00000000099999999979 0.00000000099999999979 0.99999999699999997382 0.00000000099999999979 
0.00000000099999999993 0.99999999699999997382 0.00000000099999999993 0.00000000099999999993 
0.00000000099999999997 0.00000000099999999997 0.00000000099999999997 0.99999999700000008485 
0.00000000099999999989 0.99999999700000008485 0.00000000099999999989 0.00000000099999999989 
0.00000000099999999999 0.67534785417585607714 0.30715408804646471275 0.01749805677767911002 
0.00000000099999999994 0.99999999700000008485 0.00000000099999999994 0.00000000099999999994 
0.00871583890224634887 0.99128415909775358106 0.00000000099999999996 0.00000000099999999996 
0.00004362551521590665 0.99995637248478419501 0.00000000099999999996 0.00000000099999999996 
0.00481431573960666194 0.99518568226039338942 0.00000000099999999996 0.00000000099999999996 
0.00038680013138894971 0.99961319786861091430 0.00000000099999999998 0.00000000099999999998 
0.00312281877904178103 0.99687717922095819834 0.00000000099999999995 0.00000000099999999995 
0.00000000099999999999 0.68368589054920803072 0.31627245984782831334 0.00004164860296367962 
0.05098925679384216925 0.94401153396301740184 0.00000000099999999997 0.00499920824314041296 
0.00940440217535847348 0.99059559582464162819 0.00000000099999999998 0.00000000099999999998 
0.04766256831735977278 0.94689656409160516404 0.00000000099999999998 0.00544086659103495702 
0.00719868207376047654 0.99280131592623954706 0.00000000099999999998 0.00000000099999999998 
0.00324734282904746898 0.99675265517095246182 0.00000000099999999994 0.00000000099999999994 
0.00990524853595741925 0.99009357821104526653 0.00000000099999999998 0.00000117225299734434 
0.00000000099999999995 0.99999999699999997382 0.00000000099999999995 0.00000000099999999995 
0.00000000099999999988 0.99999999700000008485 0.00000000099999999988 0.00000000099999999988 
0.00000000099999999995 0.99999999699999997382 0.00000000099999999995 0.00000000099999999995 
0.00000000099999999994 0.99999999700000008485 0.00000000099999999994 0.00000000099999999994 
0.05024502001140958296 0.94063266215015373106 0.00000000099999999998 0.00912231683843667263 
0.00000000099999999998 0.00000000099999999998 0.00000000099999999998 0.99999999699999997382 
0.00838960248659811197 0.99161039551340190989 0.00000000099999999998 0.00000000099999999998 
0.00000000099999999978 0.00000000099999999978 0.99999999699999997382 0.00000000099999999978 
0.00000000099999999989 0.00000000099999999989 0.99999999699999997382 0.00000000099999999989 
0.00000000099999999995 0.99999999699999997382 0.00000000099999999995 0.00000000099999999995 
0.00000000099999999996 0.99999999700000008485 0.00000000099999999996 0.00000000099999999996 
0.00004021915075453586 0.99975239708578345077 0.00000000099999999999 0.00020738276346199215 
0.00000008115987269715 0.99999991684012734527 0.00000000099999999997 0.00000000099999999997 
0.00953474366403403266 0.99046521134402265574 0.00000000099999999998 0.00000004399194333110 
0.00000000099999999999 0.95130978847129954445 0.04869020952870048435 0.00000000099999999999 
0.00386421036550853129 0.99141804672444255875 0.00000000099999999999 0.00471774191004906661 
0.00000000099999999994 0.00000000099999999994 0.00000000099999999994 0.99999999700000008485 
0.00000000099999999996 0.99999999699999997382 0.00000000099999999996 0.00000000099999999996 
0.00000000099999999995 0.99999999700000008485 0.00000000099999999995 0.00000000099999999995 
0.00522300952524509549 0.99477698847475493071 0.00000000099999999998 0.00000000099999999998 
0.00153496951393513139 0.99846502848606477620 0.00000000099999999998 0.00000000099999999998 
0.00436607772881093814 0.99563369011891478255 0.00000000100000000000 0.00000023115227422322 
0.00000000099999999995 0.99999999699999997382 0.00000000099999999995 0.00000000099999999995 
0.02649954769947261354 0.97350045030052734241 0.00000000099999999995 0.00000000099999999995 
0.01236485381139371294 0.98763514418860620658 0.00000000099999999998 0.00000000099999999998 
0.06595840956413565048 0.93333993077841181929 0.00000000099999999998 0.00070165865745254919 
0.01333911470672752980 0.98666088329327239492 0.00000000099999999995 0.00000000099999999995 
0.00452881206760135692 0.93098834914658346040 0.06448277969618891603 0.00000005908962631770 
0.00000000099999999993 0.99999999699999997382 0.00000000099999999993 0.00000000099999999993 
0.00000000099999999996 0.99999999699999997382 0.00000000099999999996 0.00000000099999999996 
0.00935486389668758501 0.99064513410331256349 0.00000000099999999998 0.00000000099999999998 
0.00978664375521853640 0.99021335424478140741 0.00000000099999999995 0.00000000099999999995 
0.00000000099999999999 0.88186733498256908437 0.11813266301743088893 0.00000000099999999999 
0.00002771172149928988 0.99997228627850076599 0.00000000099999999998 0.00000000099999999998 
0.00000000099999999999 0.94304816207871766665 0.05695183592128230665 0.00000000099999999999 
0.00000217982096653795 0.93521187603169309011 0.05682859744124538204 0.00795734670609513951 
0.03728353028172442379 0.95843370678499095749 0.00000000100000000000 0.00428276193328475455 
0.01592290350498683574 0.98407709449501323817 0.00000000099999999996 0.00000000099999999996 
0.01407716552397547324 0.98592283247602463536 0.00000000099999999997 0.00000000099999999997 
0.00000000099999999999 0.77332064270033828990 0.22667935529966176667 0.00000000099999999999 
0.01515424287006055665 0.98484575512993932644 0.00000000099999999998 0.00000000099999999998 
0.01962020518314033790 0.98037979281685960764 0.00000000099999999997 0.00000000099999999997 
0.00482892239135784482 0.99517107560864204174 0.00000000099999999996 0.00000000099999999996 
0.01012300775676072684 0.98987699024323927421 0.00000000099999999998 0.00000000099999999998 
0.00000000099999999999 0.86301633654117770877 0.13698366145882229228 0.00000000099999999999 
0.00937953991152647854 0.99062045808847365436 0.00000000099999999999 0.00000000099999999999 
0.00000000099999999994 0.99999999700000008485 0.00000000099999999994 0.00000000099999999994 
0.00603769552505247116 0.91037709263120358827 0.07327295445701589860 0.01031225738672819636 
0.00000000099999999999 0.93462272438626736726 0.06537596819913037149 0.00000130641460224754 
0.00068352609988724686 0.99931647190011274606 0.00000000099999999998 0.00000000099999999998 
0.00000000099999999995 0.99999999699999997382 0.00000000099999999995 0.00000000099999999995 
0.00000000099999999998 0.99732782793364360696 0.00267217006635638585 0.00000000099999999998 
0.00000000099999999993 0.99999999699999997382 0.00000000099999999993 0.00000000099999999993 
0.00000000099999999992 0.99999999699999997382 0.00000000099999999992 0.00000000099999999992 
0.00039008141361258848 0.99960991658638731483 0.00000000099999999998 0.00000000099999999998 
0.00000000099999999999 0.75813594674603057566 0.23933815698691271456 0.00252589526705678099 
0.00000000099999999998 0.76062054772343568043 0.23937945027656420960 0.00000000099999999998 
0.00000258254327200036 0.77850220857761176507 0.22125188481602192647 0.00024332406309433835 
0.00475259946572243602 0.89736605643063116489 0.09788102102924126080 0.00000032307440510963 
0.00453472971234520229 0.91355461069984655875 0.08165376431512365307 0.00025689527268454599 
0.00567662933555411042 0.99432336866444592793 0.00000000099999999997 0.00000000099999999997 
0.00000000099999999996 0.99999999699999997382 0.00000000099999999996 0.00000000099999999996 
0.00283438039413626362 0.92864556329963487968 0.06852005530622889973 0.00000000099999999999 
0.00250982597768572039 0.94027760423957940095 0.05721193013241328285 0.00000063965032142449 
0.02025528971165905037 0.97974470828834092639 0.00000000099999999998 0.00000000099999999998 
0.00000000426284659492 0.99999999373715342532 0.00000000099999999999 0.00000000099999999999 
0.00003798011886452699 0.99996201788113547870 0.00000000099999999997 0.00000000099999999997 
0.00000000099999999989 0.99999999700000008485 0.00000000099999999989 0.00000000099999999989 
0.01690164562984965840 0.98309741804476358240 0.00000000099999999999 0.00000093532538690475 
0.03204114436917402525 0.96795885363082612152 0.00000000099999999996 0.00000000099999999996 
0.00038081820444199442 0.99961917979555792169 0.00000000099999999998 0.00000000099999999998 
0.00000000100000000000 0.76666000322053962091 0.23333814242864889255 0.00000185335081154029 
0.00000000099999999999 0.93031936154142580442 0.06968063645857409949 0.00000000099999999999 
0.00609680397787135467 0.94722091961054466491 0.04565594754937941924 0.00102632886220463838 
0.00000000099999999995 0.99999999700000008485 0.00000000099999999995 0.00000000099999999995 
0.01491100918526269692 0.98508898881473727638 0.00000000099999999995 0.00000000099999999995 
0.00982554180811586776 0.99017445619188404482 0.00000000099999999997 0.00000000099999999997 
0.02219921024513282076 0.97708485807533163037 0.00000000099999999999 0.00071593067953558691 
0.01158424146313332889 0.98841575653686664094 0.00000000099999999999 0.00000000099999999999 
0.00000000099999999999 0.77133588845762790509 0.22713082086061606168 0.00153328968175614217 
0.00000000099999999999 0.87741513171762863799 0.12258486628237137694 0.00000000099999999999 
0.99999999699999997382 0.00000000099999999987 0.00000000099999999987 0.00000000099999999987 
0.99991139148705510120 0.00008860651294494903 0.00000000099999999997 0.00000000099999999997 
0.99999999700000008485 0.00000000099999999984 0.00000000099999999984 0.00000000099999999984 
0.99999999699999997382 0.00000000099999999995 0.00000000099999999995 0.00000000099999999995 
0.38231241400562104849 0.13287922592730397331 0.00623914133127187985 0.47856921873580304805 
0.99999999700000008485 0.00000000099999999987 0.00000000099999999987 0.00000000099999999987 
0.99999999700000008485 0.00000000099999999981 0.00000000099999999981 0.00000000099999999981 
0.99999999700000008485 0.00000000099999999983 0.00000000099999999983 0.00000000099999999983 
0.99999999699999997382 0.00000000099999999990 0.00000000099999999990 0.00000000099999999990 
0.99999999699999997382 0.00000000099999999995 0.00000000099999999995 0.00000000099999999995 
0.37368178081065872576 0.13339930292029883452 0.01173381578396846467 0.48118510048507395771 
0.99999999700000008485 0.00000000099999999990 0.00000000099999999990 0.00000000099999999990 
0.99999999700000008485 0.00000000099999999986 0.00000000099999999986 0.00000000099999999986 
0.99999999700000008485 0.00000000099999999992 0.00000000099999999992 0.00000000099999999992 
0.99999999699999997382 0.00000000099999999983 0.00000000099999999983 0.00000000099999999983 
0.99999999700000008485 0.00000000099999999984 0.00000000099999999984 0.00000000099999999984 
0.99999999699999997382 0.00000000099999999990 0.00000000099999999990 0.00000000099999999990 
0.99999999699999997382 0.00000000099999999991 0.00000000099999999991 0.00000000099999999991 
0.99999999700000008485 0.00000000099999999993 0.00000000099999999993 0.00000000099999999993 
0.99999999700000008485 0.00000000099999999986 0.00000000099999999986 0.00000000099999999986 
0.99999999699999997382 0.00000000099999999985 0.00000000099999999985 0.00000000099999999985 
0.99999999699999997382 0.00000000099999999989 0.00000000099999999989 0.00000000099999999989 
0.99999999700000008485 0.00000000099999999985 0.00000000099999999985 0.00000000099999999985 
0.99999999700000008485 0.00000000099999999987 0.00000000099999999987 0.00000000099999999987 
0.99999999700000008485 0.00000000099999999988 0.00000000099999999988 0.00000000099999999988 
0.99999999699999997382 0.00000000099999999989 0.00000000099999999989 0.00000000099999999989 
0.99999999700000008485 0.00000000099999999987 0.00000000099999999987 0.00000000099999999987 
0.99999999700000008485 0.00000000099999999982 0.00000000099999999982 0.00000000099999999982 
0.99999999700000008485 0.00000000099999999991 0.00000000099999999991 0.00000000099999999991 
0.99999999700000008485 0.00000000099999999995 0.00000000099999999995 0.00000000099999999995 
0.99999999700000008485 0.00000000099999999984 0.00000000099999999984 0.00000000099999999984 
0.99999999699999997382 0.00000000099999999980 0.00000000099999999980 0.00000000099999999980 
0.99999999699999997382 0.00000000099999999985 0.00000000099999999985 0.00000000099999999985 
0.37982927690965612166 0.14207751394640755205 0.00131711880007345339 0.47677609034386275733 
0.99999999699999997382 0.00000000099999999987 0.00000000099999999987 0.00000000099999999987 
0.99999999700000008485 0.00000000099999999992 0.00000000099999999992 0.00000000099999999992 
0.99999999699999997382 0.00000000099999999985 0.00000000099999999985 0.00000000099999999985 
0.99999999699999997382 0.00000000099999999992 0.00000000099999999992 0.00000000099999999992 
0.99999999700000008485 0.00000000099999999988 0.00000000099999999988 0.00000000099999999988 
0.99999999700000008485 0.00000000099999999985 0.00000000099999999985 0.00000000099999999985 
0.99999999699999997382 0.00000000099999999990 0.00000000099999999990 0.00000000099999999990 
0.36465731613858748394 0.12331225751277501146 0.00575102137538119427 0.50627940497325629732 
0.99999999699999997382 0.00000000099999999981 0.00000000099999999981 0.00000000099999999981 
0.99999999700000008485 0.00000000099999999981 0.00000000099999999981 0.00000000099999999981 
0.00000000099999999997 0.00000000099999999997 0.00000000099999999997 0.99999999700000008485 
0.02226611508676079251 0.97773388291323926058 0.00000000099999999994 0.00000000099999999994 
0.00000000099999999992 0.00000000099999999992 0.99999999699999986280 0.00000000099999999992 
0.00000002059820781759 0.00652041092414616143 0.00000000099999999998 0.99347956747764598617 
0.01150554824471043680 0.98849444975528966140 0.00000000099999999996 0.00000000099999999996 
0.00000000099999999997 0.00000000099999999997 0.00000000099999999997 0.99999999699999997382 
0.02174347716304298600 0.01858087184674403827 0.12018528168094927411 0.83949036930926379529 
0.00000000099999999999 0.93552915320676355293 0.06447084479323640649 0.00000000099999999999 
0.00000000099999999998 0.00000000099999999998 0.00000045180533992936 0.99999954619466013828 
0.04611652674530203333 0.00853992153603201458 0.00000000099999999999 0.94534355071866582598 
0.00305546038375678316 0.99694453761624324262 0.00000000099999999996 0.00000000099999999996 
0.00000000099999999998 0.93344344869740980553 0.06655654930259014002 0.00000000099999999998 
0.00098808927359529761 0.99901190872640466267 0.00000000099999999996 0.00000000099999999996 
0.00000000099999999997 0.00000000099999999997 0.00000000099999999997 0.99999999699999997382 
0.00000000099999999978 0.00000000099999999978 0.99999999699999986280 0.00000000099999999978 
0.03981542660094437858 0.01153457767336241516 0.00000000100000000000 0.94864999472569311312 
0.00906831535791244835 0.99093168264208753016 0.00000000099999999995 0.00000000099999999995 
0.05683428774842894798 0.94310633027527623895 0.00000000099999999998 0.00005938097629491574 
0.01987674384845026024 0.98012325415154977204 0.00000000099999999997 0.00000000099999999997 
0.00000000099999999999 0.94980578643020374674 0.05019421156979636534 0.00000000099999999999 
0.00000000099999999994 0.00000000099999999994 0.00000000099999999994 0.99999999699999997382 
0.00066346989187667188 0.99933652810812334533 0.00000000099999999997 0.00000000099999999997 
0.01797521184678319700 0.98202478615321686650 0.00000000099999999996 0.00000000099999999996 
0.00000000099999999998 0.93038190638881901329 0.06961809161118096001 0.00000000099999999998 
0.06201458679898230741 0.93461280740478991369 0.00000000099999999997 0.00337260479622783970 
0.02505471180385875074 0.97494528619614118092 0.00000000099999999995 0.00000000099999999995 
