0.99999999300000019797 0.00000000099999999958 0.00000000099999999958 0.00000000099999999958 0.00000000099999999958 0.00000000099999999958 0.00000000099999999958 0.00000000099999999958 
0.00551669710768777719 0.00000000099999999997 0.11246666972056715283 0.00405127262518461401 0.00000000099999999997 0.00000000099999999997 0.00000000099999999997 0.87796535654656049363 
0.00000000099999999990 0.00000000099999999990 0.00000000099999999990 0.99999999299999997593 0.00000000099999999990 0.00000000099999999990 0.00000000099999999990 0.00000000099999999990 
0.00000000099999999992 0.00000000099999999992 0.00000000099999999992 0.99999999299999997593 0.00000000099999999992 0.00000000099999999992 0.00000000099999999992 0.00000000099999999992 
0.04861828273758823232 0.00000000099999999997 0.18506040595282297057 0.00000000099999999997 0.00012173728743528083 0.00000000099999999997 0.00000000099999999997 0.76619957002215355324 
0.04650160541994378949 0.00000015162858386607 0.17706025316682674764 0.00401265060990448411 0.00000000099999999999 0.00000216076941640295 0.00000000099999999999 0.77242317640532465184 
0.00000000099999999964 0.00000000099999999964 0.00000000099999999964 0.00000000099999999964 0.99999999300000008695 0.00000000099999999964 0.00000000099999999964 0.00000000099999999964 
0.00000000099999999943 0.00000000099999999943 0.00000000099999999943 0.00000000099999999943 0.99999999300000008695 0.00000000099999999943 0.00000000099999999943 0.00000000099999999943 
0.00000000099999999989 0.00000000099999999989 0.07721681535486656089 0.00000000099999999989 0.00000000099999999989 0.00000000099999999989 0.00000000099999999989 0.92278317864513348390 
0.00000000099999999962 0.00000000099999999962 0.00000000099999999962 0.00000000099999999962 0.99999999299999997593 0.00000000099999999962 0.00000000099999999962 0.00000000099999999962 
0.00000000099999999982 0.00000000099999999982 0.02815499969015167192 0.00000000099999999982 0.00000000099999999982 0.00000000099999999982 0.00000000099999999982 0.97184499430984827573 
0.00000000099999999956 0.00000000099999999956 0.00000000099999999956 0.00000000099999999956 0.99999999300000008695 0.00000000099999999956 0.00000000099999999956 0.00000000099999999956 
0.00000000099999999990 0.00000000099999999990 0.10775997031398547310 0.00000000099999999990 0.00000000099999999990 0.00000000099999999990 0.00000000099999999990 0.89224002368601451618 
0.00000000099999999994 0.00000000099999999994 0.01135193761083668970 0.00000000099999999994 0.00000000099999999994 0.00000000099999999994 0.00000000099999999994 0.98864805638916342101 
0.00000000099999999987 0.00000000099999999987 0.09998388037868456701 0.00000000099999999987 0.00000000099999999987 0.00000000099999999987 0.00000000099999999987 0.90001611362131550553 
0.02714687300639311365 0.00000000099999999999 0.17767535685149610236 0.00065744670760708090 0.00000000099999999999 0.00000000099999999999 0.00000000099999999999 0.79452031943450374118 
0.05678595959783420272 0.00000000275063009530 0.15806590580068957674 0.00162178707473969032 0.00000000099999999999 0.00000000099999999999 0.00000000099999999999 0.78352634177610636090 
0.00000000099999999971 0.00000000099999999971 0.00000000099999999971 0.00000000099999999971 0.99999999300000008695 0.00000000099999999971 0.00000000099999999971 0.00000000099999999971 
0.00000000099999999955 0.00000000099999999955 0.00000000099999999955 0.00000000099999999955 0.99999999300000008695 0.00000000099999999955 0.00000000099999999955 0.00000000099999999955 
0.00000000099999999936 0.00000000099999999936 0.00000000099999999936 0.00000000099999999936 0.99999999299999997593 0.00000000099999999936 0.00000000099999999936 0.00000000099999999936 
0.99999999300000008695 0.00000000099999999969 0.00000000099999999969 0.00000000099999999969 0.00000000099999999969 0.00000000099999999969 0.00000000099999999969 0.00000000099999999969 
0.00000000099999999992 0.00000000099999999992 0.13244506101983377633 0.00000000099999999992 0.00000000099999999992 0.00000000099999999992 0.00000000099999999992 0.86755493298016617132 
0.00000000099999999987 0.00000000099999999987 0.13621088856172536286 0.00000000099999999987 0.00000000099999999987 0.00000000099999999987 0.00000000099999999987 0.86378910543827469581 
0.00000000099999999945 0.00000000099999999945 0.00000000099999999945 0.00000000099999999945 0.99999999299999997593 0.00000000099999999945 0.00000000099999999945 0.00000000099999999945 
0.00000000099999999950 0.00000000099999999950 0.00000000099999999950 0.00000000099999999950 0.99999999299999997593 0.00000000099999999950 0.00000000099999999950 0.00000000099999999950 
0.00000000099999999941 0.00000000099999999941 0.00000000099999999941 0.00000000099999999941 0.99999999299999997593 0.00000000099999999941 0.00000000099999999941 0.00000000099999999941 
0.00000000099999999999 0.81749005571535737769 0.01095173280024852071 0.12310182389161256067 0.00000000099999999999 0.04100524556002213550 0.00738568166277864604 0.00006545836998081898 
0.00000000099999999986 0.00000000099999999986 0.01912774867256884781 0.00000000099999999986 0.00000000099999999986 0.00000000099999999986 0.00000000099999999986 0.98087224532743111372 
0.00000000099999999995 0.00000000099999999995 0.00243669971680738132 0.00000000099999999995 0.00000000099999999995 0.00000000099999999995 0.00000000099999999995 0.99756329428319256980 
0.00000000099999999974 0.00000000099999999974 0.00000000099999999974 0.00000000099999999974 0.99999999300000008695 0.00000000099999999974 0.00000000099999999974 0.00000000099999999974 
0.00000000099999999979 0.00000000099999999979 0.16419985570440878697 0.00000000099999999979 0.00000000099999999979 0.00000000099999999979 0.00000000099999999979 0.83580013829559107741 
0.00000000099999999950 0.00000000099999999950 0.00000000099999999950 0.00000000099999999950 0.99999999299999997593 0.00000000099999999950 0.00000000099999999950 0.00000000099999999950 
0.00000000099999999994 0.00000000099999999994 0.00000000099999999994 0.99999999299999997593 0.00000000099999999994 0.00000000099999999994 0.00000000099999999994 0.00000000099999999994 
0.99999999300000019797 0.00000000099999999957 0.00000000099999999957 0.00000000099999999957 0.00000000099999999957 0.00000000099999999957 0.00000000099999999957 0.00000000099999999957 
0.00000000099999999951 0.00000000099999999951 0.00000000099999999951 0.00000000099999999951 0.99999999299999997593 0.00000000099999999951 0.00000000099999999951 0.00000000099999999951 
0.00000000099999999991 0.00000000099999999991 0.10197266416518158128 0.00000000099999999991 0.00000000099999999991 0.00000000099999999991 0.00000000099999999991 0.89802732983481847739 
0.00000000099999999994 0.00000000099999999994 0.11021216489357801849 0.00000000099999999994 0.00000000099999999994 0.00000000099999999994 0.00000000099999999994 0.88978782910642184589 
0.00000000099999999993 0.00000000099999999993 0.08257679935818737493 0.00000000099999999993 0.00000000099999999993 0.00000000099999999993 0.00000000099999999993 0.91742319464181265598 
0.01599686402492721260 0.00000000100000000000 0.41835750292046208765 0.00119103111809964047 0.11322795814488768873 0.00000009186421971130 0.03837848987031845793 0.41284806105708521384 
0.00000000099999999957 0.00000000099999999957 0.00000000099999999957 0.00000000099999999957 0.99999999300000008695 0.00000000099999999957 0.00000000099999999957 0.00000000099999999957 
0.01802670396135033076 0.00000000099999999983 0.00000000099999999983 0.00000000099999999983 0.98197329003864985975 0.00000000099999999983 0.00000000099999999983 0.00000000099999999983 
0.99999999300000019797 0.00000000099999999973 0.00000000099999999973 0.00000000099999999973 0.00000000099999999973 0.00000000099999999973 0.00000000099999999973 0.00000000099999999973 
0.99999999300000008695 0.00000000099999999952 0.00000000099999999952 0.00000000099999999952 0.00000000099999999952 0.00000000099999999952 0.00000000099999999952 0.00000000099999999952 
0.01665713935103353346 0.00000000099999999999 0.42435559468280076301 0.00000000099999999999 0.10738263533810686601 0.00000000099999999999 0.03207248040405905054 0.41953214722399978509 
0.00000000099999999976 0.00000000099999999976 0.00000000099999999976 0.00000000099999999976 0.99999999300000008695 0.00000000099999999976 0.00000000099999999976 0.00000000099999999976 
0.03906347707144115777 0.00000000135903992595 0.16862054084746763705 0.00746390187623938769 0.00000000099999999999 0.00864040326292297815 0.00000004455966458771 0.77621163002322435265 
0.00000000099999999937 0.00000000099999999937 0.00000000099999999937 0.00000000099999999937 0.99999999300000008695 0.00000000099999999937 0.00000000099999999937 0.00000000099999999937 
0.00000000099999999970 0.00000000099999999970 0.00000000099999999970 0.00000000099999999970 0.99999999300000008695 0.00000000099999999970 0.00000000099999999970 0.00000000099999999970 
0.00000000099999999962 0.00000000099999999962 0.00000000099999999962 0.00000000099999999962 0.99999999300000008695 0.00000000099999999962 0.00000000099999999962 0.00000000099999999962 
0.00000000099999999992 0.00000000099999999992 0.00000000099999999992 0.99999999300000008695 0.00000000099999999992 0.00000000099999999992 0.00000000099999999992 0.00000000099999999992 
0.00000000099999999969 0.00000000099999999969 0.00000000099999999969 0.00000000099999999969 0.00000000099999999969 0.00000000099999999969 0.00000000099999999969 0.99999999299999997593 
0.00000000099999999974 0.00000000099999999974 0.00000000099999999974 0.00000000099999999974 0.00000000099999999974 0.00000000099999999974 0.00000000099999999974 0.99999999299999997593 
0.00000000099999999981 0.00000000099999999981 0.16904965477189312639 0.00000000099999999981 0.00000000099999999981 0.00000000099999999981 0.00000000099999999981 0.83095033922810679350 
0.00000000099999999988 0.00000000099999999988 0.11608809791894444952 0.00000000099999999988 0.00000000099999999988 0.00000000099999999988 0.00000000099999999988 0.88391189608105558140 
0.00000000099999999963 0.00000000099999999963 0.00000000099999999963 0.00000000099999999963 0.99999999299999997593 0.00000000099999999963 0.00000000099999999963 0.00000000099999999963 
0.00000000099999999959 0.00000000099999999959 0.00000000099999999959 0.00000000099999999959 0.99999999299999997593 0.00000000099999999959 0.00000000099999999959 0.00000000099999999959 
0.99999999300000008695 0.00000000099999999965 0.00000000099999999965 0.00000000099999999965 0.00000000099999999965 0.00000000099999999965 0.00000000099999999965 0.00000000099999999965 
0.04936334966649656014 0.00000000099999999994 0.17750920978454248766 0.00000000099999999994 0.00000000099999999994 0.00000000099999999994 0.00000000099999999994 0.77312743554896101728 
0.00000000099999999979 0.00000000099999999979 0.11215079890263411622 0.00000000099999999979 0.00000000099999999979 0.00000000099999999979 0.00000000099999999979 0.88784919509736592858 
0.00712085374452000631 0.00000000099999999998 0.14023068170221261730 0.21695789578572946543 0.00000000099999999998 0.00000000099999999998 0.00183289739725937622 0.63385766837027834875 
0.00000000099999999993 0.03101312921738871853 0.00000000099999999993 0.93516964935900748213 0.03381721642360391994 0.00000000099999999993 0.00000000099999999993 0.00000000099999999993 
0.00000000099999999986 0.00000000099999999986 0.00258029295208399463 0.00000000099999999986 0.92246022299354490936 0.00000000099999999986 0.00000000099999999986 0.07495947905437118364 
0.00000000099999999984 0.00000000099999999984 0.00000000099999999984 0.00000000099999999984 0.99999999299999997593 0.00000000099999999984 0.00000000099999999984 0.00000000099999999984 
0.00000000099999999996 0.00000000099999999996 0.00000000099999999996 0.92072237876899309938 0.07927761523100694541 0.00000000099999999996 0.00000000099999999996 0.00000000099999999996 
0.00000000099999999997 0.00000000099999999997 0.15715126643364737968 0.00000000099999999997 0.13701616352924131381 0.00000000099999999997 0.00000000099999999997 0.70583256503711133689 
0.00694763193973915033 0.69364460407327543923 0.00471408088932357208 0.14050916512125943836 0.00000000099999999999 0.08512686905831938489 0.00003962712507914483 0.06901802079300399517 
0.00000000099999999979 0.00000000099999999979 0.16745625361726007574 0.00000000099999999979 0.00000000099999999979 0.00000000099999999979 0.00000000099999999979 0.83254374038273992742 
0.00000000099999999976 0.00000000099999999976 0.18251785760624367194 0.00000000099999999976 0.00000000099999999976 0.00000000099999999976 0.00000000099999999976 0.81748213639375644224 
0.00000000099999999989 0.00000000099999999989 0.00000000099999999989 0.00000000099999999989 0.04157401731401601241 0.00000000099999999989 0.00000000099999999989 0.95842597668598406013 
0.00000000099999999992 0.00000000099999999992 0.14620086903557927283 0.00000000099999999992 0.16696674943479108966 0.00000000099999999992 0.00000000099999999992 0.68683237652962958464 
0.00000000099999999986 0.00000000099999999986 0.00000000099999999986 0.99999999300000008695 0.00000000099999999986 0.00000000099999999986 0.00000000099999999986 0.00000000099999999986 
0.00000376053561128078 0.00000000099999999996 0.14059811235546018637 0.00000000099999999996 0.00000000099999999996 0.00000000099999999996 0.00000000099999999996 0.85939812210892851940 
0.00793296188327529891 0.64131592837616580027 0.00000000100000000000 0.12902525224253894032 0.15795877511732359100 0.02333624211572002741 0.03608466547683658598 0.00434617378813982342 
0.00341869669742202913 0.00000000099999999996 0.09675615319415291349 0.00000000099999999996 0.12862916628594930901 0.00000000099999999996 0.00000000099999999996 0.77119597982247567458 
0.00000000099999999981 0.00000000099999999981 0.04594064479308394150 0.00000000099999999981 0.92398318579194971267 0.00000000099999999981 0.00000000099999999981 0.03007616441496641091 
0.00000000099999999999 0.00345010150020151141 0.08210285856186469444 0.00940075223070495174 0.34904363213037398195 0.00000000099999999999 0.00000000855829210066 0.55600264501856277999 
0.00000000099999999998 0.01400077862763002105 0.08415893758082698684 0.00000000099999999998 0.00000000099999999998 0.01591960705242470228 0.00000000099999999998 0.88592067273911834224 
0.00000000099999999995 0.00000000099999999995 0.17871371250692216770 0.00000000099999999995 0.00000000099999999995 0.00000000099999999995 0.00000000099999999995 0.82128628149307791873 
0.00000000099999999976 0.00000000099999999976 0.18636481842042079693 0.00000000099999999976 0.00000000099999999976 0.00000000099999999976 0.00000000099999999976 0.81363517557957931725 
0.00000000099999999997 0.00000000099999999997 0.00000000099999999997 0.02899328617048440443 0.97100649997560606330 0.00000000099999999997 0.00000000099999999997 0.00000020885390965789 
0.00000000099999999995 0.00000000099999999995 0.00000000099999999995 0.99999999299999997593 0.00000000099999999995 0.00000000099999999995 0.00000000099999999995 0.00000000099999999995 
0.00000000099999999944 0.00000000099999999944 0.00000000099999999944 0.00000000099999999944 0.99999999300000008695 0.00000000099999999944 0.00000000099999999944 0.00000000099999999944 
0.10957256012195223938 0.00000000099999999990 0.09976287909414399691 0.00000000099999999990 0.00000000099999999990 0.00000000099999999990 0.00000000099999999990 0.79066455578390382186 
0.00000000099999999990 0.00000000099999999990 0.08796068381938905445 0.00000000099999999990 0.00000000099999999990 0.00000000099999999990 0.00000000099999999990 0.91203931018061090708 
0.03260129190128292082 0.00000000099999999999 0.16352686045744055376 0.00008990426454270203 0.01337516132093606591 0.00000000099999999999 0.00099132539370642330 0.78941545466209139814 
0.00000000099999999965 0.00000000099999999965 0.00000000099999999965 0.00000000099999999965 0.00000000099999999965 0.00000000099999999965 0.00000000099999999965 0.99999999300000008695 
0.00000000099999999994 0.00000000099999999994 0.10597501775319691231 0.00000000099999999994 0.00000000099999999994 0.00000000099999999994 0.00000000099999999994 0.89402497624680310473 
0.00846146814857273027 0.00000000099999999997 0.00000000099999999997 0.89377679934111364801 0.09776172751031357577 0.00000000099999999997 0.00000000099999999997 0.00000000099999999997 
0.00000000099999999991 0.00000000099999999991 0.10133682357396292528 0.00000000099999999991 0.14695476159321807508 0.00000000099999999991 0.00000000099999999991 0.75170840983281905778 
0.00803910360642030170 0.00010546302840558672 0.06185547230368438482 0.09991342113927485780 0.00000000099999999998 0.00078681845612191032 0.00000000099999999998 0.82929971946609293276 
0.00000000099999999989 0.02244694230222450682 0.00000000099999999989 0.97755305169777551022 0.00000000099999999989 0.00000000099999999989 0.00000000099999999989 0.00000000099999999989 
0.87992439060549720864 0.00000000099999999986 0.00000000099999999986 0.00000000099999999986 0.00000000099999999986 0.00000000099999999986 0.00000000099999999986 0.12007560339450282227 
0.00000000099999999997 0.00000000099999999997 0.12449688531026713301 0.00000000099999999997 0.00000000099999999997 0.00000000099999999997 0.02612264031016505589 0.84938046937956779292 
0.05294862088558514174 0.00000000099999999996 0.16954986298703075831 0.00000000099999999996 0.00000000099999999996 0.00000000099999999996 0.00000000099999999996 0.77750151112738408177 
0.03714636083184565812 0.00000000099999999997 0.18067350481120081351 0.00000000099999999997 0.00000000099999999997 0.00000000099999999997 0.00000000099999999997 0.78218012935695346854 
0.04392684788157819736 0.00000000099999999978 0.00000000099999999978 0.00000000099999999978 0.95607314611842186824 0.00000000099999999978 0.00000000099999999978 0.00000000099999999978 
0.99999999300000008695 0.00000000099999999946 0.00000000099999999946 0.00000000099999999946 0.00000000099999999946 0.00000000099999999946 0.00000000099999999946 0.00000000099999999946 
0.99999999300000008695 0.00000000099999999970 0.00000000099999999970 0.00000000099999999970 0.00000000099999999970 0.00000000099999999970 0.00000000099999999970 0.00000000099999999970 
0.99999999300000008695 0.00000000099999999971 0.00000000099999999971 0.00000000099999999971 0.00000000099999999971 0.00000000099999999971 0.00000000099999999971 0.00000000099999999971 
0.99069711982583552601 0.00000000099999999995 0.00331593723563802919 0.00000000099999999995 0.00000000099999999995 0.00000000099999999995 0.00000000099999999995 0.00598693793852655889 
0.99999999300000008695 0.00000000099999999970 0.00000000099999999970 0.00000000099999999970 0.00000000099999999970 0.00000000099999999970 0.00000000099999999970 0.00000000099999999970 
0.99999999300000019797 0.00000000099999999988 0.00000000099999999988 0.00000000099999999988 0.00000000099999999988 0.00000000099999999988 0.00000000099999999988 0.00000000099999999988 
0.99999999300000019797 0.00000000099999999959 0.00000000099999999959 0.00000000099999999959 0.00000000099999999959 0.00000000099999999959 0.00000000099999999959 0.00000000099999999959 
0.99999999300000008695 0.00000000099999999948 0.00000000099999999948 0.00000000099999999948 0.00000000099999999948 0.00000000099999999948 0.00000000099999999948 0.00000000099999999948 
0.99999999300000008695 0.00000000099999999988 0.00000000099999999988 0.00000000099999999988 0.00000000099999999988 0.00000000099999999988 0.00000000099999999988 0.00000000099999999988 
0.99999999300000008695 0.00000000099999999961 0.00000000099999999961 0.00000000099999999961 0.00000000099999999961 0.00000000099999999961 0.00000000099999999961 0.00000000099999999961 
0.99986565615388356409 0.00000000099999999995 0.00000000099999999995 0.00000000099999999995 0.00013433784611646934 0.00000000099999999995 0.00000000099999999995 0.00000000099999999995 
0.05411444857641382195 0.00313337505072826695 0.00900326975333236475 0.93374890261952558923 0.00000000099999999997 0.00000000099999999997 0.00000000099999999997 0.00000000099999999997 
0.99999999300000008695 0.00000000099999999955 0.00000000099999999955 0.00000000099999999955 0.00000000099999999955 0.00000000099999999955 0.00000000099999999955 0.00000000099999999955 
0.99999999300000008695 0.00000000099999999950 0.00000000099999999950 0.00000000099999999950 0.00000000099999999950 0.00000000099999999950 0.00000000099999999950 0.00000000099999999950 
0.99999999300000019797 0.00000000099999999968 0.00000000099999999968 0.00000000099999999968 0.00000000099999999968 0.00000000099999999968 0.00000000099999999968 0.00000000099999999968 
0.99999999300000008695 0.00000000099999999968 0.00000000099999999968 0.00000000099999999968 0.00000000099999999968 0.00000000099999999968 0.00000000099999999968 0.00000000099999999968 
0.99999999300000019797 0.00000000099999999960 0.00000000099999999960 0.00000000099999999960 0.00000000099999999960 0.00000000099999999960 0.00000000099999999960 0.00000000099999999960 
0.99999999300000019797 0.00000000099999999973 0.00000000099999999973 0.00000000099999999973 0.00000000099999999973 0.00000000099999999973 0.00000000099999999973 0.00000000099999999973 
0.99999999300000019797 0.00000000099999999948 0.00000000099999999948 0.00000000099999999948 0.00000000099999999948 0.00000000099999999948 0.00000000099999999948 0.00000000099999999948 
0.99999999300000019797 0.00000000099999999956 0.00000000099999999956 0.00000000099999999956 0.00000000099999999956 0.00000000099999999956 0.00000000099999999956 0.00000000099999999956 
0.99999999300000019797 0.00000000099999999959 0.00000000099999999959 0.00000000099999999959 0.00000000099999999959 0.00000000099999999959 0.00000000099999999959 0.00000000099999999959 
0.00000000099999999970 0.00000000099999999970 0.00000000099999999970 0.00000000099999999970 0.00000000099999999970 0.99999999299999997593 0.00000000099999999970 0.00000000099999999970 
0.00612741331797220408 0.55986951448198829517 0.00000000099999999997 0.39407246367302134482 0.00000000099999999997 0.03992921227628142000 0.00000000099999999997 0.00000139325073675406 
0.00000000099999999971 0.00000000099999999971 0.00000000099999999971 0.00000000099999999971 0.00000000099999999971 0.99999999300000008695 0.00000000099999999971 0.00000000099999999971 
0.00000000099999999995 0.90113873800213961651 0.00000000099999999995 0.06291877443162122163 0.00000000099999999995 0.03594247655667822533 0.00000000700956089633 0.00000000099999999995 
0.00000000099999999984 0.00000000099999999984 0.99999999300000008695 0.00000000099999999984 0.00000000099999999984 0.00000000099999999984 0.00000000099999999984 0.00000000099999999984 
0.00000000099999999987 0.97214818611732156661 0.00000000099999999987 0.02785180756841001623 0.00000000099999999987 0.00000000131426850369 0.00000000099999999987 0.00000000099999999987 
0.00000000099999999988 0.00000000099999999988 0.00000000099999999988 0.99999999300000008695 0.00000000099999999988 0.00000000099999999988 0.00000000099999999988 0.00000000099999999988 
0.00000000099999999984 0.00000000099999999984 0.00000000099999999984 0.99999999299999997593 0.00000000099999999984 0.00000000099999999984 0.00000000099999999984 0.00000000099999999984 
0.03067079866115252074 0.00000000099999999990 0.00000000099999999990 0.96932919533884753793 0.00000000099999999990 0.00000000099999999990 0.00000000099999999990 0.00000000099999999990 
0.00000000099999999974 0.00000000099999999974 0.00000000099999999974 0.00000000099999999974 0.00000000099999999974 0.99999999299999997593 0.00000000099999999974 0.00000000099999999974 
0.03241537366553064875 0.22923090557063419137 0.00000000099999999998 0.69977464364987407297 0.00000000099999999998 0.02825912367035433165 0.00266326673200798945 0.00765668471159876123 
0.00000000099999999985 0.00000000099999999985 0.08667517104195761324 0.00000000099999999985 0.00000000099999999985 0.00000000099999999985 0.00000000099999999985 0.91332482295804229278 
0.00000000099999999986 0.00000000099999999986 0.00000000099999999986 0.99999999300000008695 0.00000000099999999986 0.00000000099999999986 0.00000000099999999986 0.00000000099999999986 
0.00000000099999999992 0.76267202600777928012 0.00000000099999999992 0.23732790593103963994 0.00000000099999999992 0.00000006306118121308 0.00000000099999999992 0.00000000099999999992 
0.00000000099999999977 0.00000000099999999977 0.00000000099999999977 0.00000000099999999977 0.00000000099999999977 0.99999999300000008695 0.00000000099999999977 0.00000000099999999977 
0.00000000099999999994 0.86359057497820190807 0.00000000099999999994 0.09864190293687627453 0.00000000099999999994 0.03369464896516519842 0.00407286911975668787 0.00000000099999999994 
0.02205030955957477598 0.00000000099999999993 0.00000000099999999993 0.97794968444042518207 0.00000000099999999993 0.00000000099999999993 0.00000000099999999993 0.00000000099999999993 
0.00000000099999999983 0.00000000099999999983 0.08528386782198388305 0.00000000099999999983 0.00000000099999999983 0.00000000099999999983 0.00000000099999999983 0.91471612617801612011 
0.00000000099999999984 0.00000000099999999984 0.07583126834135689442 0.00000000099999999984 0.00000000099999999984 0.00000000099999999984 0.00000000099999999984 0.92416872565864305322 
0.00632831162196274919 0.69920778323528387510 0.00000000099999999992 0.29446390014275347635 0.00000000099999999992 0.00000000099999999992 0.00000000099999999992 0.00000000099999999992 
0.00000000099999999982 0.00000000099999999982 0.00000000099999999982 0.00000000099999999982 0.00000000099999999982 0.99999999300000008695 0.00000000099999999982 0.00000000099999999982 
0.03245524525681304367 0.30136305050218248347 0.00000000099999999997 0.64673201708311145453 0.00000000099999999997 0.01343282007936048850 0.00000000099999999997 0.00601686407853249585 
0.00000000099999999992 0.87828562896224049439 0.00000000099999999992 0.08965472225157995745 0.00000000099999999992 0.03205964378617950222 0.00000000099999999992 0.00000000099999999992 
0.02977434908795997121 0.00000000099999999993 0.00000000099999999993 0.97022564491204010828 0.00000000099999999993 0.00000000099999999993 0.00000000099999999993 0.00000000099999999993 
0.00000000099999999985 0.00000000099999999985 0.08923491538200284401 0.00000000099999999985 0.00000000099999999985 0.00000000099999999985 0.00000000099999999985 0.91076507861799715915 
0.00000000099999999986 0.00000000099999999986 0.09556779230180798002 0.00000000099999999986 0.00000000099999999986 0.00000000099999999986 0.00000000099999999986 0.90443220169819216192 
0.00000000099999999979 0.00000000099999999979 0.99999999299999997593 0.00000000099999999979 0.00000000099999999979 0.00000000099999999979 0.00000000099999999979 0.00000000099999999979 
0.00000000099999999979 0.00000000099999999979 0.00000000099999999979 0.00000000099999999979 0.00000000099999999979 0.99999999299999997593 0.00000000099999999979 0.00000000099999999979 
0.00000000099999999983 0.00000000099999999983 0.00000000099999999983 0.00000000099999999983 0.00000000099999999983 0.99999999300000008695 0.00000000099999999983 0.00000000099999999983 
0.00000000099999999974 0.00000000099999999974 0.00000000099999999974 0.00000000099999999974 0.00000000099999999974 0.99999999300000008695 0.00000000099999999974 0.00000000099999999974 
0.00000000099999999979 0.00000000099999999979 0.00000000099999999979 0.00000000099999999979 0.00000000099999999979 0.99999999299999997593 0.00000000099999999979 0.00000000099999999979 
0.00000000099999999993 0.84159393696121764794 0.00000000099999999993 0.09064779044508938788 0.00000000099999999993 0.06387837090548240115 0.00387989768821073557 0.00000000099999999993 
0.00000000099999999990 0.73661294187407855283 0.00000000099999999990 0.26338705212592167237 0.00000000099999999990 0.00000000099999999990 0.00000000099999999990 0.00000000099999999990 
0.03043556398853380571 0.00000000099999999996 0.00000000099999999996 0.95389796058042453097 0.00000000099999999996 0.01566647043104166595 0.00000000099999999996 0.00000000099999999996 
0.00000000099999999989 0.90239947850403312568 0.00000000099999999989 0.08269116128194965720 0.00000000099999999989 0.01490935521401731342 0.00000000099999999989 0.00000000099999999989 
0.00000000099999999983 0.00000000099999999983 0.08592561615179980516 0.00000000099999999983 0.00000000099999999983 0.00000000099999999983 0.00000000099999999983 0.91407437784820011473 
0.01997060634613599672 0.00000000099999999995 0.00000000099999999995 0.98002938765386393705 0.00000000099999999995 0.00000000099999999995 0.00000000099999999995 0.00000000099999999995 
0.00000000099999999992 0.00000000099999999992 0.08814686344783856375 0.00000000099999999992 0.00000000099999999992 0.00000000099999999992 0.00000000099999999992 0.91185313055216155043 
0.00000000099999999980 0.00000000099999999980 0.07798939278245921314 0.00000000099999999980 0.00000000099999999980 0.00000000099999999980 0.00000000099999999980 0.92201060121754074839 
0.00000000099999999985 0.00000000099999999985 0.98286325395748996847 0.00000000099999999985 0.00000000099999999985 0.00000000099999999985 0.00000000099999999985 0.01713674004250997224 
0.00000000099999999981 0.00000000099999999981 0.99999999299999997593 0.00000000099999999981 0.00000000099999999981 0.00000000099999999981 0.00000000099999999981 0.00000000099999999981 
0.00000000099999999970 0.00000000099999999970 0.00000000099999999970 0.00000000099999999970 0.00000000099999999970 0.99999999300000008695 0.00000000099999999970 0.00000000099999999970 
0.00000000099999999974 0.00000000099999999974 0.00000000099999999974 0.00000000099999999974 0.00000000099999999974 0.99999999299999997593 0.00000000099999999974 0.00000000099999999974 
0.00000000099999999975 0.00000000099999999975 0.00000000099999999975 0.00000000099999999975 0.00000000099999999975 0.99999999300000008695 0.00000000099999999975 0.00000000099999999975 
0.00618007715696646410 0.69387605147944120265 0.00000000099999999994 0.29994386636359238185 0.00000000099999999994 0.00000000099999999994 0.00000000099999999994 0.00000000099999999994 
0.00000000099999999992 0.93455913869115947445 0.00000000099999999992 0.02449050633411557418 0.00000000099999999992 0.03936236612045777156 0.00158798485426722138 0.00000000099999999992 
0.00000000099999999986 0.00000000099999999986 0.09073989630977619125 0.00000000099999999986 0.00000000099999999986 0.00000000099999999986 0.00000000099999999986 0.90926009769022386742 
0.00000000099999999989 0.00000000099999999989 0.08254389056533281699 0.00000000099999999989 0.00000000099999999989 0.00000000099999999989 0.00000000099999999989 0.91745610343466721393 
0.00000000099999999977 0.00000000099999999977 0.00000000099999999977 0.00000000099999999977 0.00000000099999999977 0.99999999300000008695 0.00000000099999999977 0.00000000099999999977 
0.00000000099999999979 0.00000000099999999979 0.00000000099999999979 0.00000000099999999979 0.00000000099999999979 0.99999999299999997593 0.00000000099999999979 0.00000000099999999979 
0.03270772663094825145 0.29348997209004867859 0.00000000099999999997 0.63967365206155724078 0.00000000099999999997 0.01421551871990555521 0.00000000099999999997 0.01991312749754013331 
0.00071273137889058859 0.72659324080977660820 0.00000000099999999997 0.25276776639137704672 0.00000000099999999997 0.01992625741995564248 0.00000000099999999997 0.00000000099999999997 
0.00000000099999999992 0.89845410313493678789 0.00000000099999999992 0.06772983970246580776 0.00000000099999999992 0.03381605216259756658 0.00000000099999999992 0.00000000099999999992 
0.00000000099999999988 0.00000000099999999988 0.06361710038835985404 0.00000000099999999988 0.00000000099999999988 0.00000000099999999988 0.00000000099999999988 0.93638289361164006586 
0.00000000099999999989 0.00000000099999999989 0.06570316828833916434 0.00000000099999999989 0.00000000099999999989 0.00000000099999999989 0.00000000099999999989 0.93429682571166083882 
0.01816028566154425511 0.86784621988728483100 0.02549813170351966293 0.08426948887935228893 0.00000000099999999997 0.00000000099999999997 0.00422587086829890810 0.00000000099999999997 
0.02788150250852036022 0.00000000100000000000 0.51171588021739700114 0.00460988193419436133 0.09843012457604190246 0.00000124026571337226 0.03170059651778225213 0.32566077298035078780 
0.02335338341399954484 0.77831079151550019990 0.01059672268699706106 0.15357026304030557684 0.00000000099999999996 0.01652841088860500587 0.01764042645459250672 0.00000000099999999996 
0.01390572127839238836 0.00000000099999999994 0.00578633133122967869 0.98030794239037788440 0.00000000099999999994 0.00000000099999999994 0.00000000099999999994 0.00000000099999999994 
0.01758334312850647063 0.00252555804302830381 0.01293553070430738215 0.96695556412415784031 0.00000000099999999995 0.00000000099999999995 0.00000000099999999995 0.00000000099999999995 
0.00000000099999999987 0.00000000099999999987 0.25163470596298909143 0.00000000099999999987 0.00000000099999999987 0.00000000099999999987 0.00000000099999999987 0.74836528803701074519 
0.01658144258829315557 0.84110897533494266565 0.00002981835133607322 0.12848291685706533793 0.00783220240892382180 0.00020882662415954971 0.00000225641660896394 0.00575356141867030581 
0.03107298311365389032 0.64894673118467216533 0.01399721471818604276 0.30598306698348803900 0.00000000099999999997 0.00000000099999999997 0.00000000099999999997 0.00000000099999999997 
0.03745837629774984717 0.68444751833242212236 0.00025718811668207984 0.27783691325314613385 0.00000000099999999994 0.00000000099999999994 0.00000000099999999994 0.00000000099999999994 
0.02340009225267853168 0.67909112319127906687 0.02029151855091299722 0.27721726200512958327 0.00000000099999999996 0.00000000099999999996 0.00000000099999999996 0.00000000099999999996 
0.02715060120978473462 0.71730758130249483440 0.00311638167585994059 0.25242543181186050116 0.00000000099999999996 0.00000000099999999996 0.00000000099999999996 0.00000000099999999996 
0.02323153988503540851 0.67652818255926505664 0.01791051585738274998 0.28232975769831686330 0.00000000099999999994 0.00000000099999999994 0.00000000099999999994 0.00000000099999999994 
0.02356301609981542242 0.68890218137517822417 0.00881124142965512315 0.27592979021718405663 0.00000000099999999996 0.00000416436161722144 0.00278960451655001999 0.00000000099999999996 
0.02623185883609163022 0.00000000099999999999 0.14156250263855515992 0.01502202776354575817 0.09004459914294728196 0.00000000099999999999 0.00002389822211317243 0.72711511139674700477 
0.00000000099999999988 0.00000000099999999988 0.16564122428478433857 0.00000000099999999988 0.00000000099999999988 0.00000000099999999988 0.00000000099999999988 0.83435876971521572010 
0.04090985007788340566 0.00000000099999999997 0.14753864504891106568 0.00000000099999999997 0.00000000099999999997 0.00000000099999999997 0.00000000099999999997 0.81155149987320551741 
0.00000000099999999997 0.00000000099999999997 0.14672306836644480321 0.00861561847093941097 0.00000000099999999997 0.00000000099999999997 0.00000000099999999997 0.84466130816261575376 
0.00000000099999999976 0.00000000099999999976 0.00000000099999999976 0.00000000099999999976 0.00000000099999999976 0.00000000099999999976 0.00000000099999999976 0.99999999299999997593 
0.00000079895588334374 0.79426323443120516732 0.00000000099999999999 0.11130412827202057491 0.03767734066800931814 0.05577943915455934459 0.00097505651832224393 0.00000000099999999999 
0.00000000099999999989 0.00000000099999999989 0.05885116023914945677 0.00000000099999999989 0.00000000099999999989 0.00000000099999999989 0.00000000099999999989 0.94114883376085067823 
0.99999999300000008695 0.00000000099999999952 0.00000000099999999952 0.00000000099999999952 0.00000000099999999952 0.00000000099999999952 0.00000000099999999952 0.00000000099999999952 
0.00000000099999999994 0.00000000099999999994 0.00000000099999999994 0.01408687626825884560 0.00000000099999999994 0.00000000099999999994 0.00000000099999999994 0.98591311773174117317 
0.00735774181435630472 0.00335208601672302422 0.00000000099999999994 0.98810113051431558429 0.00000000099999999994 0.00118903765460511034 0.00000000099999999994 0.00000000099999999994 
0.95885188952134203788 0.00000000099999999984 0.00000000099999999984 0.00000000099999999984 0.00000000099999999984 0.00000000099999999984 0.00000000099999999984 0.04114810447865824977 
0.00000000099999999961 0.00000000099999999961 0.00000000099999999961 0.00000000099999999961 0.00000000099999999961 0.00000000099999999961 0.00000000099999999961 0.99999999300000008695 
0.00000000099999999993 0.00000000099999999993 0.05624651522433819772 0.00000000099999999993 0.01555856994979432431 0.00000000099999999993 0.00000000099999999993 0.92819490982586738692 
0.00000000099999999976 0.00000000099999999976 0.00000000099999999976 0.00000000099999999976 0.99999999300000008695 0.00000000099999999976 0.00000000099999999976 0.00000000099999999976 
0.00000000099999999999 0.00561045919201228361 0.05588290524114069430 0.00001923225608875446 0.50251607797638886410 0.00112632914908834944 0.00284290921196414439 0.43200208597331696270 
0.99999999300000008695 0.00000000099999999963 0.00000000099999999963 0.00000000099999999963 0.00000000099999999963 0.00000000099999999963 0.00000000099999999963 0.00000000099999999963 
0.00754812484665496209 0.00000000099999999999 0.37435949189147182947 0.00000000099999999999 0.12104553665481929126 0.00000000099999999999 0.04068810590880238970 0.45635873769825158197 
0.04021951892581903526 0.00000002380412557391 0.17702674804263482389 0.02443199777104217499 0.00000000099999999997 0.00000000099999999997 0.00000000099999999997 0.75832170845637836276 
0.00000000099999999991 0.00000000099999999991 0.00000000099999999991 0.99999999300000008695 0.00000000099999999991 0.00000000099999999991 0.00000000099999999991 0.00000000099999999991 
0.00000000099999999952 0.00000000099999999952 0.00000000099999999952 0.00000000099999999952 0.99999999299999997593 0.00000000099999999952 0.00000000099999999952 0.00000000099999999952 
0.00000000099999999982 0.00000000099999999982 0.10805561033450437891 0.00000000099999999982 0.00000000099999999982 0.00000000099999999982 0.00000000099999999982 0.89194438366549577690 
0.00000000099999999993 0.00000000099999999993 0.13602320514915422489 0.00000000099999999993 0.00000000099999999993 0.00000000099999999993 0.00000000099999999993 0.86397678885084583378 
0.00000000099999999940 0.00000000099999999940 0.00000000099999999940 0.00000000099999999940 0.99999999300000008695 0.00000000099999999940 0.00000000099999999940 0.00000000099999999940 
0.98255655050805135176 0.00000000099999999987 0.00000000099999999987 0.00000000099999999987 0.00000000099999999987 0.00000000099999999987 0.00000000099999999987 0.01744344349194879365 
0.00000000099999999983 0.00000000099999999983 0.00000000099999999983 0.99971043920369895286 0.00000000099999999983 0.00028955479630106363 0.00000000099999999983 0.00000000099999999983 
0.00000000099999999960 0.00000000099999999960 0.00000000099999999960 0.00000000099999999960 0.99999999299999997593 0.00000000099999999960 0.00000000099999999960 0.00000000099999999960 
0.00000000099999999985 0.00000000099999999985 0.13289474336960360734 0.00000000099999999985 0.00000000099999999985 0.00000000099999999985 0.00000000099999999985 0.86710525063039645133 
0.03284210785575134017 0.00000000099999999999 0.14534693848653551518 0.00000000179336650846 0.00128170378809834237 0.00427579299664280609 0.00000000099999999999 0.81625345307960561758 
0.00000000099999999993 0.00000000099999999993 0.11958294620834686306 0.00000000099999999993 0.00000000099999999993 0.00000000099999999993 0.00000000099999999993 0.88041704779165330663 
0.00000000099999999966 0.00000000099999999966 0.00000000099999999966 0.00000000099999999966 0.00000000099999999966 0.00000000099999999966 0.00000000099999999966 0.99999999300000008695 
0.00000000099999999990 0.00000000099999999990 0.00000000099999999990 0.99999999299999997593 0.00000000099999999990 0.00000000099999999990 0.00000000099999999990 0.00000000099999999990 
