0.00000000099999999964 0.00000000099999999964 0.00000000099999999964 0.99999999399999994765 0.00000000099999999964 0.00000000099999999964 0.00000000099999999964 
0.00000000099999999998 0.87802805812278894582 0.11257027941013054984 0.00564310827124366206 0.00000000099999999998 0.00000000099999999998 0.00375855119583698178 
0.00000000099999999992 0.00000000099999999992 0.00000000099999999992 0.00000000099999999992 0.00000000099999999992 0.00000000099999999992 0.99999999399999994765 
0.00000000099999999995 0.00001356466492358224 0.00000004892452762527 0.00000000099999999995 0.00000000099999999995 0.00000000099999999995 0.99998638241054882414 
0.00000000099999999998 0.76604493543778839904 0.18517851040353283665 0.04858481057615413046 0.00019174058252480154 0.00000000099999999998 0.00000000099999999998 
0.00000000236207157425 0.77245094593176932829 0.17717207251355562847 0.04652151539310891287 0.00000001858399278755 0.00000000099999999999 0.00385544421550182339 
0.00000000099999999970 0.00000000099999999970 0.00000000099999999970 0.00000000099999999970 0.99999999400000005867 0.00000000099999999970 0.00000000099999999970 
0.00000000099999999952 0.00000000099999999952 0.00000000099999999952 0.00000000099999999952 0.99999999399999994765 0.00000000099999999952 0.00000000099999999952 
0.00000000099999999991 0.92259478316834309108 0.07740521183165692543 0.00000000099999999991 0.00000000099999999991 0.00000000099999999991 0.00000000099999999991 
0.00000000099999999968 0.00000000099999999968 0.00000000099999999968 0.00000000099999999968 0.99999999399999994765 0.00000000099999999968 0.00000000099999999968 
0.00000000099999999986 0.97142247017784322249 0.02857752482215692238 0.00000000099999999986 0.00000000099999999986 0.00000000099999999986 0.00000000099999999986 
0.00000000099999999963 0.00000000099999999963 0.00000000099999999963 0.00000000099999999963 0.99999999400000005867 0.00000000099999999963 0.00000000099999999963 
0.00000000099999999992 0.89210634237500663346 0.10789365262499350795 0.00000000099999999992 0.00000000099999999992 0.00000000099999999992 0.00000000099999999992 
0.00000000099999999995 0.98846925608659563789 0.01153073891340443066 0.00000000099999999995 0.00000000099999999995 0.00000000099999999995 0.00000000099999999995 
0.00000000099999999989 0.89982018009360309474 0.10017981490639703279 0.00000000099999999989 0.00000000099999999989 0.00000000099999999989 0.00000000099999999989 
0.00000000099999999999 0.79440006248326622273 0.17777914714820725051 0.02709796088231670314 0.00000000099999999999 0.00000000099999999999 0.00072282648620994024 
0.00000000099999999999 0.78333700745420897782 0.15819455948722885297 0.05668340756192578878 0.00000006317016221581 0.00000000099999999999 0.00178496032647431995 
0.00000000099999999975 0.00000000099999999975 0.00000000099999999975 0.00000000099999999975 0.99999999400000005867 0.00000000099999999975 0.00000000099999999975 
0.00000000099999999962 0.00000000099999999962 0.00000000099999999962 0.00000000099999999962 0.99999999399999994765 0.00000000099999999962 0.00000000099999999962 
0.00000000099999999946 0.00000000099999999946 0.00000000099999999946 0.00000000099999999946 0.99999999399999994765 0.00000000099999999946 0.00000000099999999946 
0.00000000099999999973 0.00000000099999999973 0.00000000099999999973 0.99999999400000005867 0.00000000099999999973 0.00000000099999999973 0.00000000099999999973 
0.00000000099999999993 0.86738130766112275793 0.13261868733887743899 0.00000000099999999993 0.00000000099999999993 0.00000000099999999993 0.00000000099999999993 
0.00000000099999999989 0.86361578806746874815 0.13638420693253128224 0.00000000099999999989 0.00000000099999999989 0.00000000099999999989 0.00000000099999999989 
0.00000000099999999954 0.00000000099999999954 0.00000000099999999954 0.00000000099999999954 0.99999999399999994765 0.00000000099999999954 0.00000000099999999954 
0.00000000099999999958 0.00000000099999999958 0.00000000099999999958 0.00000000099999999958 0.99999999400000005867 0.00000000099999999958 0.00000000099999999958 
0.00000000099999999950 0.00000000099999999950 0.00000000099999999950 0.00000000099999999950 0.99999999400000005867 0.00000000099999999950 0.00000000099999999950 
0.67247295164982867632 0.00151203137516182223 0.01143612011021456591 0.00000000099999999999 0.00000000099999999999 0.00189376989877673534 0.31268512496601819084 
0.00000000099999999988 0.98064366950648362842 0.01935632549351646789 0.00000000099999999988 0.00000000099999999988 0.00000000099999999988 0.00000000099999999988 
0.00000000099999999996 0.99634900626016287273 0.00365098804709881658 0.00000000099999999996 0.00000000169273833960 0.00000000099999999996 0.00000000099999999996 
0.00000000099999999978 0.00000000099999999978 0.00000000099999999978 0.00000000099999999978 0.99999999400000005867 0.00000000099999999978 0.00000000099999999978 
0.00000000099999999983 0.83567870362930274375 0.16432129137069736990 0.00000000099999999983 0.00000000099999999983 0.00000000099999999983 0.00000000099999999983 
0.00000000099999999958 0.00000000099999999958 0.00000000099999999958 0.00000000099999999958 0.99999999400000005867 0.00000000099999999958 0.00000000099999999958 
0.00000000099999999996 0.00000000099999999996 0.00000000099999999996 0.00000000099999999996 0.00000000099999999996 0.00000000099999999996 0.99999999399999994765 
0.00000000099999999962 0.00000000099999999962 0.00000000099999999962 0.99999999400000005867 0.00000000099999999962 0.00000000099999999962 0.00000000099999999962 
0.00000000099999999959 0.00000000099999999959 0.00000000099999999959 0.00000000099999999959 0.99999999399999994765 0.00000000099999999959 0.00000000099999999959 
0.00000000099999999993 0.89788234870651739694 0.10211764629348259181 0.00000000099999999993 0.00000000099999999993 0.00000000099999999993 0.00000000099999999993 
0.00000000099999999995 0.88961904241059130971 0.11038095258940884558 0.00000000099999999995 0.00000000099999999995 0.00000000099999999995 0.00000000099999999995 
0.00000000099999999994 0.91726967639818079991 0.08273031860181932762 0.00000000099999999994 0.00000000099999999994 0.00000000099999999994 0.00000000099999999994 
0.00000000100000000000 0.41305497395970042218 0.41822688916720451857 0.01611634750458789539 0.11347572198687598533 0.03810900345252561661 0.00101706292910559216 
0.00000000099999999964 0.00000000099999999964 0.00000000099999999964 0.00000000099999999964 0.99999999400000005867 0.00000000099999999964 0.00000000099999999964 
0.00000000099999999986 0.00000000099999999986 0.00000000099999999986 0.01802226335934517185 0.98197773164065482732 0.00000000099999999986 0.00000000099999999986 
0.00000000099999999977 0.00000000099999999977 0.00000000099999999977 0.99999999400000005867 0.00000000099999999977 0.00000000099999999977 0.00000000099999999977 
0.00000000099999999958 0.00000000099999999958 0.00000000099999999958 0.99999999400000005867 0.00000000099999999958 0.00000000099999999958 0.00000000099999999958 
0.00000000100000000000 0.41970717190404377428 0.42424357659191841430 0.01671572659629188759 0.10761741537708965910 0.03171609789933573648 0.00000001063132058182 
0.00000000099999999980 0.00000000099999999980 0.00000000099999999980 0.00000000099999999980 0.99999999400000005867 0.00000000099999999980 0.00000000099999999980 
0.00549440778305523847 0.77632687804449940217 0.16872792426451832526 0.03918755005523799628 0.00000000099999999999 0.00126252828460339593 0.00900071056808573328 
0.00000000099999999947 0.00000000099999999947 0.00000000099999999947 0.00000000099999999947 0.99999999400000005867 0.00000000099999999947 0.00000000099999999947 
0.00000000099999999975 0.00000000099999999975 0.00000000099999999975 0.00000000099999999975 0.99999999400000005867 0.00000000099999999975 0.00000000099999999975 
0.00000000099999999969 0.00000000099999999969 0.00000000099999999969 0.00000000099999999969 0.99999999399999994765 0.00000000099999999969 0.00000000099999999969 
0.00000000099999999993 0.00000000099999999993 0.00000000099999999993 0.00000000099999999993 0.00000000099999999993 0.00000000099999999993 0.99999999400000005867 
0.00000000099999999974 0.99999999400000005867 0.00000000099999999974 0.00000000099999999974 0.00000000099999999974 0.00000000099999999974 0.00000000099999999974 
0.00000000099999999979 0.99999999400000016969 0.00000000099999999979 0.00000000099999999979 0.00000000099999999979 0.00000000099999999979 0.00000000099999999979 
0.00000000099999999984 0.83078922944072186585 0.16921076555927816454 0.00000000099999999984 0.00000000099999999984 0.00000000099999999984 0.00000000099999999984 
0.00000000099999999990 0.88376312661094802436 0.11623686838905211705 0.00000000099999999990 0.00000000099999999990 0.00000000099999999990 0.00000000099999999990 
0.00000000099999999969 0.00000000099999999969 0.00000000099999999969 0.00000000099999999969 0.99999999399999994765 0.00000000099999999969 0.00000000099999999969 
0.00000000099999999965 0.00000000099999999965 0.00000000099999999965 0.00000000099999999965 0.99999999400000005867 0.00000000099999999965 0.00000000099999999965 
0.00000000099999999970 0.00000000099999999970 0.00000000099999999970 0.99999999400000005867 0.00000000099999999970 0.00000000099999999970 0.00000000099999999970 
0.00000000099999999995 0.77302374852122734961 0.17761118932378461288 0.04936502119366979052 0.00000000099999999995 0.00000000099999999995 0.00000003796131848873 
0.00000000099999999983 0.88767061259814616925 0.11232938240185383338 0.00000000099999999983 0.00000000099999999983 0.00000000099999999983 0.00000000099999999983 
0.00000018868136061158 0.63391843193188301964 0.14031073412936645450 0.00679419805487286362 0.00000000099999999999 0.00169674223268683898 0.21727970396983040113 
0.00690017601809497175 0.00000000099999999994 0.00000000099999999994 0.00000000099999999994 0.03462464196624080726 0.00000000099999999994 0.95847517801566417539 
0.00000000099999999989 0.07490018697670236536 0.00262872260127137687 0.00000000099999999989 0.92247108642202624296 0.00000000099999999989 0.00000000099999999989 
0.00000000099999999986 0.00000000099999999986 0.00000000099999999986 0.00000000099999999986 0.99999999400000005867 0.00000000099999999986 0.00000000099999999986 
0.00000003075044835897 0.00000000099999999997 0.00000000099999999997 0.00000000099999999997 0.07922801349485540656 0.00000000099999999997 0.92077195175469617183 
0.00000000099999999998 0.70573369723286627497 0.15725910492320979706 0.00000000099999999998 0.13700719230639876733 0.00000000253752526693 0.00000000099999999998 
0.61929008931253526349 0.06724303066716380561 0.00561012246955279025 0.00799985365708368555 0.00000000100000000000 0.00073362348636599271 0.29912327940729843689 
0.00000000099999999983 0.83238366091403814817 0.16761633408596193773 0.00000000099999999983 0.00000000099999999983 0.00000000099999999983 0.00000000099999999983 
0.00000000099999999980 0.81730789926503821796 0.18269209573496195120 0.00000000099999999980 0.00000000099999999980 0.00000000099999999980 0.00000000099999999980 
0.00000000099999999992 0.95844024854666309832 0.00000000099999999992 0.00000000099999999992 0.04155974645333712636 0.00000000099999999992 0.00000000099999999992 
0.00000000099999999994 0.68667857308344082412 0.14634484805521660866 0.00000000099999999994 0.16697657486134262483 0.00000000099999999994 0.00000000099999999994 
0.00000000099999999987 0.00000000099999999987 0.00000000099999999987 0.00000000099999999987 0.00000000099999999987 0.00000000099999999987 0.99999999400000005867 
0.00000000099999999997 0.85921485695387345149 0.14075243716129390292 0.00003270188483261736 0.00000000099999999997 0.00000000099999999997 0.00000000099999999997 
0.52567460396116716392 0.00584644834490938379 0.00011583046736786750 0.00816352920546430279 0.15811490146744133778 0.02979119103646963099 0.27229349551718029510 
0.00000000099999999997 0.77103311288818998648 0.09691811345882664352 0.00341693391286491694 0.12863183674011857693 0.00000000099999999997 0.00000000099999999997 
0.00000000099999999985 0.03006075004445776799 0.04594095015949282990 0.00000000099999999985 0.92399829579604930707 0.00000000099999999985 0.00000000099999999985 
0.00000000100000000000 0.55563352765055395999 0.08216750748006648730 0.00000000483790316255 0.34909922631533168991 0.00000008267073742135 0.01309965004540728818 
0.02918050820997619005 0.88597416255044147970 0.08484382305203355679 0.00000000099999999999 0.00000000099999999999 0.00000000099999999999 0.00000150318754892122 
0.00000000099999999996 0.82115302422891034428 0.17884697077108971386 0.00000000099999999996 0.00000000099999999996 0.00000000099999999996 0.00000000099999999996 
0.00000000099999999981 0.81351637534784493333 0.18648361965215520808 0.00000000099999999981 0.00000000099999999981 0.00000000099999999981 0.00000000099999999981 
0.00000000099999999998 0.00000417024239556748 0.00000000099999999998 0.00000008040589720941 0.97150165327683890570 0.00000000099999999998 0.02849409307486828330 
0.00000000099999999996 0.00000000099999999996 0.00000000099999999996 0.00000000099999999996 0.00000000099999999996 0.00000000099999999996 0.99999999399999994765 
0.00000000099999999953 0.00000000099999999953 0.00000000099999999953 0.00000000099999999953 0.99999999399999994765 0.00000000099999999953 0.00000000099999999953 
0.00000000099999999992 0.79052142765756350240 0.09993127715705270309 0.10954729118538394927 0.00000000099999999992 0.00000000099999999992 0.00000000099999999992 
0.00000000099999999992 0.91190668668793928298 0.08809330831206091394 0.00000000099999999992 0.00000000099999999992 0.00000000099999999992 0.00000000099999999992 
0.00000000100000000000 0.78908579661190747512 0.16373849518030539341 0.03243739992868990146 0.01346559283969578878 0.00077908003157557736 0.00049363440782606010 
0.00000000099999999971 0.99999999400000016969 0.00000000099999999971 0.00000000099999999971 0.00000000099999999971 0.00000000099999999971 0.00000000099999999971 
0.00000000099999999995 0.89390343015987838715 0.10609653584755275590 0.00000002999256891449 0.00000000099999999995 0.00000000099999999995 0.00000000099999999995 
0.00000000099999999998 0.00000000099999999998 0.00000000099999999998 0.00853018419925049426 0.09795328212383011546 0.00000000099999999998 0.89351652967691941321 
0.00000000099999999993 0.75158650769925072765 0.10145054760056222698 0.00000000099999999993 0.14696294070018700584 0.00000000099999999993 0.00000000099999999993 
0.00095060269129481256 0.82944071515630479752 0.06180814536396554010 0.00813487258907436873 0.00000000099999999998 0.00000000099999999998 0.09966566219936054405 
0.00496568122457040871 0.00000000099999999989 0.00000000099999999989 0.00000000099999999989 0.00000000099999999989 0.00000000099999999989 0.99503431377542961300 
0.00000000099999999988 0.12007591258757807640 0.00000000099999999988 0.87992408241242203726 0.00000000099999999988 0.00000000099999999988 0.00000000099999999988 
0.00000000099999999998 0.84928671217528139969 0.12462890630813250326 0.00000005391729234331 0.00000000099999999998 0.02608432459929380456 0.00000000099999999998 
0.00000000099999999997 0.77740436422943348660 0.16968174709129449362 0.05291388467927206352 0.00000000099999999997 0.00000000099999999997 0.00000000099999999997 
0.00000000099999999998 0.78204128175385323463 0.18082967628115936831 0.03712903363344523255 0.00000000099999999998 0.00000000099999999998 0.00000000533154227054 
0.00000000099999999982 0.00000000099999999982 0.00000000099999999982 0.04391315301990754427 0.95608684198009252775 0.00000000099999999982 0.00000000099999999982 
0.00000000099999999953 0.00000000099999999953 0.00000000099999999953 0.99999999399999994765 0.00000000099999999953 0.00000000099999999953 0.00000000099999999953 
0.00000000099999999974 0.00000000099999999974 0.00000000099999999974 0.99999999399999994765 0.00000000099999999974 0.00000000099999999974 0.00000000099999999974 
0.00000000099999999974 0.00000000099999999974 0.00000000099999999974 0.99999999399999994765 0.00000000099999999974 0.00000000099999999974 0.00000000099999999974 
0.00000000099999999996 0.00585693830781840088 0.00344941733763032147 0.99069364035455120820 0.00000000099999999996 0.00000000099999999996 0.00000000099999999996 
0.00000000099999999974 0.00000000099999999974 0.00000000099999999974 0.99999999400000005867 0.00000000099999999974 0.00000000099999999974 0.00000000099999999974 
0.00000000099999999989 0.00000000099999999989 0.00000000099999999989 0.99999999400000005867 0.00000000099999999989 0.00000000099999999989 0.00000000099999999989 
0.00000000099999999965 0.00000000099999999965 0.00000000099999999965 0.99999999400000005867 0.00000000099999999965 0.00000000099999999965 0.00000000099999999965 
0.00000000099999999955 0.00000000099999999955 0.00000000099999999955 0.99999999399999994765 0.00000000099999999955 0.00000000099999999955 0.00000000099999999955 
0.00000000099999999989 0.00000000099999999989 0.00000000099999999989 0.99999999399999994765 0.00000000099999999989 0.00000000099999999989 0.00000000099999999989 
0.00000000099999999966 0.00000000099999999966 0.00000000099999999966 0.99999999399999994765 0.00000000099999999966 0.00000000099999999966 0.00000000099999999966 
0.00000000099999999995 0.00000000099999999995 0.00000000099999999995 0.99989490659618851520 0.00010508840381141419 0.00000000099999999995 0.00000000099999999995 
0.00000017960324084568 0.00000000099999999998 0.00851933005478302911 0.05179330004162870094 0.00000000099999999998 0.00000001777998444837 0.93968717052036299098 
0.00000000099999999962 0.00000000099999999962 0.00000000099999999962 0.99999999400000005867 0.00000000099999999962 0.00000000099999999962 0.00000000099999999962 
0.00000000099999999957 0.00000000099999999957 0.00000000099999999957 0.99999999399999994765 0.00000000099999999957 0.00000000099999999957 0.00000000099999999957 
0.00000000099999999973 0.00000000099999999973 0.00000000099999999973 0.99999999400000005867 0.00000000099999999973 0.00000000099999999973 0.00000000099999999973 
0.00000000099999999973 0.00000000099999999973 0.00000000099999999973 0.99999999399999994765 0.00000000099999999973 0.00000000099999999973 0.00000000099999999973 
0.00000000099999999966 0.00000000099999999966 0.00000000099999999966 0.99999999399999994765 0.00000000099999999966 0.00000000099999999966 0.00000000099999999966 
0.00000000099999999976 0.00000000099999999976 0.00000000099999999976 0.99999999400000005867 0.00000000099999999976 0.00000000099999999976 0.00000000099999999976 
0.00000000099999999955 0.00000000099999999955 0.00000000099999999955 0.99999999400000005867 0.00000000099999999955 0.00000000099999999955 0.00000000099999999955 
0.00000000099999999962 0.00000000099999999962 0.00000000099999999962 0.99999999400000005867 0.00000000099999999962 0.00000000099999999962 0.00000000099999999962 
0.00000000099999999964 0.00000000099999999964 0.00000000099999999964 0.99999999399999994765 0.00000000099999999964 0.00000000099999999964 0.00000000099999999964 
0.99769124697120292744 0.00000000099999999985 0.00000000099999999985 0.00000000099999999985 0.00000000099999999985 0.00230874802879724303 0.00000000099999999985 
0.45825406831392234697 0.00001196428179747979 0.00000000099999999997 0.00616935427612363280 0.00000000099999999997 0.00000000099999999997 0.53556461012815637091 
0.98358794007843275420 0.00000000099999999982 0.00000000099999999982 0.00000000099999999982 0.00000000099999999982 0.01641205492156732823 0.00000000099999999982 
0.74716699382633444682 0.00000000099999999997 0.00000000099999999997 0.00000013979655196895 0.00000000099999999997 0.00000000099999999997 0.25283286237711366518 
0.00000000099999999987 0.00000000099999999987 0.99999999400000005867 0.00000000099999999987 0.00000000099999999987 0.00000000099999999987 0.00000000099999999987 
0.76049210700505953664 0.00000000099999999988 0.00000000099999999988 0.00000000099999999988 0.00000000099999999988 0.00000000099999999988 0.23950788799494060477 
0.00000000099999999990 0.00000000099999999990 0.00000000099999999990 0.00000000099999999990 0.00000000099999999990 0.00000000099999999990 0.99999999400000005867 
0.00000000099999999986 0.00000000099999999986 0.00000000099999999986 0.00000000099999999986 0.00000000099999999986 0.00000000099999999986 0.99999999399999994765 
0.00000000099999999991 0.00000000099999999991 0.00000000099999999991 0.03206372299142459109 0.00000000099999999991 0.00000000099999999991 0.96793627200857546011 
0.99183474571316876389 0.00000000099999999984 0.00000000099999999984 0.00000000099999999984 0.00000000099999999984 0.00816524928683140354 0.00000000099999999984 
0.19677673791607008802 0.00745635299975517737 0.00000000099999999998 0.03281333410213815860 0.00000000099999999998 0.00344771363945621002 0.75950585934258041387 
0.00000000099999999987 0.91320920062268107209 0.08679079437731894442 0.00000000099999999987 0.00000000099999999987 0.00000000099999999987 0.00000000099999999987 
0.00000000099999999988 0.00000000099999999988 0.00000000099999999988 0.00000000099999999988 0.00000000099999999988 0.00000000099999999988 0.99999999399999994765 
0.56112137147468632570 0.00000000099999999994 0.00000000099999999994 0.00000000099999999994 0.00000000099999999994 0.00000000099999999994 0.43887862352531370469 
0.98567640260643940575 0.00000000099999999989 0.00000000099999999989 0.00000000099999999989 0.00000000099999999989 0.01432359239356076341 0.00000000099999999989 
0.70055593607079791330 0.00000000099999999994 0.00000000099999999994 0.00000000099999999994 0.00000000099999999994 0.00000361433640716647 0.29944044559279503481 
0.00000000099999999993 0.00000000099999999993 0.00000000099999999993 0.02466859629283751562 0.00000000099999999993 0.00000000099999999993 0.97533139870716245579 
0.00000000099999999987 0.91455944327110472170 0.08544055172889532257 0.00000000099999999987 0.00000000099999999987 0.00000000099999999987 0.00000000099999999987 
0.00000000099999999987 0.92407195300719047193 0.07592804199280947519 0.00000000099999999987 0.00000000099999999987 0.00000000099999999987 0.00000000099999999987 
0.49002181341813116910 0.00000000099999999993 0.00000000099999999993 0.00826719050659181602 0.00000000099999999993 0.00000000099999999993 0.50171099207527680708 
0.96657212860174257507 0.00000000099999999991 0.00000000099999999991 0.00000000099999999991 0.00000000099999999991 0.03342786639825749695 0.00000000099999999991 
0.23370267497727778561 0.00484007415203373693 0.00000000099999999998 0.03313891795488719400 0.00000000099999999998 0.00000009498998396427 0.72831823592581723670 
0.71161137995619383467 0.00000000099999999993 0.00000000099999999993 0.00000000099999999993 0.00000000099999999993 0.00000000099999999993 0.28838861504380614020 
0.00000000099999999993 0.00000000099999999993 0.00000000099999999993 0.03083510246619585934 0.00000000099999999993 0.00000000099999999993 0.96916489253380400104 
0.00000000099999999988 0.91054938197846280179 0.08945061302153714533 0.00000000099999999988 0.00000000099999999988 0.00000000099999999988 0.00000000099999999988 
0.00000000099999999988 0.90428257339823614469 0.09571742160176391345 0.00000000099999999988 0.00000000099999999988 0.00000000099999999988 0.00000000099999999988 
0.00000000099999999982 0.00000000099999999982 0.99999999400000005867 0.00000000099999999982 0.00000000099999999982 0.00000000099999999982 0.00000000099999999982 
0.96951247579779120667 0.00000000099999999987 0.00000000099999999987 0.00000000099999999987 0.00000000099999999987 0.03048751920220895209 0.00000000099999999987 
0.97946520425097483020 0.00000000099999999990 0.00000000099999999990 0.00000000099999999990 0.00000000099999999990 0.02053479074902517590 0.00000000099999999990 
0.99785938979040944563 0.00000000099999999987 0.00000000099999999987 0.00000000099999999987 0.00000000099999999987 0.00214060520959058259 0.00000000099999999987 
0.97768404626820271108 0.00000000099999999988 0.00000000099999999988 0.00000000099999999988 0.00000000099999999988 0.02231594873179743727 0.00000000099999999988 
0.71510924238873951886 0.00000000099999999994 0.00000000099999999994 0.00000000099999999994 0.00000000099999999994 0.00098348907143443773 0.28390726453982606525 
0.52643085299664427179 0.00000000099999999991 0.00000000099999999991 0.00000666305074448151 0.00000000099999999991 0.00000000099999999991 0.47356247995261147032 
0.00404497706231160634 0.00000000099999999997 0.00000000099999999997 0.03280745928659554306 0.00000000099999999997 0.00000000099999999997 0.96314755965109288827 
0.72006141716017546539 0.00000000099999999990 0.00000000099999999990 0.00000000099999999990 0.00000000099999999990 0.00000000099999999990 0.27993857783982462051 
0.00000000099999999986 0.91391654709204128704 0.08608344790795877111 0.00000000099999999986 0.00000000099999999986 0.00000000099999999986 0.00000000099999999986 
0.00000000099999999996 0.00000000099999999996 0.00000000099999999996 0.02319479044051538444 0.00000000099999999996 0.00000000099999999996 0.97680520455948449676 
0.00000000099999999993 0.91170866665679384244 0.08829132834320628509 0.00000000099999999993 0.00000000099999999993 0.00000000099999999993 0.00000000099999999993 
0.00000000099999999984 0.92180697938578126660 0.07819301561421877766 0.00000000099999999984 0.00000000099999999984 0.00000000099999999984 0.00000000099999999984 
0.00000000099999999987 0.01719740515426387145 0.98280258984573620751 0.00000000099999999987 0.00000000099999999987 0.00000000099999999987 0.00000000099999999987 
0.00000000099999999984 0.00000000099999999984 0.99999999400000005867 0.00000000099999999984 0.00000000099999999984 0.00000000099999999984 0.00000000099999999984 
0.98869254973324305347 0.00000000099999999983 0.00000000099999999983 0.00000000099999999983 0.00000000099999999983 0.01130744526675718682 0.00000000099999999983 
0.98337591780281530252 0.00000000099999999984 0.00000000099999999984 0.00000000099999999984 0.00000000099999999984 0.01662407719718476257 0.00000000099999999984 
0.98350893071569733817 0.00000000099999999987 0.00000000099999999987 0.00000000099999999987 0.00000000099999999987 0.01649106428430277896 0.00000000099999999987 
0.49955486198655418839 0.00000000099999999995 0.00000000099999999995 0.00572068028016070162 0.00000000099999999995 0.00000000099999999995 0.49472445373328516327 
0.76995288015393881231 0.00000000099999999993 0.00000000099999999993 0.00000000099999999993 0.00000000099999999993 0.00001403799280067859 0.23003307785326057577 
0.00000000099999999989 0.90909470853215890163 0.09090528646784121203 0.00000000099999999989 0.00000000099999999989 0.00000000099999999989 0.00000000099999999989 
0.00000000099999999991 0.91727497205105967826 0.08272502294894046315 0.00000000099999999991 0.00000000099999999991 0.00000000099999999991 0.00000000099999999991 
0.97884533883379620800 0.00000000099999999987 0.00000000099999999987 0.00000000099999999987 0.00000000099999999987 0.02115465616620388484 0.00000000099999999987 
0.98532451265496145965 0.00000000099999999991 0.00000000099999999991 0.00000000099999999991 0.00000000099999999991 0.01467548234503872860 0.00000000099999999991 
0.23159986833396037365 0.01971299271568618602 0.00000000099999999997 0.03260532168458529778 0.00000000099999999997 0.00000000099999999997 0.71608181426576811290 
0.57021074108631741861 0.00000000099999999997 0.00000000099999999997 0.00340434520190553702 0.00000000099999999997 0.00000027623984593046 0.42638463447193120093 
0.73491139802996230390 0.00000000099999999993 0.00000000099999999993 0.00000000099999999993 0.00000000099999999993 0.00000000099999999993 0.26508859697003789302 
0.00000000099999999990 0.93625116010347608775 0.06374883489652395652 0.00000000099999999990 0.00000000099999999990 0.00000000099999999990 0.00000000099999999990 
0.00000000099999999991 0.93414087831759440306 0.06585911668240565509 0.00000000099999999991 0.00000000099999999991 0.00000000099999999991 0.00000000099999999991 
0.63656749567651726984 0.00000000099999999998 0.02453769607093346863 0.01900338961332747809 0.00000000099999999998 0.00281262040233687827 0.31707879623688489668 
0.00000000344302425852 0.32588049979280009349 0.51165179074596767173 0.02801728813061211618 0.09854199061669537130 0.03234557076561274391 0.00356285650528772061 
0.61493197599505378115 0.00000000099999999997 0.01146890880918138671 0.02572892287064812086 0.00000000099999999997 0.01181749456610775920 0.33605269575900909018 
0.00000000099999999994 0.00000000099999999994 0.00690302385648752619 0.01181791857993213721 0.00000000099999999994 0.00000000099999999994 0.98127905356358036126 
0.00000000099999999996 0.00000000099999999996 0.01118762988858482826 0.01487365824137647057 0.00000000099999999996 0.00000000099999999996 0.97393870787003866685 
0.00000000099999999989 0.74814424796367817727 0.25185574703632196414 0.00000000099999999989 0.00000000099999999989 0.00000000099999999989 0.00000000099999999989 
0.64888988091057631102 0.00670852936011869568 0.00068060390443379056 0.01985830550091568364 0.00727693294455105874 0.00001555241257211756 0.31657019496683214133 
0.43748121484503277312 0.00000000099999999997 0.01471792751708741846 0.03144612822270431707 0.00000000099999999997 0.00000000099999999997 0.51635472641517543568 
0.46204487185727211029 0.00000000099999999995 0.00127912714490610786 0.03587526553441723609 0.00000000099999999995 0.00000000099999999995 0.50080073246340450766 
0.45460102418293607540 0.00000000099999999997 0.02065835257956930363 0.02323063521002382073 0.00000000099999999997 0.00000000099999999997 0.50150998502747079488 
0.48469812319457977745 0.00000000099999999997 0.00405960717791469233 0.02545809407571527835 0.00000000099999999997 0.00000000099999999997 0.48578417255179018319 
0.45244473423363540387 0.00000000099999999995 0.02025342087707622876 0.02284511897463930782 0.00000000099999999995 0.00000000099999999995 0.50445672291464893622 
0.49438522907213622304 0.00000000099999999997 0.00830209066844813867 0.02298790013412059866 0.00000000099999999997 0.00025811941936544765 0.47406665870592956669 
0.00000000100000000000 0.72728413315731010869 0.14162485492889415051 0.02635096329270848400 0.09008893173915491492 0.00006816043642565059 0.01458295544550669044 
0.00000000099999999990 0.83422532186770348428 0.16577467313229651835 0.00000000099999999990 0.00000000099999999990 0.00000000099999999990 0.00000000099999999990 
0.00000000099999999998 0.81142881898802388108 0.14766970731643638826 0.04090141609003998535 0.00000000099999999998 0.00000000099999999998 0.00000005460549980513 
0.00000000099999999997 0.84479350647797346596 0.14684046790459476250 0.00000000099999999997 0.00000000099999999997 0.00000000099999999997 0.00836602161743203905 
0.00000000099999999980 0.99999999400000005867 0.00000000099999999980 0.00000000099999999980 0.00000000099999999980 0.00000000099999999980 0.00000000099999999980 
0.67714187475466147692 0.00000000099999999999 0.00000000099999999999 0.00155740802832910310 0.03733086061236484676 0.00028414192418204552 0.28368571268046233191 
0.00000000099999999991 0.94099961687266009402 0.05900037812734005432 0.00000000099999999991 0.00000000099999999991 0.00000000099999999991 0.00000000099999999991 
0.00000000099999999958 0.00000000099999999958 0.00000000099999999958 0.99999999399999994765 0.00000000099999999958 0.00000000099999999958 0.00000000099999999958 
0.00000009952057498481 0.98594622034253576182 0.00000000099999999994 0.00000000099999999994 0.00000000099999999994 0.00000000099999999994 0.01405367613688925620 
0.00279492066981833947 0.00000000099999999994 0.00000000099999999994 0.00726206480078388054 0.00000000099999999994 0.00000000099999999994 0.98994301052939781549 
0.00000000099999999987 0.04114956767026879680 0.00000000099999999987 0.95885042732973113644 0.00000000099999999987 0.00000000099999999987 0.00000000099999999987 
0.00000000099999999968 0.99999999400000016969 0.00000000099999999968 0.00000000099999999968 0.00000000099999999968 0.00000000099999999968 0.00000000099999999968 
0.00000000099999999994 0.92802754151280952843 0.05642997085077032515 0.00000000099999999994 0.01554248363642022138 0.00000000099999999994 0.00000000099999999994 
0.00000000099999999980 0.00000000099999999980 0.00000000099999999980 0.00000000099999999980 0.99999999400000005867 0.00000000099999999980 0.00000000099999999980 
0.00472440855004690932 0.43200199490704621619 0.05599558337650417661 0.00000000099999999999 0.50239390700330033290 0.00343897863279706830 0.00144512653030521719 
0.00000000099999999967 0.00000000099999999967 0.00000000099999999967 0.99999999400000005867 0.00000000099999999967 0.00000000099999999967 0.00000000099999999967 
0.00000000100000000000 0.45649892199827690753 0.37424961424359787232 0.00778834394215067831 0.12148113760524290039 0.03998045898000605891 0.00000152223072550710 
0.00000000099999999997 0.75780546401275161728 0.17712879107761564379 0.03988647131118533418 0.00000000099999999997 0.00000000099999999997 0.02517927059844757981 
0.00000000099999999992 0.00000000099999999992 0.00000000099999999992 0.00011449797620284274 0.00000000099999999992 0.00000000099999999992 0.99988549702379714290 
0.00000000099999999959 0.00000000099999999959 0.00000000099999999959 0.00000000099999999959 0.99999999400000005867 0.00000000099999999959 0.00000000099999999959 
0.00000000099999999986 0.89177410227547992960 0.10822589272452025344 0.00000000099999999986 0.00000000099999999986 0.00000000099999999986 0.00000000099999999986 
0.00000000099999999994 0.86379404014166694115 0.13620595485833320026 0.00000000099999999994 0.00000000099999999994 0.00000000099999999994 0.00000000099999999994 
0.00000000099999999949 0.00000000099999999949 0.00000000099999999949 0.00000000099999999949 0.99999999400000005867 0.00000000099999999949 0.00000000099999999949 
0.00000000099999999989 0.01744264747600496671 0.00000000099999999989 0.98255734752399515042 0.00000000099999999989 0.00000000099999999989 0.00000000099999999989 
0.00031223755057146942 0.00000000099999999984 0.00000000099999999984 0.00000000099999999984 0.00000000099999999984 0.00000000099999999984 0.99968775744942861561 
0.00000000099999999966 0.00000000099999999966 0.00000000099999999966 0.00000000099999999966 0.99999999399999994765 0.00000000099999999966 0.00000000099999999966 
0.00000000099999999988 0.86695720573378320939 0.13304278926621687651 0.00000000099999999988 0.00000000099999999988 0.00000000099999999988 0.00000000099999999988 
0.00000392948016980373 0.81772558404073658611 0.14555476380298063011 0.03369654241991151822 0.00244078113824752014 0.00000000100000000000 0.00057839811795399687 
0.00000000099999999994 0.88025459989726928534 0.11974526513792663196 0.00000000099999999994 0.00000013096480419719 0.00000000099999999994 0.00000000099999999994 
0.00000000099999999972 0.99999999400000005867 0.00000000099999999972 0.00000000099999999972 0.00000000099999999972 0.00000000099999999972 0.00000000099999999972 
0.00000000099999999991 0.00000000099999999991 0.00000000099999999991 0.00000000099999999991 0.00000000099999999991 0.00000000099999999991 0.99999999399999994765 
0.00000000099999999968 0.99999999400000005867 0.00000000099999999968 0.00000000099999999968 0.00000000099999999968 0.00000000099999999968 0.00000000099999999968 
0.00000000099999999950 0.00000000099999999950 0.00000000099999999950 0.00000000099999999950 0.99999999399999994765 0.00000000099999999950 0.00000000099999999950 
0.00000000099999999992 0.92910291666561861668 0.07089707833438146922 0.00000000099999999992 0.00000000099999999992 0.00000000099999999992 0.00000000099999999992 
0.00000000099999999989 0.90317039554342459784 0.09682959945657554357 0.00000000099999999989 0.00000000099999999989 0.00000000099999999989 0.00000000099999999989 
0.00000000099999999993 0.80496976341431636381 0.15841436829832175603 0.03661586428736202103 0.00000000099999999993 0.00000000099999999993 0.00000000099999999993 
0.00000000099999999991 0.97377223518411371028 0.02622775981588624725 0.00000000099999999991 0.00000000099999999991 0.00000000099999999991 0.00000000099999999991 
0.00000000099999999971 0.00000000099999999971 0.00000000099999999971 0.00000000099999999971 0.99999999399999994765 0.00000000099999999971 0.00000000099999999971 
0.00000000099999999997 0.99999999239940184914 0.00000000099999999997 0.00000000099999999997 0.00000000260059823610 0.00000000099999999997 0.00000000099999999997 
0.00000000099999999991 0.99252061562842419651 0.00747937937157580439 0.00000000099999999991 0.00000000099999999991 0.00000000099999999991 0.00000000099999999991 
0.00000000099999999975 0.99999999400000005867 0.00000000099999999975 0.00000000099999999975 0.00000000099999999975 0.00000000099999999975 0.00000000099999999975 
0.00000000099999999975 0.99999999400000005867 0.00000000099999999975 0.00000000099999999975 0.00000000099999999975 0.00000000099999999975 0.00000000099999999975 
0.00000000099999999978 0.99999999400000005867 0.00000000099999999978 0.00000000099999999978 0.00000000099999999978 0.00000000099999999978 0.00000000099999999978 
0.00000000099999999996 0.90468260133543498824 0.08899168235427427909 0.00632571231029071222 0.00000000099999999996 0.00000000099999999996 0.00000000099999999996 
0.00000000099999999993 0.79486194619128991423 0.00535739197308964746 0.00000000099999999993 0.19978065783562062863 0.00000000099999999993 0.00000000099999999993 
0.00243472618949263113 0.00000000099999999996 0.00000000099999999996 0.00190451110326172123 0.00000000099999999996 0.00000068795155468485 0.99566007175569082310 
0.69572337699468667083 0.00000000099999999992 0.00000000099999999992 0.00000000099999999992 0.00000000099999999992 0.00000000099999999992 0.30427661800531341507 
0.54922917604191501262 0.00000000099999999988 0.00000000099999999988 0.00000000099999999988 0.00000000099999999988 0.36550329469497450097 0.08526752526311079383 
0.69707436802360611683 0.00000000099999999993 0.00000000099999999993 0.00000000099999999993 0.00000000099999999993 0.00000000099999999993 0.30292562697639408009 
0.71180453864777593065 0.00000000099999999991 0.00000000099999999991 0.00000000099999999991 0.00000000099999999991 0.00000000099999999991 0.28819545635222421076 
0.61304143286915568911 0.00000000099999999996 0.00000000099999999996 0.00000000122026160588 0.00000000099999999996 0.03565155484918659801 0.35130700806139619763 
0.75059553272059864604 0.00000000099999999994 0.00000000099999999994 0.00000000099999999994 0.00000000099999999994 0.00000002471427349252 0.24940443856512795051 
0.00000000099999999971 0.00000000099999999971 0.00000000099999999971 0.00000000099999999971 0.99999999400000005867 0.00000000099999999971 0.00000000099999999971 
0.00000000099999999990 0.00000000099999999990 0.00000000099999999990 0.00000000099999999990 0.00000000099999999990 0.00000000099999999990 0.99999999400000005867 
0.72385572353750571306 0.00000000099999999990 0.00000000099999999990 0.00000000099999999990 0.00000000099999999990 0.00000000099999999990 0.27614427146249437284 
0.69282308010773407947 0.00000000099999999995 0.00000000099999999995 0.00000000099999999995 0.00000000099999999995 0.00417960916117162372 0.30299730673109448453 
0.89249447701226103380 0.00000000099999999984 0.00000000099999999984 0.00000000099999999984 0.00000000099999999984 0.00000000099999999984 0.10750551798773905210 
0.70582379349381230149 0.00000000099999999994 0.00000000099999999994 0.00000000099999999994 0.00000000099999999994 0.00506397680555142025 0.28911222570063638271 
0.00000000099999999962 0.00000000099999999962 0.00000000099999999962 0.00000000099999999962 0.00000000099999999962 0.99999999399999994765 0.00000000099999999962 
0.00000000099999999955 0.00000000099999999955 0.00000000099999999955 0.00000000099999999955 0.00000000099999999955 0.99999999399999994765 0.00000000099999999955 
0.63756899922358500898 0.00000000099999999995 0.00000000099999999995 0.00353071470638745104 0.00000000099999999995 0.02333411887443748861 0.33556616419559009978 
