0.00321331607996516245 0.00000000256014807369 0.00000000100000000000 0.99678668035988682306 
0.00002444018774303820 0.00000000099999999999 0.00000020210056252559 0.99997535671169446303 
0.66632638752457595821 0.33367361047542409835 0.00000000099999999997 0.00000000099999999997 
0.00000000099999999998 0.00000000099999999998 0.00658875638913781082 0.99341124161086225008 
0.00000000099999999999 0.00112288220036832194 0.03904282796820712775 0.95983428883142463128 
0.00000000099999999999 0.00177305120817221784 0.04323405863348558920 0.95499288915834223967 
0.00000000099999999986 0.99999999700000008485 0.00000000099999999986 0.00000000099999999986 
0.00000000099999999995 0.00000000099999999995 0.00000000099999999995 0.99999999700000008485 
0.00000000099999999977 0.99999999700000008485 0.00000000099999999977 0.00000000099999999977 
0.00000000099999999996 0.00000000099999999996 0.00000000099999999996 0.99999999699999997382 
0.00000000099999999994 0.00000000099999999994 0.00000000099999999994 0.99999999699999997382 
0.00000000099999999999 0.00093622493921929222 0.01429179716134547883 0.98477197689943518633 
0.00000000099999999999 0.00000000099999999999 0.02568055142911320962 0.97431944657088687123 
0.00000000099999999999 0.00000005404170688509 0.04818841807649316966 0.95181152688179992971 
0.68984326883562652188 0.31015672916437342366 0.00000000099999999998 0.00000000099999999998 
0.00000000099999999996 0.00000000099999999996 0.00000000099999999996 0.99999999699999997382 
0.00000000099999999994 0.00000000099999999994 0.00000000099999999994 0.99999999699999997382 
0.00000000099999999998 0.02628549754056041729 0.01029993496831832327 0.96341456649112133803 
0.00000000099999999997 0.00000000099999999997 0.00000000099999999997 0.99999999700000008485 
0.00835163411790172325 0.15461539272712188087 0.01708941962682949955 0.81994355352814696225 
0.00000000099999999984 0.99999999699999997382 0.00000000099999999984 0.00000000099999999984 
0.00000000100000000000 0.14635398079313063913 0.01983706291523426590 0.83380895529163523427 
0.01187181385878503283 0.00000000100000000000 0.03391562168170068892 0.95421256345951421807 
0.00000000099999999981 0.99999999700000008485 0.00000000099999999981 0.00000000099999999981 
0.00000000099999999987 0.00000000099999999987 0.00000000099999999987 0.99999999699999997382 
0.00000000099999999994 0.00000000099999999994 0.00000000099999999994 0.99999999700000008485 
0.00000000099999999997 0.00000000099999999997 0.04316365792255900946 0.95683634007744100547 
0.00000000099999999991 0.00000000099999999991 0.00000000099999999991 0.99999999699999997382 
0.93428287237414964217 0.02986997689135821241 0.03584714973449212166 0.00000000100000000000 
0.00000000099999999988 0.99999999700000008485 0.00000000099999999988 0.00000000099999999988 
0.01501699883570619710 0.00035341467629215062 0.01395241384519513815 0.97067717264280639622 
0.00000000099999999999 0.12249640287482213563 0.00248322092458608040 0.87502037520059183784 
0.02638297126679541374 0.00177502423208477310 0.00000000100000000000 0.97184200350111982214 
0.00000000099999999996 0.00000000099999999996 0.10644983837136207105 0.89355015962863793000 
0.00000000099999999994 0.93329139763642199323 0.00000000099999999994 0.06670860036357807721 
0.00000000099999999995 0.00000000099999999995 0.00000000099999999995 0.99999999699999997382 
0.00000000099999999999 0.01414305105668494864 0.02944896489192566635 0.95640798305138940982 
0.00000000099999999985 0.00000000099999999985 0.00000000099999999985 0.99999999700000008485 
0.00000000099999999997 0.00000000099999999997 0.00000000099999999997 0.99999999699999997382 
0.00000000099999999999 0.24736844853756279061 0.00283057168898131518 0.74980097877345586177 
0.00000000099999999996 0.13839359876907750269 0.00000000099999999996 0.86160639923092241510 
0.08781730173780766258 0.00000000099999999999 0.01558447613376096226 0.89659822112843146069 
0.96448185764778771034 0.00000000099999999997 0.03551814035221239479 0.00000000099999999997 
0.02101660228916239770 0.00686276870039771378 0.00000000174615190369 0.97212062726428793979 
0.00000000099999999998 0.00000000099999999998 0.04633789476480759673 0.95366210323519251535 
0.00000000099999999998 0.00000000099999999998 0.03087909430242294015 0.96912090369757697417 
0.97220678753116562820 0.00000000099999999999 0.02779321046883447346 0.00000000099999999999 
0.87545058866253289143 0.00000000099999999999 0.11936031003067794354 0.00518910030678925317 
0.85728839501902220910 0.00000000099999999999 0.13265517307875834829 0.01005643090221935466 
0.96516527578417021793 0.00000000099999999998 0.03483472001410713170 0.00000000320172273967 
0.91029090573494819694 0.00000000099999999999 0.07837253742742514295 0.01133655583762659125 
0.98651972662978892892 0.00000000099999999997 0.01348027137021108948 0.00000000099999999997 
0.97087031031338533182 0.00000000099999999996 0.02912968768661454780 0.00000000099999999996 
0.91453797195791086683 0.00000000099999999999 0.07822666492225037460 0.00723536211983859083 
0.98261303259399757071 0.00000000099999999995 0.01738696540600248933 0.00000000099999999995 
0.97181765609790493610 0.00000000099999999997 0.02818234190209507536 0.00000000099999999997 
0.90434919036316008256 0.00000000099999999998 0.07055997522671601796 0.02509083341012381674 
0.98082696223418142090 0.00000000099999999998 0.01917303576581853158 0.00000000099999999998 
0.00671938639616617185 0.13896942603825690465 0.04151791248801733891 0.81279327507755949611 
0.93197674117169382324 0.00000000099999999999 0.06802325682830630271 0.00000000099999999999 
0.93445126101183118017 0.00000000099999999996 0.06554873698816873762 0.00000000099999999996 
0.93777918319244191192 0.00000025379554982658 0.06222056201200826947 0.00000000099999999999 
0.94319721412399692984 0.00000000099999999997 0.05680278387600311979 0.00000000099999999997 
0.93577245085311522299 0.00000000099999999999 0.06422754687209894509 0.00000000127478572652 
0.94752648212072332345 0.00000000099999999997 0.05247351587927660821 0.00000000099999999997 
0.00570758255072687480 0.08316923368105202941 0.02771323636526976109 0.88340994740295131216 
0.00000000099999999998 0.00000000099999999998 0.03317915399264098619 0.96682084400735901486 
0.00001447563725211645 0.10819408809972684560 0.00080047837775315599 0.89099095788526794237 
0.00000000099999999984 0.99999999699999997382 0.00000000099999999984 0.00000000099999999984 
0.01379495537014393224 0.00000000099999999997 0.00000000099999999997 0.98620504262985597688 
0.00000000099999999991 0.00000000099999999991 0.00000000099999999991 0.99999999699999997382 
0.00000000099999999984 0.00000000099999999984 0.00000000099999999984 0.99999999699999997382 
0.00000000099999999997 0.01262242436945200559 0.00000000099999999997 0.98737757363054801107 
0.00000000099999999996 0.00000000099999999996 0.00000000099999999996 0.99999999699999997382 
0.00000000099999999998 0.00000000099999999998 0.06049415036987994265 0.93950584763011990574 
0.00000000100000000000 0.16566384989079038781 0.00770282786411740153 0.82663332124509225629 
0.01326451800626234599 0.00000000099999999999 0.04028340907517578146 0.94645207191856195461 
0.00000000099999999992 0.00000000099999999992 0.00000000099999999992 0.99999999699999997382 
0.97283755116078618475 0.00000000099999999996 0.02716244683921389264 0.00000000099999999996 
0.00000000099999999995 0.00000000099999999995 0.00000000099999999995 0.99999999699999997382 
0.00000000100000000000 0.00147603291377630739 0.02705309416486067001 0.97147087192136305500 
0.00000000099999999984 0.00000000099999999984 0.00000000099999999984 0.99999999699999997382 
0.00000000099999999996 0.00000000099999999996 0.00000000099999999996 0.99999999700000008485 
0.00000000099999999994 0.00000000099999999994 0.00000000099999999994 0.99999999700000008485 
0.00000000099999999999 0.00291219086563285169 0.00000000099999999999 0.99708780713436728771 
0.00000000099999999997 0.00000000099999999997 0.03190419114546549917 0.96809580685453455740 
0.97386237690423116398 0.00000000099999999999 0.01253209445657497111 0.01360552763919385157 
0.00000000099999999987 0.00000000099999999987 0.00000000099999999987 0.99999999699999997382 
0.00000000099999999989 0.00000000099999999989 0.00000000099999999989 0.99999999699999997382 
0.00000000099999999998 0.00000000099999999998 0.00569848345676485755 0.99430151454323512095 
0.90879956362261260505 0.09120043437738729886 0.00000000099999999996 0.00000000099999999996 
0.99507391963123559275 0.00000000099999999997 0.00492607836876429641 0.00000000099999999997 
0.99999999699999997382 0.00000000099999999991 0.00000000099999999991 0.00000000099999999991 
0.61530708622033492006 0.38469291177966502548 0.00000000099999999996 0.00000000099999999996 
0.60772098263262330775 0.39227901536737685984 0.00000000099999999995 0.00000000099999999995 
0.00000000099999999993 0.00000000099999999993 0.00000000099999999993 0.99999999699999997382 
0.99176533122390175823 0.00000000099999999997 0.00823466677609832609 0.00000000099999999997 
0.98329942874656595109 0.00000000099999999998 0.01670056925343398405 0.00000000099999999998 
0.99246944071750953231 0.00000000099999999996 0.00753055728249033690 0.00000000099999999996 
0.99999999699999997382 0.00000000099999999994 0.00000000099999999994 0.00000000099999999994 
0.99999999699999997382 0.00000000099999999991 0.00000000099999999991 0.00000000099999999991 
0.60960899924205913525 0.39039099875794092132 0.00000000099999999995 0.00000000099999999995 
0.60582113067722753730 0.39417886732277246375 0.00000000099999999996 0.00000000099999999996 
0.99598762454975886538 0.00000000099999999997 0.00401237345024117557 0.00000000099999999997 
0.99999999700000008485 0.00000000099999999989 0.00000000099999999989 0.00000000099999999989 
0.99999994752667908937 0.00000000099999999997 0.00000005047332081681 0.00000000099999999997 
0.99294330643553740945 0.00000000100000000000 0.00352092105289590314 0.00353577151156679809 
0.98465446345275009499 0.00000000099999999999 0.01533988110590981703 0.00000565444133999873 
0.92120424942063960927 0.07879574857936036403 0.00000000099999999998 0.00000000099999999998 
0.98934706188401799754 0.00000262904506936546 0.01065030807091260807 0.00000000099999999999 
0.99390385431211503153 0.00040357070393564671 0.00561632180719138976 0.00007625317675792097 
0.99999999444321086006 0.00000000099999999997 0.00000000355678913710 0.00000000099999999997 
0.96922928653772766339 0.00000000099999999995 0.03077071146227233073 0.00000000099999999995 
0.89881481337456503589 0.10076360342834345118 0.00042158219709148575 0.00000000099999999999 
0.89524919225003141143 0.00000000099999999998 0.08748605893391964150 0.01726474781604898576 
0.97143987825012911852 0.00000000099999999995 0.02856011974987096233 0.00000000099999999995 
0.83520305727397559092 0.16479694072602438237 0.00000000099999999998 0.00000000099999999998 
0.91021088913131020792 0.08978910886868975150 0.00000000099999999999 0.00000000099999999999 
0.90702875729674725669 0.09295978681951590217 0.00001144127850456613 0.00000001460523214527 
0.94844118464590887463 0.00000000099999999999 0.04960063876370360975 0.00195817559038756863 
0.97456173494150943881 0.00000000099999999997 0.02543826305849058306 0.00000000099999999997 
0.97887602700656828336 0.00000000099999999997 0.02112397099343180096 0.00000000099999999997 
0.70468409271509224734 0.29531590528490780923 0.00000000099999999996 0.00000000099999999996 
0.81252506387426226553 0.18747493412573781879 0.00000000099999999998 0.00000000099999999998 
0.90479446144373731897 0.00000000099999999999 0.07998735039827735427 0.01521818715798536718 
0.88132275241310253922 0.11116382153571016667 0.00119243236801868584 0.00632099368316849878 
0.90210009788366574135 0.09789990011633438460 0.00000000099999999998 0.00000000099999999998 
0.99999999699999997382 0.00000000099999999994 0.00000000099999999994 0.00000000099999999994 
0.69372932569658851687 0.30627067230341142867 0.00000000099999999995 0.00000000099999999995 
0.69110666186020741630 0.30889333613979258475 0.00000000099999999995 0.00000000099999999995 
0.70968096765608268406 0.29031903034391742802 0.00000000099999999997 0.00000000099999999997 
0.86207202248002046119 0.13637141981940742452 0.00155655670057206321 0.00000000099999999999 
0.87801326000339596778 0.11779744406968707671 0.00418929492691695084 0.00000000099999999999 
0.99999998666608103104 0.00000000099999999997 0.00000001133391894141 0.00000000099999999997 
0.89566303252877221830 0.10392646169618341423 0.00041050477504449143 0.00000000099999999999 
0.90749277321301791144 0.08850270158065498549 0.00400452420632718426 0.00000000099999999999 
0.96969750868823234580 0.00000000099999999998 0.03030248931176762403 0.00000000099999999998 
0.99999999700000008485 0.00000000099999999991 0.00000000099999999991 0.00000000099999999991 
0.97367734013805429250 0.00000000099999999998 0.02632265786194572590 0.00000000099999999998 
0.95974363961632369602 0.00000000099999999996 0.04025635838367626340 0.00000000099999999996 
0.69612502126343023257 0.30387497673656982400 0.00000000099999999997 0.00000000099999999997 
0.89682651248669631450 0.10317348551330379758 0.00000000099999999998 0.00000000099999999998 
0.91937141387939858017 0.07409320642746096419 0.00653537869314028356 0.00000000099999999999 
0.97946487473505372545 0.00000000099999999998 0.02053512326494638662 0.00000000099999999998 
0.96338293190014390177 0.00000000099999999999 0.03661706609985605765 0.00000000099999999999 
0.70474736267698812053 0.29525263532301193603 0.00000000099999999997 0.00000000099999999997 
0.83063012991031670573 0.16936986808968335083 0.00000000099999999997 0.00000000099999999997 
0.11604377590532619080 0.00815000194069134647 0.39180279785454680264 0.48400342429943560285 
0.00000000099999999980 0.00000000099999999980 0.99999999699999986280 0.00000000099999999980 
0.00000000099999999985 0.00000000099999999985 0.99999999699999986280 0.00000000099999999985 
0.11678619389294968289 0.01630558764696427021 0.38437018940455075500 0.48253802905553533353 
0.00000000099999999982 0.00000000099999999982 0.99999999699999986280 0.00000000099999999982 
0.00000000099999999980 0.00000000099999999980 0.99999999699999986280 0.00000000099999999980 
0.00000000099999999977 0.00000000099999999977 0.99999999699999997382 0.00000000099999999977 
0.12850187942582580458 0.00433846832853979677 0.38886417511399240521 0.47829547713164199951 
0.00000000099999999982 0.00000000099999999982 0.99999999699999997382 0.00000000099999999982 
0.10232664530890588084 0.00755153004883855547 0.38203534930867477648 0.50808647533358075599 
0.00000000099999999977 0.00000000099999999977 0.99999999699999997382 0.00000000099999999977 
0.00000000100000000000 0.11990796078571266947 0.01523993661033957135 0.86485210160394765389 
0.00012909270162007923 0.00000000099999999999 0.00004393655539133155 0.99982696974298856940 
0.00116799515298894228 0.15132709197700741632 0.02059814474877847898 0.82690676812122509975 
0.89841300255363809590 0.10158699544636203005 0.00000000099999999997 0.00000000099999999997 
0.00000000099999999995 0.00000000099999999995 0.00000000099999999995 0.99999999700000008485 
0.00000000099999999999 0.00000000099999999999 0.04126057532829679325 0.95873942267170320086 
0.89682445184707215713 0.10317554615292778841 0.00000000099999999997 0.00000000099999999997 
0.00000000099999999982 0.99999999699999997382 0.00000000099999999982 0.00000000099999999982 
0.00000000099999999999 0.00000000099999999999 0.03302428995437794307 0.96697570804562216207 
0.97310730836843273295 0.00000000099999999997 0.02689268963156729933 0.00000000099999999997 
0.92016170503155125804 0.07983829296844879853 0.00000000099999999998 0.00000000099999999998 
0.97300831985787261669 0.00000000099999999996 0.02699167814212737049 0.00000000099999999996 
0.89823877515936556559 0.10176122284063435219 0.00000000099999999996 0.00000000099999999996 
0.96267817309625236533 0.00000000099999999998 0.03731666257908410750 0.00000516332466356009 
0.00000000099999999998 0.00000000099999999998 0.03209658367177440491 0.96790341432822557532 
0.00000000099999999994 0.00000000099999999994 0.00000000099999999994 0.99999999700000008485 
0.98195768031562979949 0.00000000099999999997 0.01804231768437018074 0.00000000099999999997 
0.97240490715625382823 0.00000000099999999996 0.02759509084374625609 0.00000000099999999996 
0.00000000099999999989 0.99999999699999997382 0.00000000099999999989 0.00000000099999999989 
0.91643557742096792840 0.08356442057903218368 0.00000000099999999997 0.00000000099999999997 
0.00000000099999999981 0.00000000099999999981 0.99999999699999997382 0.00000000099999999981 
0.86504851232136914518 0.00000000099999999999 0.13495148567863082811 0.00000000099999999999 
0.00000000099999999979 0.00000000099999999979 0.99999999699999986280 0.00000000099999999979 
0.00000000099999999981 0.00000000099999999981 0.99999999699999986280 0.00000000099999999981 
0.86659284050098428498 0.00000000100000000000 0.12038775423611951243 0.01301940426289632802 
0.00000000099999999990 0.00000000099999999990 0.99999999699999986280 0.00000000099999999990 
0.87080507847109567265 0.00004022902754924291 0.12914164745396317091 0.00001304504739194935 
0.00000000099999999991 0.00000000099999999991 0.99999999699999997382 0.00000000099999999991 
0.87734320604152615797 0.00000000099999999999 0.11070895379919651336 0.01194783915927741767 
0.00000000099999999993 0.00000000099999999993 0.00000000099999999993 0.99999999700000008485 
0.99999999699999997382 0.00000000099999999995 0.00000000099999999995 0.00000000099999999995 
0.00000000099999999999 0.00349203206194839558 0.04903911371338459668 0.94746885322466700696 
0.00000000099999999992 0.00000000099999999992 0.00000000099999999992 0.99999999700000008485 
0.00000000099999999997 0.00000000099999999997 0.00491214998139776274 0.99508784801860228342 
0.00000000099999999999 0.00000000099999999999 0.03858943840395780145 0.96141055959604226899 
0.96477166302551764510 0.00000000099999999996 0.03522833497448238371 0.00000000099999999996 
0.00138499070829469829 0.00000000100000000000 0.06310848273012706344 0.93550652556157831707 
0.95666315740291230085 0.00000000099999999997 0.04333684059708758224 0.00000000099999999997 
0.00000000099999999987 0.00000000099999999987 0.00000000099999999987 0.99999999699999997382 
0.00000000099999999995 0.00000000099999999995 0.00000000099999999995 0.99999999699999997382 
0.00000000099999999986 0.00000000099999999986 0.00000000099999999986 0.99999999700000008485 
0.97331015236013762593 0.00000000099999999995 0.02668984563986242717 0.00000000099999999995 
0.00000000099999999993 0.00000000099999999993 0.00000000099999999993 0.99999999699999997382 
0.00000000099999999999 0.00000000099999999999 0.03310990277961036593 0.96689009522038960043 
0.00000000099999999995 0.00000000099999999995 0.00000000099999999995 0.99999999700000008485 
0.00000000099999999996 0.00000000099999999996 0.00000000099999999996 0.99999999699999997382 
0.00000000099999999989 0.99999999700000008485 0.00000000099999999989 0.00000000099999999989 
0.00000000099999999995 0.00000000099999999995 0.00000000099999999995 0.99999999699999997382 
0.00000000099999999995 0.00000000099999999995 0.00000000099999999995 0.99999999700000008485 
0.00000000099999999990 0.99999999700000008485 0.00000000099999999990 0.00000000099999999990 
0.00000000099999999997 0.00000000099999999997 0.00000000099999999997 0.99999999699999997382 
0.96900289527353489216 0.00000000099999999994 0.03099710272646509501 0.00000000099999999994 
0.95453064217751826259 0.00000000099999999997 0.04546935582248173152 0.00000000099999999997 
0.96947752459311398177 0.00000000099999999996 0.03052247340688606786 0.00000000099999999996 
0.97090147558868244992 0.00000000099999999996 0.02909852241131745745 0.00000000099999999996 
0.97294886835117910806 0.00000000099999999996 0.02705112964882095544 0.00000000099999999996 
0.97227816226282881562 0.00000000099999999996 0.02772183573717117849 0.00000000099999999996 
0.97776407386664387911 0.00000000099999999996 0.02223592413335605603 0.00000000099999999996 
0.97171371879066925636 0.00000000099999999995 0.02828627920933072734 0.00000000099999999995 
0.00000000099999999993 0.00000000099999999993 0.00000000099999999993 0.99999999699999997382 
0.00000000100000000000 0.15654135250044784455 0.01227630875032324938 0.83118233774922900547 
0.00000000099999999999 0.00000000099999999999 0.00000000553560326991 0.99999999246439674749 
0.99999999700000008485 0.00000000099999999994 0.00000000099999999994 0.00000000099999999994 
0.99999999700000008485 0.00000000099999999994 0.00000000099999999994 0.00000000099999999994 
0.00000000099999999997 0.00000000099999999997 0.03359340213426831312 0.96640659586573174344 
0.99999999700000008485 0.00000000099999999996 0.00000000099999999996 0.00000000099999999996 
0.02308850607755179307 0.01489513734363883193 0.06208297741018709709 0.89993337916862226056 
0.99999999700000008485 0.00000000099999999990 0.00000000099999999990 0.00000000099999999990 
0.97463170965648437960 0.00000000099999999996 0.02536828834351555553 0.00000000099999999996 
0.99999999700000008485 0.00000000099999999992 0.00000000099999999992 0.00000000099999999992 
0.99999999699999997382 0.00000000099999999994 0.00000000099999999994 0.00000000099999999994 
0.99999999700000008485 0.00000000099999999991 0.00000000099999999991 0.00000000099999999991 
0.99973890884110638844 0.00026108915889355830 0.00000000099999999997 0.00000000099999999997 
0.99999999699999997382 0.00000000099999999990 0.00000000099999999990 0.00000000099999999990 
0.99999999700000008485 0.00000000099999999992 0.00000000099999999992 0.00000000099999999992 
0.97855640031199175866 0.00000000099999999995 0.02144359768800829444 0.00000000099999999995 
0.00000000099999999999 0.00014983699728847322 0.03063215363542340711 0.96921800836728810857 
0.00000000099999999999 0.00000000099999999999 0.03132008327225258709 0.96867991472774739314 
0.00000000100000000000 0.15103716115136692211 0.00837575299915458912 0.84058708484947852746 
0.99999999699999997382 0.00000000099999999995 0.00000000099999999995 0.00000000099999999995 
0.99999999700000008485 0.00000000099999999991 0.00000000099999999991 0.00000000099999999991 
0.98606978069690953692 0.00000000099999999996 0.01393021730309045199 0.00000000099999999996 
0.99999999699999997382 0.00000000099999999997 0.00000000099999999997 0.00000000099999999997 
0.99999999699999997382 0.00000000099999999992 0.00000000099999999992 0.00000000099999999992 
0.99999999699999997382 0.00000000099999999995 0.00000000099999999995 0.00000000099999999995 
0.99999999699999997382 0.00000000099999999997 0.00000000099999999997 0.00000000099999999997 
0.99831720577901239544 0.00168279222098759369 0.00000000099999999997 0.00000000099999999997 
0.00000000099999999997 0.00000000099999999997 0.02778575445308377120 0.97221424354691621250 
0.97436649394062269103 0.00776120429970284485 0.01787230075967447679 0.00000000100000000000 
0.97803580128024969476 0.00000000099999999997 0.02196419671975042079 0.00000000099999999997 
0.99998818197040584277 0.00001061472508280711 0.00000000099999999999 0.00000120230451128670 
0.99999999699999997382 0.00000000099999999992 0.00000000099999999992 0.00000000099999999992 
0.00000003504975623783 0.00512473961140318037 0.00946056994415003620 0.98541465539469053070 
0.98882561182360051433 0.00000000099999999997 0.01117438617639964285 0.00000000099999999997 
0.96618576094233576956 0.00000000099999999995 0.03381423705766414822 0.00000000099999999995 
0.98305116311435958298 0.00000000099999999997 0.01694883488564037990 0.00000000099999999997 
0.97517762695074050594 0.00000000099999999998 0.02482237104925954715 0.00000000099999999998 
0.97148968332864360509 0.00000000099999999997 0.02851031467135625719 0.00000000099999999997 
0.97756655329696207080 0.00000000099999999995 0.02243344470303797883 0.00000000099999999995 
0.98138065041808608679 0.00000000099999999996 0.01861934758191387609 0.00000000099999999996 
0.97692741925303394623 0.00000000099999999998 0.02307257874696599931 0.00000000099999999998 
0.97110798216953142514 0.00000000099999999995 0.02889201583046867999 0.00000000099999999995 
0.98063158351957624426 0.00000000099999999998 0.01936841448042378455 0.00000000099999999998 
0.97535280359747011936 0.00000000099999999996 0.02464719440252981578 0.00000000099999999996 
0.00000000099999999993 0.00000000099999999993 0.00000000099999999993 0.99999999700000008485 
0.00000000099999999999 0.00464286880775803112 0.00000000099999999999 0.99535712919224195172 
0.00000000099999999995 0.00000000099999999995 0.00000000099999999995 0.99999999700000008485 
0.00000000099999999993 0.00000000099999999993 0.00000000099999999993 0.99999999700000008485 
0.00000000099999999997 0.00000000099999999997 0.00000000099999999997 0.99999999699999997382 
0.00000000099999999995 0.00000000099999999995 0.00000000099999999995 0.99999999700000008485 
0.00000000099999999992 0.00000000099999999992 0.00000000099999999992 0.99999999700000008485 
0.00000000099999999995 0.00000000099999999995 0.00000000099999999995 0.99999999699999997382 
0.00000000099999999997 0.00000000099999999997 0.00000000099999999997 0.99999999700000008485 
0.00000000099999999992 0.00000000099999999992 0.00000000099999999992 0.99999999700000008485 
0.00000000099999999987 0.00000000099999999987 0.99999999699999986280 0.00000000099999999987 
0.00000000099999999984 0.00000000099999999984 0.99999999699999997382 0.00000000099999999984 
0.00000000099999999987 0.00000000099999999987 0.99999999699999997382 0.00000000099999999987 
0.00000000099999999985 0.00000000099999999985 0.99999999699999986280 0.00000000099999999985 
0.00000000099999999987 0.00000000099999999987 0.99999999699999986280 0.00000000099999999987 
0.00000000099999999991 0.00000000099999999991 0.99999999699999986280 0.00000000099999999991 
0.00000000099999999989 0.00000000099999999989 0.99999999699999986280 0.00000000099999999989 
0.00000000099999999981 0.00000000099999999981 0.99999999699999997382 0.00000000099999999981 
0.00000000099999999981 0.00000000099999999981 0.99999999699999997382 0.00000000099999999981 
0.00000000099999999984 0.00000000099999999984 0.99999999699999986280 0.00000000099999999984 
0.00000000099999999985 0.00000000099999999985 0.99999999699999986280 0.00000000099999999985 
0.00000000099999999977 0.00000000099999999977 0.99999999699999997382 0.00000000099999999977 
0.00000000099999999986 0.00000000099999999986 0.99999999699999997382 0.00000000099999999986 
0.00000000099999999980 0.00000000099999999980 0.99999999699999986280 0.00000000099999999980 
0.00000000099999999979 0.00000000099999999979 0.99999999699999997382 0.00000000099999999979 
0.00000000099999999992 0.00000000099999999992 0.99999999699999986280 0.00000000099999999992 
0.00000000099999999986 0.00000000099999999986 0.99999999699999997382 0.00000000099999999986 
0.00000000099999999979 0.00000000099999999979 0.99999999699999986280 0.00000000099999999979 
0.00000000099999999988 0.00000000099999999988 0.99999999699999997382 0.00000000099999999988 
0.00000000099999999992 0.00000000099999999992 0.99999999699999986280 0.00000000099999999992 
0.00000000099999999997 0.00000000099999999997 0.00000000099999999997 0.99999999700000008485 
0.00000000099999999997 0.00000000099999999997 0.00000000099999999997 0.99999999700000008485 
0.00000000099999999999 0.00001003682155151853 0.00844946362282864884 0.99154049855561976479 
0.00000000099999999998 0.00000000099999999998 0.00004209198283456827 0.99995790601716538770 
0.00000000099999999998 0.00000000099999999998 0.00167521380072016817 0.99832478419927983548 
0.00000000099999999995 0.00000000099999999995 0.00000000099999999995 0.99999999700000008485 
0.00000000099999999997 0.00326525547868872527 0.00000000099999999997 0.99673474252131133433 
0.00000000225638302465 0.00000000099999999999 0.00000000099999999999 0.99999999574361686516 
0.00000000099999999992 0.00000000099999999992 0.00000000099999999992 0.99999999699999997382 
0.00000000099999999999 0.00000552102821087916 0.00659751642757424369 0.99339696154421475160 
0.00000000099999999994 0.00000000099999999994 0.00000000099999999994 0.99999999699999997382 
0.00000000099999999993 0.00000000099999999993 0.00000000099999999993 0.99999999699999997382 
0.00000000099999999996 0.00000000099999999996 0.00000000099999999996 0.99999999699999997382 
0.00000000099999999998 0.00000000099999999998 0.00411421595439982052 0.99588578204560029850 
0.00000000099999999995 0.00000000099999999995 0.00000000099999999995 0.99999999700000008485 
0.00765767082936124471 0.00000000099999999999 0.00000488750634659834 0.99233744066429208086 
0.00000072302213369142 0.00000000099999999999 0.00000000099999999999 0.99999927497786622599 
0.00000619832751715733 0.00000000100000000000 0.00000085519254885691 0.99999294547993389237 
0.92921527221595279222 0.00000000099999999998 0.06060048840340417908 0.01018423838064297718 
0.93275483175281748149 0.00000000099999999998 0.06724516407753516889 0.00000000316964750308 
0.91979754883761533080 0.00000000099999999998 0.05603263697414590655 0.02416981318823883951 
0.93514683833050959993 0.00369759334249933173 0.05259205639993994041 0.00856351192705106026 
0.91112224780253181500 0.00000000099999999999 0.06415223574583142629 0.02472551545163691189 
0.93430318151557634199 0.00000000099999999999 0.05280825222375686023 0.01288856526066679484 
0.93512918911434661506 0.00000000099999999999 0.04929298209268272168 0.01557782779297064123 
0.93933847084745802913 0.00000000099999999999 0.06066152577986679006 0.00000000237267507670 
0.93320228164876473098 0.00000000099999999998 0.06128615961006936286 0.00551155774116597608 
0.94688212013536887657 0.00000000099999999999 0.04310610905322298514 0.01001176981140826719 
0.92927292862434118792 0.00000000099999999998 0.06485760675519049168 0.00586946362046823072 
0.94605340124956338599 0.00000000099999999997 0.04796096280288185409 0.00598563494755486626 
0.89704521091121047771 0.00000000100000000000 0.08408502383399865665 0.01886976425479090433 
0.95638412558991447998 0.00000000099999999999 0.04182070940302813622 0.00179516400705732383 
0.94497340968942189487 0.00000000099999999998 0.05048944442407074518 0.00453714488650745675 
0.89633687226782599033 0.00000000099999999999 0.09326560060071571734 0.01039752613145839694 
0.94311536194670786415 0.00000000099999999999 0.05688458768444994845 0.00000004936884219325 
0.93719015710917963347 0.00000000099999999999 0.05807296348068051450 0.00473687841013979271 
0.93618439442349121737 0.00000000099999999997 0.06196241398430960695 0.00185319059219917251 
0.94374332289701834409 0.00000000099999999998 0.04869384601632250481 0.00756283008665911607 
0.99999999699999997382 0.00000000099999999995 0.00000000099999999995 0.00000000099999999995 
0.99999999699999997382 0.00000000099999999995 0.00000000099999999995 0.00000000099999999995 
0.99148043989351952732 0.00000000099999999998 0.00851955810648050670 0.00000000099999999998 
0.95309825484021959419 0.03873775647368702529 0.00816398768609343309 0.00000000099999999999 
0.99026896042488177230 0.00000333519809692613 0.00972770337702122921 0.00000000099999999999 
0.99408302843131801652 0.00000000099999999996 0.00591696956868208775 0.00000000099999999996 
0.99694236930263857577 0.00000000099999999997 0.00305762869736136414 0.00000000099999999997 
0.98596329487269784853 0.00552593410538446735 0.00821488304907037718 0.00029588797284730184 
0.99999999699999997382 0.00000000099999999996 0.00000000099999999996 0.00000000099999999996 
0.99590072012754493613 0.00000000099999999998 0.00409927787245499813 0.00000000099999999998 
0.98727263031045120467 0.00000000099999999998 0.01272736768954871832 0.00000000099999999998 
0.98309307738248408182 0.00000000100000000000 0.01435471094846074887 0.00255221066905524660 
0.97587476574500509052 0.00000000099999999998 0.02412523225499487584 0.00000000099999999998 
0.97917486807219011880 0.00000000099999999998 0.02082512992780990654 0.00000000099999999998 
0.98057686932055199147 0.00000000099999999998 0.01942312867944800264 0.00000000099999999998 
0.99383138291376660334 0.00000000099999999997 0.00616861508623339598 0.00000000099999999997 
0.98294532440106607840 0.00000000099999999996 0.01705467359893400939 0.00000000099999999996 
0.98875688614511225705 0.00000000099999999998 0.01124311185488779605 0.00000000099999999998 
0.99152667595375831855 0.00000000099999999999 0.00847332204624161138 0.00000000099999999999 
0.99158998589893510012 0.00034455761362949899 0.00806545548743538808 0.00000000099999999999 
0.98343233663912998921 0.00000000099999999999 0.01646150140512953400 0.00010616095574058022 
0.98336713233785033594 0.00000000099999999997 0.01663286566214967899 0.00000000099999999997 
0.99446678864583448743 0.00000000099999999997 0.00553320935416554745 0.00000000099999999997 
0.99199081327493210392 0.00000000099999999999 0.00800918472506799081 0.00000000099999999999 
0.99325884826921251314 0.00000000099999999995 0.00674114973078759460 0.00000000099999999995 
0.99999999700000008485 0.00000000099999999994 0.00000000099999999994 0.00000000099999999994 
0.99999999247127047131 0.00000000099999999996 0.00000000552872961586 0.00000000099999999996 
0.99875141732150363172 0.00000000099999999996 0.00124858067849621668 0.00000000099999999996 
0.98446432335400024805 0.00000000099999999999 0.01553567464599973046 0.00000000099999999999 
0.98814342466656901465 0.00000000099999999998 0.01185657333343104365 0.00000000099999999998 
0.99610440115818532636 0.00000000099999999997 0.00389559684181465648 0.00000000099999999997 
0.99660842390177128980 0.00000000099999999996 0.00339157409822867222 0.00000000099999999996 
0.99379756802981333852 0.00000000099999999998 0.00620242997018663304 0.00000000099999999998 
0.99176768702780937481 0.00000000099999999997 0.00823231097219068175 0.00000000099999999997 
0.99239001582517494260 0.00000000099999999999 0.00760998217482502116 0.00000000099999999999 
0.99444405269287028393 0.00000000099999999995 0.00555594530712977264 0.00000000099999999995 
0.98755869463467893521 0.00000000099999999999 0.01244130336532114044 0.00000000099999999999 
0.99860222456850977757 0.00000000099999999997 0.00139777343149026794 0.00000000099999999997 
0.95297739980692408590 0.00557820474742849823 0.03114509631957431551 0.01029929912607293989 
0.99885290995548392523 0.00000000099999999998 0.00114708804451592230 0.00000000099999999998 
0.98702146400261880910 0.00000000100000000000 0.01297853300498499375 0.00000000199239623575 
0.98400277049936857310 0.00000000099999999999 0.01599722750063146265 0.00000000099999999999 
0.98101873880482393098 0.00000000099999999999 0.01898125919517618457 0.00000000099999999999 
0.98477400521280011869 0.00000000099999999996 0.01522599278719982165 0.00000000099999999996 
0.98759585111629100140 0.00286046425915555819 0.00889349194247135953 0.00065019268208206808 
0.99665076312200884256 0.00000000797504240790 0.00334922790294888296 0.00000000099999999999 
0.98483898843444683813 0.00000000099999999999 0.01516100956555318374 0.00000000099999999999 
0.99362326521927146761 0.00000000099999999997 0.00637673278072860457 0.00000000099999999997 
0.98041895806227286059 0.00000000099999999998 0.01958103993772706067 0.00000000099999999998 
0.81498922785405514269 0.16067171890202833207 0.01663154846932405478 0.00770750477459244705 
0.99486678724625687842 0.00513321075374307666 0.00000000099999999999 0.00000000099999999999 
0.99999999036287912091 0.00000000763712096951 0.00000000099999999996 0.00000000099999999996 
0.99247957357114369170 0.00752042442885630154 0.00000000099999999997 0.00000000099999999997 
0.99808684210806464243 0.00191315589193535645 0.00000000099999999996 0.00000000099999999996 
0.99999999700000008485 0.00000000099999999993 0.00000000099999999993 0.00000000099999999993 
0.99999999699999997382 0.00000000099999999996 0.00000000099999999996 0.00000000099999999996 
0.99999999700000008485 0.00000000099999999995 0.00000000099999999995 0.00000000099999999995 
0.99999999700000008485 0.00000000099999999996 0.00000000099999999996 0.00000000099999999996 
0.99999999699999997382 0.00000000099999999997 0.00000000099999999997 0.00000000099999999997 
0.99571935596641003574 0.00428064203358989679 0.00000000099999999998 0.00000000099999999998 
0.90327120405915284351 0.00000000099999999999 0.08369561076824703905 0.01303318417260001735 
0.89616678584204800817 0.00000000099999999998 0.08464960200856232186 0.01918361114938975376 
0.90782306710440097142 0.00000000099999999998 0.08475145594998212406 0.00742547594561678969 
0.90840512599891320988 0.00000000099999999999 0.07612924317933324192 0.01546562982175362679 
0.88823907950160219116 0.00000000099999999999 0.09826493142543732406 0.01349598807296038816 
0.89456101459100090256 0.00000000099999999998 0.09364180471549646279 0.01179717969350275140 
0.88724806206506712236 0.00000000099999999999 0.10034404757854910317 0.01240788935638388081 
0.89085537585043239606 0.00000000099999999998 0.09292595847723414404 0.01621866467233343267 
0.89110902951179271625 0.00000000099999999999 0.09053532726588310597 0.01835564222232412973 
0.89663086240018285977 0.00000000099999999998 0.08805284990929186650 0.01531628669052528813 
0.00000000099999999988 0.00000000099999999988 0.00000000099999999988 0.99999999699999997382 
0.00000000099999999991 0.00000000099999999991 0.00000000099999999991 0.99999999699999997382 
0.00000000099999999987 0.00000000099999999987 0.00000000099999999987 0.99999999700000008485 
0.00000000099999999990 0.00000000099999999990 0.00000000099999999990 0.99999999700000008485 
0.00000000099999999986 0.00000000099999999986 0.00000000099999999986 0.99999999700000008485 
0.00000000099999999987 0.00000000099999999987 0.00000000099999999987 0.99999999699999997382 
0.00000000099999999987 0.00000000099999999987 0.00000000099999999987 0.99999999699999997382 
0.00000000099999999986 0.00000000099999999986 0.00000000099999999986 0.99999999699999997382 
0.00000000099999999996 0.03928045836841805027 0.00000000099999999996 0.96071953963158185363 
0.00000000099999999986 0.00000000099999999986 0.00000000099999999986 0.99999999700000008485 
0.99999999699999997382 0.00000000099999999992 0.00000000099999999992 0.00000000099999999992 
0.99994260774297638594 0.00005739025702352976 0.00000000099999999998 0.00000000099999999998 
0.99999999700000008485 0.00000000099999999995 0.00000000099999999995 0.00000000099999999995 
0.99999999699999997382 0.00000000099999999995 0.00000000099999999995 0.00000000099999999995 
0.99999999700000008485 0.00000000099999999996 0.00000000099999999996 0.00000000099999999996 
0.99999999699999997382 0.00000000099999999991 0.00000000099999999991 0.00000000099999999991 
0.99999999700000008485 0.00000000099999999993 0.00000000099999999993 0.00000000099999999993 
0.99999999700000008485 0.00000000099999999996 0.00000000099999999996 0.00000000099999999996 
0.99999999699999997382 0.00000000099999999992 0.00000000099999999992 0.00000000099999999992 
0.99999999699999997382 0.00000000099999999992 0.00000000099999999992 0.00000000099999999992 
0.00000000099999999996 0.00000000099999999996 0.00000000099999999996 0.99999999700000008485 
0.00000000099999999996 0.00000000099999999996 0.00000000099999999996 0.99999999699999997382 
0.00000000099999999997 0.18656134620556766301 0.00000000099999999997 0.81343865179443231028 
0.00000000099999999993 0.00000000099999999993 0.00000000099999999993 0.99999999700000008485 
0.00000000099999999998 0.00000000099999999998 0.00113306015430338232 0.99886693784569646759 
0.00000000099999999998 0.00361728951439818950 0.00000000099999999998 0.99638270848560195336 
0.00000000099999999998 0.00000000099999999998 0.00000000099999999998 0.99999999699999997382 
0.00000000099999999995 0.00000000099999999995 0.00000000099999999995 0.99999999700000008485 
0.00000000099999999998 0.00067115293699682437 0.00000000099999999998 0.99932884506300312388 
0.01474660620160372741 0.00000000100000000000 0.00000000453404507781 0.98525338826435115980 
