0.00000000099999999983 0.00000000099999999983 0.00000000099999999983 0.99999999699999997382 
0.00548613516004308084 0.98965105823130539164 0.00027420302202382281 0.00458860358662772916 
0.00599561169451568506 0.98290602414678251986 0.00000000099999999999 0.01109836315870198556 
0.99999972540906501006 0.00000000099999999998 0.00000000099999999998 0.00000027259093505095 
0.99399259356302782642 0.00098027720565977403 0.00000000099999999999 0.00502712823131242197 
0.00000000099999999998 0.93886023693478992680 0.00000000099999999998 0.06113976106521024773 
0.00472007029408779907 0.99527992770591222627 0.00000000099999999999 0.00000000099999999999 
0.00404344548544334319 0.93710075665167291703 0.00000000099999999999 0.05885579686288385654 
0.00000000099999999995 0.99768406346066096368 0.00231593453933902956 0.00000000099999999995 
0.00000000099999999995 0.99999999699999997382 0.00000000099999999995 0.00000000099999999995 
0.00000000099999999997 0.99717648896050548046 0.00000000099999999997 0.00282350903949460863 
0.00000000099999999998 0.17003160527699853755 0.82996839272300149126 0.00000000099999999998 
0.00000000099999999995 0.99999999700000008485 0.00000000099999999995 0.00000000099999999995 
0.00000000099999999996 0.99999999699999997382 0.00000000099999999996 0.00000000099999999996 
0.00000000099999999995 0.99122793506543238617 0.00877206293456760447 0.00000000099999999995 
0.00000000099999999998 0.99551199798859835166 0.00000000099999999998 0.00448800001140165113 
0.00394790094850751977 0.99605209705149244659 0.00000000099999999999 0.00000000099999999999 
0.00000000099999999996 0.99508459341297017531 0.00000000099999999996 0.00491540458702991595 
0.00000000099999999998 0.97045993562937493682 0.00000000099999999998 0.02954006237062514403 
0.00586560691607266801 0.95558368917030078737 0.00000000100000000000 0.03855070291362660412 
0.00569255749266666094 0.92770690537514022278 0.00000000099999999999 0.06660053613219323043 
0.00000000099999999997 0.99667205961185534324 0.00332793838814456630 0.00000000099999999997 
0.00000000099999999992 0.99999999699999997382 0.00000000099999999992 0.00000000099999999992 
0.00000597421415200309 0.99331167276100851282 0.00456177939093363200 0.00212057363390577916 
0.00000000099999999994 0.99720056242784105294 0.00279943557215901620 0.00000000099999999994 
0.00000000099999999988 0.00000000099999999988 0.00000000099999999988 0.99999999700000008485 
0.00000000099999999997 0.99364265696650289073 0.00000000099999999997 0.00635734103349712160 
0.00000000099999999997 0.99284307498241242129 0.00000000099999999997 0.00715692301758769685 
0.00000000099999999992 0.99999999700000008485 0.00000000099999999992 0.00000000099999999992 
0.00000000099999999995 0.99427852143132888774 0.00572147656867107082 0.00000000099999999995 
0.00000000099999999993 0.99623173742446669010 0.00376826057553324633 0.00000000099999999993 
0.46640499767614013171 0.00877070967678516764 0.52482429164707455893 0.00000000100000000000 
0.00000000099999999996 0.99999999700000008485 0.00000000099999999996 0.00000000099999999996 
0.00000000099999999998 0.99999999700000008485 0.00000000099999999998 0.00000000099999999998 
0.00000000099999999996 0.99999999700000008485 0.00000000099999999996 0.00000000099999999996 
0.00000000099999999992 0.99999999700000008485 0.00000000099999999992 0.00000000099999999992 
0.00000000099999999995 0.99152591121804756202 0.00847408678195233148 0.00000000099999999995 
0.99999999700000008485 0.00000000099999999999 0.00000000099999999999 0.00000000099999999999 
0.00000000099999999983 0.00000000099999999983 0.00000000099999999983 0.99999999699999997382 
0.00000000099999999994 0.99484452054870731175 0.00515547745129260864 0.00000000099999999994 
0.00000000099999999997 0.99646803350037072011 0.00000000099999999997 0.00353196449962944400 
0.00000000099999999998 0.99405630368773734151 0.00000000099999999998 0.00594369431226279225 
0.00000000099999999999 0.99377425522688611625 0.00000000099999999999 0.00622574277311401837 
0.00705779020547876723 0.94549393576664786387 0.01659754988390264169 0.03085072414397069251 
0.00000000099999999996 0.99958914268850640461 0.00041085531149364962 0.00000000099999999996 
0.00000000099999999999 0.96901879592296791266 0.02340401202264415226 0.00757719105438804490 
0.00000000099999999989 0.00000000099999999989 0.00000000099999999989 0.99999999699999997382 
0.00000000099999999981 0.00000000099999999981 0.00000000099999999981 0.99999999699999997382 
0.00000007625857423433 0.95349835140752459139 0.01214583886848243088 0.03435573346541866829 
0.00000000099999999994 0.99999999700000008485 0.00000000099999999994 0.00000000099999999994 
0.01531691705054464420 0.93115256693867187732 0.00160139121682767015 0.05192912479395585257 
0.00000000099999999993 0.99999999700000008485 0.00000000099999999993 0.00000000099999999993 
0.00000000099999999992 0.99999999700000008485 0.00000000099999999992 0.00000000099999999992 
0.00000000099999999993 0.99999999699999997382 0.00000000099999999993 0.00000000099999999993 
0.99999999699999997382 0.00000000099999999998 0.00000000099999999998 0.00000000099999999998 
0.00000000099999999997 0.14050101103958498316 0.85949898696041504564 0.00000000099999999997 
0.00000000099999999990 0.99999999699999997382 0.00000000099999999990 0.00000000099999999990 
0.00000000099999999992 0.99999999699999997382 0.00000000099999999992 0.00000000099999999992 
0.00000000099999999997 0.14774131928667258440 0.85225867871332749992 0.00000000099999999997 
0.00000000099999999995 0.99999999700000008485 0.00000000099999999995 0.00000000099999999995 
0.00000000099999999996 0.99999999699999997382 0.00000000099999999996 0.00000000099999999996 
0.00000000099999999997 0.99033801920278907716 0.00966197879721092737 0.00000000099999999997 
0.00000000099999999996 0.99309538462665369885 0.00690461337334631435 0.00000000099999999996 
0.00000000099999999986 0.00000000099999999986 0.00000000099999999986 0.99999999700000008485 
0.00350214589062136259 0.93266491979484233976 0.00000000099999999999 0.06383293331453626651 
0.00000000099999999994 0.99484904659045625408 0.00000000099999999994 0.00515095140954377473 
0.21878710900185435739 0.76739849548010774516 0.00000000100000000000 0.01381439451803793787 
0.96025264307771396322 0.03646827579655505941 0.00327908012573092629 0.00000000099999999999 
0.00000000099999999996 0.99999999700000008485 0.00000000099999999996 0.00000000099999999996 
0.00000000099999999997 0.99119173446141395356 0.00880826353858604576 0.00000000099999999997 
0.90487557361683668145 0.09486618681837007128 0.00025823856479310420 0.00000000100000000000 
0.00000000099999999999 0.99999983803338443611 0.00000000099999999999 0.00000015996661568728 
0.42470974458172899846 0.06134377592311963945 0.50414095457447105630 0.00980552492068023467 
0.00000000099999999992 0.99999999700000008485 0.00000000099999999992 0.00000000099999999992 
0.00000000099999999993 0.99999999700000008485 0.00000000099999999993 0.00000000099999999993 
0.00000000099999999995 0.99999999699999997382 0.00000000099999999995 0.00000000099999999995 
0.00000000099999999998 0.99999990269162764012 0.00000000099999999998 0.00000009530837242431 
0.00000000099999999999 0.86245759289333756570 0.00000000099999999999 0.13754240510666246311 
0.99765913476481704603 0.00000000099999999997 0.00000000099999999997 0.00234086323518310898 
0.00000000099999999999 0.99440789015477326629 0.00000000099999999999 0.00559210784522675385 
0.34722437698982677734 0.17632762142891098001 0.47644800058126224318 0.00000000100000000000 
0.00000000099999999998 0.99110133375216935558 0.00000000099999999998 0.00889866424783075129 
0.00000000099999999992 0.99999999699999997382 0.00000000099999999992 0.00000000099999999992 
0.01472069315862367840 0.98451399803166639302 0.00076530780971001671 0.00000000100000000000 
0.01773368464784519372 0.96726719640518943333 0.00893243294254568269 0.00606668600441965383 
0.00000000099999999999 0.99578700969141531463 0.00000000099999999999 0.00421298830858471245 
0.01177233702835237851 0.97001741419464371230 0.01780316950119438871 0.00040707927580951636 
0.00000000099999999991 0.99999999699999997382 0.00000000099999999991 0.00000000099999999991 
0.00000000099999999998 0.96522126444876332751 0.03477873355123673599 0.00000000099999999998 
0.99967227046837925375 0.00000000099999999999 0.00000000099999999999 0.00032772753162089004 
0.00000000099999999991 0.99999999700000008485 0.00000000099999999991 0.00000000099999999991 
0.00000000099999999997 0.87707761843231635268 0.00000000099999999997 0.12292237956768369000 
0.00000000099999999998 0.99903491189990767385 0.00000000099999999998 0.00096508610009231517 
0.00525711380454188960 0.95336250053758175849 0.00000000099999999999 0.04138038465787642617 
0.00000000099999999989 0.99999999700000008485 0.00000000099999999989 0.00000000099999999989 
0.00000000099999999999 0.99106608667324658235 0.00000000099999999999 0.00893391132675354360 
0.87560990041100761339 0.11816307634028717921 0.00000000100000000000 0.00622702224870524349 
0.01574397675902180355 0.80247830151116206210 0.00000000100000000000 0.18177772072981615570 
0.00630691214568579375 0.43218038532259073214 0.00000000100000000000 0.56151270153172350152 
0.00000000099999999996 0.99565704353823381023 0.00000000099999999996 0.00434295446176618475 
0.00009398275890240822 0.97901371503100353966 0.01382948577899093499 0.00706281643110300960 
0.10573403795564499663 0.87909315507305962889 0.00000000100000000000 0.01517280597129548429 
0.99988261982094228664 0.00000000099999999996 0.00011737817905781667 0.00000000099999999996 
0.00000000099999999997 0.11142450659651023659 0.00000000099999999997 0.88857549140348968120 
0.00079940107548730481 0.97170228896158983289 0.01849531926688059019 0.00900299069604234940 
0.00000000099999999999 0.93402116861551143234 0.00000000099999999999 0.06597882938448859647 
0.00191580125994864395 0.94932838114307360744 0.00000000099999999999 0.04875581659697788423 
0.00056796869122754923 0.95907807593817651082 0.00000000099999999999 0.04035395437059580842 
0.00000000099999999999 0.94350601787312948776 0.03228068048313322003 0.02421330064373746968 
0.00000000099999999978 0.00000000099999999978 0.00000000099999999978 0.99999999700000008485 
0.00000000099999999989 0.00000000099999999989 0.00000000099999999989 0.99999999700000008485 
0.00000000099999999989 0.00000000099999999989 0.00000000099999999989 0.99999999700000008485 
0.00000000099999999999 0.00795499784632287300 0.00000000099999999999 0.99204500015367702570 
0.00000000099999999989 0.00000000099999999989 0.00000000099999999989 0.99999999700000008485 
0.00000000099999999995 0.00000000099999999995 0.00000000099999999995 0.99999999699999997382 
0.00000000099999999983 0.00000000099999999983 0.00000000099999999983 0.99999999700000008485 
0.00000000099999999979 0.00000000099999999979 0.00000000099999999979 0.99999999700000008485 
0.00000000099999999996 0.00000000099999999996 0.00000000099999999996 0.99999999699999997382 
0.00000000099999999984 0.00000000099999999984 0.00000000099999999984 0.99999999700000008485 
0.00000000099999999998 0.00000000099999999998 0.00000000099999999998 0.99999999699999997382 
0.94260505116984061313 0.00000000099999999999 0.00000000099999999999 0.05739494683015954751 
0.00000000099999999982 0.00000000099999999982 0.00000000099999999982 0.99999999699999997382 
0.00000000099999999980 0.00000000099999999980 0.00000000099999999980 0.99999999700000008485 
0.00000000099999999986 0.00000000099999999986 0.00000000099999999986 0.99999999700000008485 
0.00000000099999999987 0.00000000099999999987 0.00000000099999999987 0.99999999700000008485 
0.00000000099999999984 0.00000000099999999984 0.00000000099999999984 0.99999999700000008485 
0.00000000099999999989 0.00000000099999999989 0.00000000099999999989 0.99999999700000008485 
0.00000000099999999979 0.00000000099999999979 0.00000000099999999979 0.99999999699999997382 
0.00000000099999999982 0.00000000099999999982 0.00000000099999999982 0.99999999699999997382 
0.00000000099999999983 0.00000000099999999983 0.00000000099999999983 0.99999999699999997382 
0.00000000099999999993 0.00000000099999999993 0.99999999699999986280 0.00000000099999999993 
0.64648413122353898252 0.00000000099999999999 0.34905359128111024258 0.00446227649535082052 
0.00000000099999999991 0.00000000099999999991 0.99999999699999997382 0.00000000099999999991 
0.40528874390447044984 0.00000000099999999998 0.59471125409552938468 0.00000000099999999998 
0.65901859796165895844 0.00000000099999999999 0.33168059798186072529 0.00930080305648033762 
0.00000000099999999998 0.99999999699999997382 0.00000000099999999998 0.00000000099999999998 
0.42389706445414360170 0.00000000099999999995 0.57610293354585639936 0.00000000099999999995 
0.99999999699999997382 0.00000000099999999997 0.00000000099999999997 0.00000000099999999997 
0.99999999699999997382 0.00000000099999999995 0.00000000099999999995 0.00000000099999999995 
0.96320705155702202038 0.00000000099999999997 0.00000000099999999997 0.03679294644297789740 
0.00000000099999999993 0.00000000099999999993 0.99999999699999986280 0.00000000099999999993 
0.81263871240906915272 0.00000143039901712833 0.14964911189725749185 0.03771074529465621994 
0.00000000099999999996 0.99999999699999997382 0.00000000099999999996 0.00000000099999999996 
0.99999999700000008485 0.00000000099999999996 0.00000000099999999996 0.00000000099999999996 
0.59603608719954292994 0.00000000099999999997 0.40396391080045696009 0.00000000099999999997 
0.00000000099999999997 0.99999999699999997382 0.00000000099999999997 0.00000000099999999997 
0.00322657767753145759 0.99677342032246862846 0.00000000100000000000 0.00000000100000000000 
0.00000000099999999995 0.00000000099999999995 0.99999999699999986280 0.00000000099999999995 
0.44189709976086755105 0.00000000099999999997 0.55810289823913239449 0.00000000099999999997 
0.96916931378440362987 0.00000000099999999998 0.00000000099999999998 0.03083068421559640240 
0.00000000099999999994 0.99999999700000008485 0.00000000099999999994 0.00000000099999999994 
0.00000000099999999994 0.99999999700000008485 0.00000000099999999994 0.00000000099999999994 
0.65481865014605011854 0.00000000099999999998 0.34180482084605251503 0.00337652800789734267 
0.02060004465565876824 0.00000000099999999996 0.97939995334434115648 0.00000000099999999996 
0.80332225325987549613 0.00000000100000000000 0.16088773119113081167 0.03579001454899385232 
0.44413631398461761446 0.00000000099999999996 0.55586368401538233108 0.00000000099999999996 
0.96324791568142187348 0.00000000099999999998 0.00000000099999999998 0.03675208231857807900 
0.00000000099999999997 0.99999999699999997382 0.00000000099999999997 0.00000000099999999997 
0.00000000099999999996 0.99716844402660032021 0.00000000099999999996 0.00283155397339970383 
0.00000000099999999995 0.99999999699999997382 0.00000000099999999995 0.00000000099999999995 
0.00000008510814254369 0.00000000099999999995 0.99999991289185741206 0.00000000099999999995 
0.00000580677943028093 0.00000000099999999996 0.99999419122056976139 0.00000000099999999996 
0.00000000099999999994 0.00000000099999999994 0.99999999699999997382 0.00000000099999999994 
0.02017046690789582250 0.00000000099999999995 0.97982953109210402243 0.00000000099999999995 
0.41817178471823174268 0.00000000099999999997 0.58182821328176814735 0.00000000099999999997 
0.63422892026506871854 0.00000000099999999997 0.36577107773493122700 0.00000000099999999997 
0.96186673510809350685 0.00000000099999999999 0.00000000099999999999 0.03813326289190648033 
0.45331792578375196268 0.00000000099999999995 0.54668207221624809389 0.00000000099999999995 
0.00000000099999999995 0.99999999699999997382 0.00000000099999999995 0.00000000099999999995 
0.96850424171842064425 0.00000000099999999999 0.00000000099999999999 0.03149575628157944007 
0.00000000099999999998 0.99657253352048580375 0.00000000099999999998 0.00342746447951431917 
0.00000000099999999993 0.99999999699999997382 0.00000000099999999993 0.00000000099999999993 
0.00000000099999999996 0.99999999699999997382 0.00000000099999999996 0.00000000099999999996 
0.00000000099999999997 0.99999999700000008485 0.00000000099999999997 0.00000000099999999997 
0.00000000099999999996 0.99999999699999997382 0.00000000099999999996 0.00000000099999999996 
0.00000000099999999992 0.00000000099999999992 0.99999999699999997382 0.00000000099999999992 
0.00000000099999999992 0.00000000099999999992 0.99999999699999986280 0.00000000099999999992 
0.00000000099999999994 0.00000000099999999994 0.99999999699999986280 0.00000000099999999994 
0.63392777896584395769 0.00000000099999999999 0.36604802243349982005 0.00002419760065628894 
0.38768964203174077765 0.00000000099999999996 0.61231035596825922340 0.00000000099999999996 
0.00000000099999999996 0.99984598042543237906 0.00000000099999999996 0.00015401757456753539 
0.00000000099999999997 0.99857453711979804467 0.00000000099999999997 0.00142546088020202881 
0.00000000099999999995 0.00000000099999999995 0.99999999699999986280 0.00000000099999999995 
0.00000000099999999996 0.00000000099999999996 0.99999999699999997382 0.00000000099999999996 
0.78625712102722766783 0.01285965699683634667 0.16508860578782036388 0.03579461618811553836 
0.57283223648596315325 0.00000000099999999999 0.42716776151403690331 0.00000000099999999999 
0.42419191933835564967 0.00000000099999999997 0.57580807866164418485 0.00000000099999999997 
0.00000000099999999997 0.99999999700000008485 0.00000000099999999997 0.00000000099999999997 
0.00000000099999999998 0.99999787557840891239 0.00000000099999999998 0.00000212242159119559 
0.00180190873980311879 0.99308647530558258332 0.00000000100000000000 0.00511161495461422057 
0.47194032029159671549 0.00662816800876767347 0.50408783170025917020 0.01734367999937664814 
0.00726656235244216471 0.93472952073713277965 0.01130158781040966308 0.04670232910001524684 
0.49674538155753517055 0.00000000099999999999 0.47966090588187698662 0.02359371156058791275 
0.98035596037274652659 0.00000000099999999998 0.00000000099999999998 0.01964403762725342589 
0.97601631444318559527 0.00354899878246658224 0.00000000099999999999 0.02043468577434769465 
0.00000000099999999996 0.99289799133754597094 0.00000000099999999996 0.00710200666245402751 
0.46107699123361745031 0.01097922262023344649 0.51280208266519977656 0.01514170348094917053 
0.65759469769253298121 0.00000000099999999999 0.30988615298276978027 0.03251914832469732231 
0.64565157897822100797 0.00000000099999999998 0.32521850430071003180 0.02912991572106904750 
0.65281194697367139756 0.00000000100000000000 0.32284220955451709001 0.02434584247181162744 
0.63663936982049984525 0.00000000099999999999 0.34442195710262929476 0.01893867207687098889 
0.65663701226545634348 0.00000000100000000000 0.31997329433438614910 0.02338969240015757386 
0.61136607613943239059 0.00000000099999999999 0.37016310545230957096 0.01847081740825801469 
0.01403290902139173874 0.94993274892228540818 0.00000000100000000000 0.03603434105632286749 
0.00000000099999999996 0.99999999700000008485 0.00000000099999999996 0.00000000099999999996 
0.00447504753592214803 0.94102313876984700070 0.00000000099999999999 0.05450181269423073210 
0.01111908244242306755 0.98646980710824161420 0.00000000099999999999 0.00241110944933538122 
0.00000000099999999997 0.99999999699999997382 0.00000000099999999997 0.00000000099999999997 
0.00000000099999999993 0.99999999699999997382 0.00000000099999999993 0.00000000099999999993 
0.41006001857174312342 0.03605860704270105743 0.55366987818228885487 0.00021149620326686231 
0.00000000099999999997 0.99999999699999997382 0.00000000099999999997 0.00000000099999999997 
0.09220129747293842604 0.90031304762994346369 0.00000000100000000000 0.00748565389711803447 
0.00000000099999999981 0.00000000099999999981 0.00000000099999999981 0.99999999700000008485 
0.02141857679347674431 0.97858142120652336082 0.00000000099999999999 0.00000000099999999999 
0.98680790410156782322 0.00000000099999999999 0.00000000099999999999 0.01319209389843217263 
0.00000000099999999996 0.03685779818544398373 0.00000000099999999996 0.96314219981455595487 
0.00000000099999999987 0.99999999699999997382 0.00000000099999999987 0.00000000099999999987 
0.98889386974376969341 0.00000000099999999999 0.00000000099999999999 0.01110612825623039611 
0.00000000099999999997 0.99618237666614006809 0.00000000099999999997 0.00381762133386001753 
0.00000000099999999998 0.98170759162745413473 0.01829240637254592530 0.00000000099999999998 
0.00000000099999999998 0.98513049678685193911 0.01486950121314804113 0.00000000099999999998 
0.00000000099999999986 0.00000000099999999986 0.00000000099999999986 0.99999999699999997382 
0.00079179648927232621 0.95654058404850494934 0.01824913826670002473 0.02441848119552269061 
0.02643269951771519063 0.92045436679585834749 0.00000000099999999999 0.05311293268642654219 
0.99289370744809413161 0.00000000099999999998 0.00000000099999999998 0.00710629055190598654 
0.00000000099999999994 0.99089979051809407018 0.00910020748190596730 0.00000000099999999994 
0.00000000099999999994 0.99999999700000008485 0.00000000099999999994 0.00000000099999999994 
0.00000000099999999999 0.99628378823357677252 0.00000000099999999999 0.00371620976642330399 
0.00000000099999999993 0.99999999480141932295 0.00000000319858061042 0.00000000099999999993 
0.00000000099999999997 0.01363708593473005222 0.00000000099999999997 0.98636291206527004771 
0.99999999699999997382 0.00000000099999999994 0.00000000099999999994 0.00000000099999999994 
0.00000000099999999998 0.99999999699999997382 0.00000000099999999998 0.00000000099999999998 
0.00000000099999999996 0.99301068022798810730 0.00698931777201200997 0.00000000099999999996 
0.00000000099999999995 0.99999999699999997382 0.00000000099999999995 0.00000000099999999995 
0.00510049489440408520 0.95113733492940832903 0.00000000100000000000 0.04376216917618773461 
0.00000000099999999998 0.99999999700000008485 0.00000000099999999998 0.00000000099999999998 
0.01439307756117377823 0.90476155231336496954 0.00003312583793617221 0.08081224428752517563 
0.00000000099999999998 0.99999999699999997382 0.00000000099999999998 0.00000000099999999998 
0.00000000099999999988 0.99999999700000008485 0.00000000099999999988 0.00000000099999999988 
0.99742339553651337969 0.00000000099999999998 0.00000000099999999998 0.00257660246348655371 
0.00000000099999999988 0.99999999699999997382 0.00000000099999999988 0.00000000099999999988 
0.00000000099999999993 0.99999999700000008485 0.00000000099999999993 0.00000000099999999993 
0.00000000099999999998 0.99999999700000008485 0.00000000099999999998 0.00000000099999999998 
0.00000000099999999996 0.99410289512552396651 0.00000000099999999996 0.00589710287447603888 
0.00000000099999999999 0.99619962375942616717 0.00000000099999999999 0.00380037424057376189 
0.00000000099999999997 0.94747365098177593890 0.00000000099999999997 0.05252634701822406910 
0.00000000099999999998 0.99409857890353858778 0.00000000099999999998 0.00590141909646163271 
0.00000000099999999996 0.99724009204144636875 0.00275990595855370082 0.00000000099999999996 
0.00000000099999999999 0.99629958032370646848 0.00370041767629345755 0.00000000099999999999 
0.00000000099999999998 0.99999999700000008485 0.00000000099999999998 0.00000000099999999998 
0.00000000099999999991 0.99999999699999997382 0.00000000099999999991 0.00000000099999999991 
0.00000000099999999991 0.99999999699999997382 0.00000000099999999991 0.00000000099999999991 
0.00000000099999999999 0.99999999699999997382 0.00000000099999999999 0.00000000099999999999 
0.00000000099999999991 0.99999999699999997382 0.00000000099999999991 0.00000000099999999991 
0.00000000099999999999 0.98903902773319363195 0.00000000099999999999 0.01096097026680647492 
0.00000000099999999998 0.99999999700000008485 0.00000000099999999998 0.00000000099999999998 
0.99209871770237101352 0.00000000099999999999 0.00000080773361992258 0.00790047356400912053 
0.46356399525272939943 0.00000000099999999996 0.53643600274727043509 0.00000000099999999996 
0.09753924004113151414 0.00818255064809036460 0.89427820831077797781 0.00000000100000000000 
0.45483073237913157483 0.00000000099999999997 0.54516926562086831520 0.00000000099999999997 
0.43778131466247310888 0.00000000099999999996 0.56221868333752678115 0.00000000099999999996 
0.45981128024425627077 0.00000000099999999998 0.54018871775574373029 0.00000000099999999998 
0.41215472470727543275 0.00000000099999999996 0.58784527329272440177 0.00000000099999999996 
0.00000000099999999992 0.99999999700000008485 0.00000000099999999992 0.00000000099999999992 
0.99999998295529202164 0.00000000099999999998 0.00000000099999999998 0.00000001504470802388 
0.44873044144868107219 0.00000000099999999996 0.55126955655131881784 0.00000000099999999996 
0.45435359905903932587 0.00000000099999999997 0.54564639894096056416 0.00000000099999999997 
0.31726209870076876873 0.00000000099999999994 0.68273789929923123232 0.00000000099999999994 
0.42713373159277062685 0.00000000099999999997 0.57286626640722937420 0.00000000099999999997 
0.00000000099999999995 0.19089126912430481875 0.80910872887569507128 0.00000000099999999995 
0.00000000099999999995 0.19680179538012498863 0.80319820261987495691 0.00000000099999999995 
0.47103512173964728893 0.00000000099999999998 0.52883849297418905611 0.00012638428616368468 
0.40206339325715034771 0.00000000099999999995 0.59793660474284948680 0.00000000099999999995 
0.44047131029463587604 0.00000000099999999998 0.55778665373960067964 0.00174203496576339498 
0.00000000099999999995 0.99999999700000008485 0.00000000099999999995 0.00000000099999999995 
0.42955080039028192829 0.00000000099999999997 0.57044919760971790623 0.00000000099999999997 
0.99592630419360572702 0.00000000099999999999 0.00000000099999999999 0.00407369380639437031 
0.45174652361692119173 0.00000000099999999998 0.54825347438307880932 0.00000000099999999998 
0.43328296855718495539 0.00000000099999999998 0.56671702944281487913 0.00000000099999999998 
0.42902144878673154071 0.00000000099999999996 0.57096879151097323923 0.00000975870229517747 
0.45054393002297615789 0.00000000099999999999 0.54924680870740039129 0.00020926026962344969 
0.40670156695304676697 0.00000000099999999996 0.59329843104695323408 0.00000000099999999996 
0.44435141155128987656 0.00000000099999999997 0.55564858644870995796 0.00000000099999999997 
0.44758164047011933517 0.00000000099999999997 0.55057674922127863848 0.00184160930860204032 
0.43625307697296961118 0.00000000099999999999 0.56190067392233622456 0.00184624810469399109 
0.99999999699999997382 0.00000000099999999997 0.00000000099999999997 0.00000000099999999997 
0.45309614622890576063 0.00000000099999999998 0.54690385177109424042 0.00000000099999999998 
0.00000000099999999995 0.99988919970204104271 0.00011079829795891759 0.00000000099999999995 
0.45294722349989208210 0.00000000099999999995 0.54705277450010791895 0.00000000099999999995 
0.00000000099999999997 0.99999999700000008485 0.00000000099999999997 0.00000000099999999997 
0.30673729574966013267 0.00000000099999999993 0.69326270225033970185 0.00000000099999999993 
0.00000000099999999994 0.20257153700249377892 0.79742846099750619437 0.00000000099999999994 
0.41964751895057433861 0.00000000099999999996 0.58035247904942566244 0.00000000099999999996 
0.46389660086155998231 0.00000000099999999998 0.53323769540595600258 0.00286570273248393107 
0.46925329207293581257 0.00000000099999999996 0.53074670592706418848 0.00000000099999999996 
0.36974472453793938431 0.00000000099999999998 0.62944665223195783721 0.00080862223010277662 
0.44559896520955000199 0.00000000099999999998 0.55440103279044994355 0.00000000099999999998 
0.42542994244679505078 0.00000000099999999997 0.57457005555320495027 0.00000000099999999997 
0.00000000099999999996 0.18374066055078980275 0.81625933744921019830 0.00000000099999999996 
0.99948379568367085035 0.00000000099999999997 0.00000000099999999997 0.00051620231632916631 
0.49021537487780986186 0.00000000099999999998 0.50978460475921050232 0.00000001936297954665 
0.99999999699999997382 0.00000000099999999997 0.00000000099999999997 0.00000000099999999997 
0.45575705995508358770 0.00000000099999999999 0.54133700799453376984 0.00290593105038257143 
0.42840263921070353970 0.00000000099999999996 0.57159735878929640585 0.00000000099999999996 
0.46905648425764984166 0.00000000099999999999 0.53094012419547920167 0.00000339054687092739 
0.45638926373747057408 0.00000000099999999997 0.54361073426252926044 0.00000000099999999997 
0.28834744634859982293 0.00000000099999999992 0.71165255165140017812 0.00000000099999999992 
0.45325199119731107711 0.00000000099999999997 0.54674800680268886843 0.00000000099999999997 
0.42640624629923445932 0.00000000099999999996 0.57359375170076543071 0.00000000099999999996 
0.99310169871010856024 0.00000000099999999999 0.00000000099999999999 0.00689829928989143387 
0.00400293764923502059 0.99599643220142175526 0.00000000099999999999 0.00000062914934315871 
0.46060433820601792698 0.00000000099999999999 0.53939416108277804529 0.00000149971120405689 
0.00000000099999999995 0.99999999700000008485 0.00000000099999999995 0.00000000099999999995 
0.00000000099999999995 0.99999999700000008485 0.00000000099999999995 0.00000000099999999995 
0.43951763905547841516 0.00000000099999999996 0.56048235894452136385 0.00000000099999999996 
0.41050363206197248989 0.00000000099999999997 0.58949636593802756668 0.00000000099999999997 
0.46813065256349983834 0.00000000099999999997 0.53186934543650021823 0.00000000099999999997 
0.41476098805896061128 0.00000000099999999998 0.58523900994103927875 0.00000000099999999998 
0.48481185383103786446 0.00000000099999999999 0.51512692303829576979 0.00006122213066628063 
0.06618211833209329542 0.00000023171586200836 0.92550144662863820244 0.00831620332340648853 
0.48646394228267997306 0.00000000099999999999 0.51353605571731997248 0.00000000099999999999 
0.00000000099999999995 0.99999999699999997382 0.00000000099999999995 0.00000000099999999995 
0.40793379798516193890 0.00000000099999999997 0.59206620001483789562 0.00000000099999999997 
0.40620299928084196983 0.00000000099999999997 0.59379699871915792020 0.00000000099999999997 
0.45506146672183006574 0.00000000099999999998 0.54493853127816982429 0.00000000099999999998 
0.43522349845400215562 0.00000000099999999998 0.56477649954599784543 0.00000000099999999998 
0.45653024293198529726 0.00000000099999999999 0.54346975506801453726 0.00000000099999999999 
0.42774308847038589043 0.00000000099999999997 0.57225690952961394409 0.00000000099999999997 
0.99126373787212607169 0.00000000099999999999 0.00440957145111244269 0.00432668967676148701 
0.99999999640756154218 0.00000000099999999996 0.00000000159243837679 0.00000000099999999996 
0.99728323651849448694 0.00000000099999999998 0.00271676148150551584 0.00000000099999999998 
0.61475097546660140146 0.00000000099999999998 0.38524902253339854408 0.00000000099999999998 
0.98701126901976743433 0.00000000099999999998 0.00000000099999999998 0.01298872898023250254 
0.46104683365948551099 0.00285056200277227856 0.53610249048385771875 0.00000011385388444418 
0.44767585394296927070 0.00000000099999999998 0.54522173841620169554 0.00710240664082904989 
0.13701104618246179312 0.02479475445874686212 0.82592375776069171245 0.01227044159809967741 
0.99999281677662088530 0.00000000099999999998 0.00000718122337916893 0.00000000099999999998 
0.05115404958025671078 0.00000000099999999994 0.94884594841974334578 0.00000000099999999994 
0.29327213920408018444 0.00000000099999999997 0.70672785879591959457 0.00000000099999999997 
0.03208477588897247490 0.00000000099999999997 0.96791522211102742901 0.00000000099999999997 
0.65008554304826116077 0.00000000099999999998 0.34991445495173878477 0.00000000099999999998 
0.61688068689334618622 0.00000000099999999997 0.38311931110665375932 0.00000000099999999997 
0.00782593504156735287 0.05598370276998944350 0.93252211478345903295 0.00366824740498429775 
0.44745471021806110246 0.00000000099999999998 0.55254528778193889860 0.00000000099999999998 
0.17254664435771552289 0.01980178613586071334 0.80702836086621987377 0.00062320864020390518 
0.15745560230988989159 0.02902214419997090414 0.80764379887241288802 0.00587845461772631191 
0.98704878820740404866 0.00000000099999999999 0.00775952117252588520 0.00519168962006993397 
0.63646081831225198577 0.00000000099999999998 0.36353917968774784875 0.00000000099999999998 
0.95160843763421165686 0.00000000099999999997 0.04839156036578833031 0.00000000099999999997 
0.00000000099999999997 0.11672351726135911376 0.88327648073864084566 0.00000000099999999997 
0.58422509422483703823 0.00000000099999999999 0.41577301115984199864 0.00000189361532091163 
0.64633237427562373334 0.00000000099999999998 0.35366762372437621220 0.00000000099999999998 
0.46880372980560242047 0.00000000099999999997 0.53119626819439758059 0.00000000099999999997 
0.50564045833962434351 0.00000000099999999999 0.49435905764345344782 0.00000048301692225826 
0.00000000099999999999 0.06797841558035941367 0.93202158241964061514 0.00000000099999999999 
0.46184500254802640651 0.00000000099999999999 0.53390079694879855055 0.00425419950317515536 
0.43934853219016950510 0.00000000099999999998 0.56065146580983038493 0.00000000099999999998 
0.03330462591024709040 0.00000000099999999996 0.96669537208975286902 0.00000000099999999996 
0.12340897043935417088 0.04337095696948499446 0.82817024790624060859 0.00504982468492014974 
0.11160074136647143983 0.02590666896152330617 0.86249258867200517820 0.00000000100000000000 
0.45934530740999834908 0.00000000099999999998 0.54065469059000170748 0.00000000099999999998 
0.45307928098907129799 0.00000000099999999996 0.54692071701092870306 0.00000000099999999996 
0.02570467907075659267 0.00000000099999999998 0.97429531892924348124 0.00000000099999999998 
0.01929498158142637504 0.00000000099999999995 0.98070501641857354969 0.00000000099999999995 
0.27800008128544012598 0.00000000099999999995 0.72199991671455965303 0.00000000099999999995 
0.47055875718260448126 0.00000000099999999998 0.52944124081739540877 0.00000000099999999998 
0.00000000099999999996 0.15100450409082152858 0.84899549390917838920 0.00000000099999999996 
0.00000000099999999996 0.12120490421016791305 0.87879509378983211576 0.00000000099999999996 
0.00000000099999999997 0.11926417811925017765 0.88073581988074989280 0.00000000099999999997 
0.08424388147071784627 0.04930779445420951923 0.85849407459672977261 0.00795424947834279771 
0.12602830298878672788 0.03936614947727386932 0.82644375492289223750 0.00816179261104713061 
0.43064280216127637235 0.00000000099999999998 0.56927912616701659143 0.00007807067170705905 
0.41603005747958632377 0.00000000099999999997 0.58396994052041362178 0.00000000099999999997 
0.13370875054728842413 0.02108221151581007868 0.83261529187542049346 0.01259374606148101067 
0.16033000434737704198 0.02118066014402177413 0.81131400914081874820 0.00717532636778238104 
0.99999999262467453853 0.00000000099999999997 0.00000000537532552521 0.00000000099999999997 
0.41072502760793500043 0.00000000099999999998 0.58927497039206488960 0.00000000099999999998 
0.45612550818200153779 0.00000000099999999998 0.54387448981799824121 0.00000000099999999998 
0.30851379248914495568 0.00000000099999999993 0.69148620551085482333 0.00000000099999999993 
0.61447880147626576797 0.00000000099999999999 0.38552119652373428860 0.00000000099999999999 
0.99999999700000008485 0.00000000099999999997 0.00000000099999999997 0.00000000099999999997 
0.43880312735007964697 0.00000000099999999998 0.56119687064992018755 0.00000000099999999998 
0.00000000099999999997 0.12511754722738324674 0.87488245077261661553 0.00000000099999999997 
0.00023246636818805605 0.05043682918106376367 0.94521382440020007554 0.00411688005054825293 
0.07393561752768207374 0.02073706188115079577 0.90004185020446170196 0.00528547038670533573 
0.24043475338486849924 0.02057201868836426237 0.73332924844915736706 0.00566397947760981235 
0.03228179619811800960 0.00000000099999999997 0.96771820180188194982 0.00000000099999999997 
0.60114705403420087837 0.00000000099999999998 0.39864944620743791859 0.00020349875836131454 
0.61981679056524330296 0.00000000099999999998 0.38018320743475653156 0.00000000099999999998 
0.66913358247043597249 0.00000000099999999999 0.32787897633904788952 0.00298744019051605005 
0.43866783053855085139 0.00000000099999999999 0.55641551071072559154 0.00491665775072356627 
0.00000000099999999997 0.13070274611292079237 0.86929725188707929195 0.00000000099999999997 
0.03219667859215269434 0.06578079560905486511 0.90202247605689733767 0.00000004974189505096 
0.00000000099999999995 0.00000000099999999995 0.00000000099999999995 0.99999999699999997382 
0.00904953023800914719 0.00000000099999999999 0.00532488156720545541 0.98562558719478532421 
0.00000000099999999987 0.00000000099999999987 0.00000000099999999987 0.99999999700000008485 
0.00867540423592551638 0.00000000099999999998 0.00000000099999999998 0.99132459376407444651 
0.00000000099999999986 0.00000000099999999986 0.00000000099999999986 0.99999999700000008485 
0.00000000099999999996 0.00000000099999999996 0.00000000099999999996 0.99999999700000008485 
0.14864926185169485828 0.46508593922040292190 0.00000000100000000000 0.38626479792790230361 
0.00000000099999999988 0.00000000099999999988 0.00000000099999999988 0.99999999700000008485 
0.00000000099999999983 0.00000000099999999983 0.00000000099999999983 0.99999999699999997382 
0.00000000099999999985 0.00000000099999999985 0.00000000099999999985 0.99999999699999997382 
0.00000000099999999991 0.00000000099999999991 0.00000000099999999991 0.99999999699999997382 
0.00000000099999999997 0.00000000099999999997 0.00000000099999999997 0.99999999699999997382 
0.14460645595582291567 0.47863506274966072240 0.00000000100000000000 0.37675848029451636245 
0.00000000099999999992 0.00000000099999999992 0.00000000099999999992 0.99999999700000008485 
0.00000000099999999987 0.00000000099999999987 0.00000000099999999987 0.99999999699999997382 
0.00000000099999999993 0.00000000099999999993 0.00000000099999999993 0.99999999699999997382 
0.00000000099999999985 0.00000000099999999985 0.00000000099999999985 0.99999999700000008485 
0.00000000099999999985 0.00000000099999999985 0.00000000099999999985 0.99999999700000008485 
0.00000000099999999991 0.00000000099999999991 0.00000000099999999991 0.99999999700000008485 
0.00000000099999999992 0.00000000099999999992 0.00000000099999999992 0.99999999699999997382 
0.00000000099999999994 0.00000000099999999994 0.00000000099999999994 0.99999999699999997382 
0.00000000099999999994 0.00000000099999999994 0.00000000099999999994 0.99999999700000008485 
0.00000000099999999987 0.00000000099999999987 0.00000000099999999987 0.99999999699999997382 
0.15185209748674693975 0.45919033967486649894 0.00014955722048944696 0.38880800561789718994 
0.00000000099999999999 0.00000000099999999999 0.00000000099999999999 0.99999999699999997382 
0.00000000099999999987 0.00000000099999999987 0.00000000099999999987 0.99999999700000008485 
0.15296606166256399018 0.48756637511593831080 0.00000036299425950138 0.35946720022723827048 
0.00000000099999999990 0.00000000099999999990 0.00000000099999999990 0.99999999700000008485 
0.00000000099999999986 0.00000000099999999986 0.00000000099999999986 0.99999999699999997382 
0.00000000099999999988 0.00000000099999999988 0.00000000099999999988 0.99999999700000008485 
0.00000000099999999988 0.00000000099999999988 0.00000000099999999988 0.99999999699999997382 
0.00000000099999999990 0.00000000099999999990 0.00000000099999999990 0.99999999699999997382 
0.00000000099999999988 0.00000000099999999988 0.00000000099999999988 0.99999999699999997382 
0.00000000099999999984 0.00000000099999999984 0.00000000099999999984 0.99999999699999997382 
0.00000000099999999991 0.00000000099999999991 0.00000000099999999991 0.99999999700000008485 
0.00000000099999999999 0.00000000099999999999 0.00000000099999999999 0.99999999699999997382 
0.00000000099999999995 0.00000000099999999995 0.00000000099999999995 0.99999999700000008485 
