0.00000000099999999998 0.00000000099999999998 0.99529118691456075485 0.00000000099999999998 0.00000000099999999998 0.00000000099999999998 0.00000562107263573917 0.00470318701280343816 
0.00111612845351597139 0.00000000099999999999 0.99888252553511924781 0.00000000099999999999 0.00000000172468470242 0.00000000099999999999 0.00000134028667994513 0.00000000099999999999 
0.00000000099999999994 0.99999998225432495946 0.00000000099999999994 0.00000000099999999994 0.00000000099999999994 0.00000000099999999994 0.00000001174567521131 0.00000000099999999994 
0.00000000099999999996 0.00000000099999999996 0.99344151675397740497 0.00000000099999999996 0.00000000464751470504 0.00655847359850790426 0.00000000099999999996 0.00000000099999999996 
0.00000000099999999994 0.00000000099999999994 0.95955192090237839686 0.00186082531256360757 0.00000000099999999994 0.03858724878505792599 0.00000000099999999994 0.00000000099999999994 
0.00000000099999999997 0.00000000099999999997 0.95576822458529020476 0.00107795406079796464 0.00000000099999999997 0.04315381635391172394 0.00000000099999999997 0.00000000099999999997 
0.00000000099999999961 0.00000000099999999961 0.00000000099999999961 0.99999999299999997593 0.00000000099999999961 0.00000000099999999961 0.00000000099999999961 0.00000000099999999961 
0.00000000099999999985 0.00000000099999999985 0.99999999299999997593 0.00000000099999999985 0.00000000099999999985 0.00000000099999999985 0.00000000099999999985 0.00000000099999999985 
0.00000000099999999945 0.00000000099999999945 0.00000000099999999945 0.99999999299999997593 0.00000000099999999945 0.00000000099999999945 0.00000000099999999945 0.00000000099999999945 
0.00000000099999999987 0.00000000099999999987 0.99999999300000008695 0.00000000099999999987 0.00000000099999999987 0.00000000099999999987 0.00000000099999999987 0.00000000099999999987 
0.00000000099999999983 0.00000000099999999983 0.99999999300000008695 0.00000000099999999983 0.00000000099999999983 0.00000000099999999983 0.00000000099999999983 0.00000000099999999983 
0.00000000099999999994 0.00000000099999999994 0.98410790733162034627 0.00100067313919436447 0.00000000099999999994 0.01489141452918508850 0.00000000099999999994 0.00000000099999999994 
0.00000000099999999997 0.00000000099999999997 0.97364470863841612314 0.00000000099999999997 0.00000000099999999997 0.02635528536158381757 0.00000000099999999997 0.00000000099999999997 
0.00000000099999999996 0.00000000099999999996 0.95223776136703019990 0.00000002631425359041 0.00000000099999999996 0.04776220731871614472 0.00000000099999999996 0.00000000099999999996 
0.00000000099999999993 0.91097652023335129456 0.00000000099999999993 0.00000000099999999993 0.00000000099999999993 0.00000000099999999993 0.08902347376664886125 0.00000000099999999993 
0.00000000099999999987 0.00000000099999999987 0.99999999300000008695 0.00000000099999999987 0.00000000099999999987 0.00000000099999999987 0.00000000099999999987 0.00000000099999999987 
0.00000000099999999983 0.00000000099999999983 0.99999999299999997593 0.00000000099999999983 0.00000000099999999983 0.00000000099999999983 0.00000000099999999983 0.00000000099999999983 
0.00000000099999999991 0.00000000099999999991 0.96323515004774229453 0.02728997519797131052 0.00000000099999999991 0.00947486975428645829 0.00000000099999999991 0.00000000099999999991 
0.00000000099999999990 0.00000000099999999990 0.99999999300000008695 0.00000000099999999990 0.00000000099999999990 0.00000000099999999990 0.00000000099999999990 0.00000000099999999990 
0.00000000222879537389 0.01193536303836027941 0.82528098955639439538 0.14553904821936980429 0.00000000132205576321 0.01724459121300504424 0.00000000100000000000 0.00000000342201939388 
0.00000000099999999959 0.00000000099999999959 0.00000000099999999959 0.99999999300000008695 0.00000000099999999959 0.00000000099999999959 0.00000000099999999959 0.00000000099999999959 
0.00000000099999999998 0.00707541143050078453 0.83710390238077370118 0.13772800560066197906 0.00000000099999999998 0.01809267658806352347 0.00000000099999999998 0.00000000099999999998 
0.00000000099999999999 0.00000000099999999999 0.95331030061438648548 0.00000000099999999999 0.00772802317028240676 0.03274369616181018600 0.00000013238237816264 0.00621784467114272228 
0.00000000099999999947 0.00000000099999999947 0.00000000099999999947 0.99999999300000008695 0.00000000099999999947 0.00000000099999999947 0.00000000099999999947 0.00000000099999999947 
0.00000000099999999965 0.00000000099999999965 0.99999999299999997593 0.00000000099999999965 0.00000000099999999965 0.00000000099999999965 0.00000000099999999965 0.00000000099999999965 
0.00000000099999999984 0.00000000099999999984 0.99999999300000008695 0.00000000099999999984 0.00000000099999999984 0.00000000099999999984 0.00000000099999999984 0.00000000099999999984 
0.00000000099999999991 0.00000000099999999991 0.95711102378533996493 0.00000000099999999991 0.00000000099999999991 0.04288897021466006598 0.00000000099999999991 0.00000000099999999991 
0.00000000099999999973 0.00000000099999999973 0.99999999300000008695 0.00000000099999999973 0.00000000099999999973 0.00000000099999999973 0.00000000099999999973 0.00000000099999999973 
0.00001502150227477266 0.00000000099999999996 0.00000000099999999996 0.03215928976117236882 0.95537775331169483284 0.00000000099999999996 0.01244793142485790469 0.00000000099999999996 
0.00000000099999999968 0.00000000099999999968 0.00000000099999999968 0.99999999299999997593 0.00000000099999999968 0.00000000099999999968 0.00000000099999999968 0.00000000099999999968 
0.00002461290398122809 0.00000000099999999999 0.96999550066130557635 0.00068886948056743702 0.00054193129909276211 0.01384873281953074610 0.01490035083552214423 0.00000000099999999999 
0.00000000099999999994 0.00000000099999999994 0.87144525709133058289 0.12572902980941963458 0.00000000099999999994 0.00282570809924967631 0.00000000099999999994 0.00000000099999999994 
0.00000011675418016107 0.00000000099999999998 0.97228464354321808560 0.00158416613833820539 0.00000000099999999998 0.00000000099999999998 0.01440102783394585362 0.01173004273031783180 
0.00000000099999999987 0.00000000099999999987 0.89345603516603566696 0.00000000099999999987 0.00000000099999999987 0.10654395883396441946 0.00000000099999999987 0.00000000099999999987 
0.00000000099999999980 0.00000000099999999980 0.06472901230705160880 0.93527098169294853314 0.00000000099999999980 0.00000000099999999980 0.00000000099999999980 0.00000000099999999980 
0.00000000099999999987 0.00000000099999999987 0.99999999299999997593 0.00000000099999999987 0.00000000099999999987 0.00000000099999999987 0.00000000099999999987 0.00000000099999999987 
0.00000000099999999997 0.00000000099999999997 0.95591586173167575335 0.01493243830453253908 0.00000000099999999997 0.02915169496379167377 0.00000000099999999997 0.00000000099999999997 
0.00000000099999999959 0.00000000099999999959 0.99999999300000008695 0.00000000099999999959 0.00000000099999999959 0.00000000099999999959 0.00000000099999999959 0.00000000099999999959 
0.00000000099999999992 0.00000000099999999992 0.99999999300000008695 0.00000000099999999992 0.00000000099999999992 0.00000000099999999992 0.00000000099999999992 0.00000000099999999992 
0.00000000099999999997 0.00000000099999999997 0.74553681350727230015 0.25105597446989191823 0.00000000099999999997 0.00340720702283567843 0.00000000099999999997 0.00000000099999999997 
0.00000000099999999986 0.00000000099999999986 0.85853946836163452794 0.14146052563836550298 0.00000000099999999986 0.00000000099999999986 0.00000000099999999986 0.00000000099999999986 
0.01162602029029120854 0.00000000099999999998 0.89301360284524611277 0.00000000099999999998 0.08631405849126989882 0.00904631133746665490 0.00000000099999999998 0.00000000403572618801 
0.01056480724710405494 0.00000000099999999992 0.00000000099999999992 0.00000000099999999992 0.98903503017933491748 0.00000000099999999992 0.00040015757356114633 0.00000000099999999992 
0.00000000099999999996 0.02396490136448343675 0.97603509263551657682 0.00000000099999999996 0.00000000099999999996 0.00000000099999999996 0.00000000099999999996 0.00000000099999999996 
0.00000000099999999993 0.00000000099999999993 0.95424771641047434478 0.00000000099999999993 0.00000000099999999993 0.04575227758952563756 0.00000000099999999993 0.00000000099999999993 
0.00000000099999999994 0.00000000099999999994 0.96887400364772979788 0.00000000099999999994 0.00000000099999999994 0.03112599035227020527 0.00000000099999999994 0.00000000099999999994 
0.00000000099999999996 0.00000000099999999996 0.00000000099999999996 0.00000000099999999996 0.99999950138103110842 0.00000000099999999996 0.00000000099999999996 0.00000049261896897675 
0.06578123570791542807 0.00000000099999999994 0.00000000099999999994 0.00000000099999999994 0.88838503629009546447 0.04583372300198913091 0.00000000099999999994 0.00000000099999999994 
0.07771801700985489503 0.00000000099999999994 0.00000000099999999994 0.00000000099999999994 0.86335191129224464479 0.05893006669790054608 0.00000000099999999994 0.00000000099999999994 
0.38131735238301578406 0.00000000099999999997 0.00000000099999999997 0.00000000099999999997 0.29889326207324312668 0.00686378432081287057 0.27511248899605239560 0.03781310922687577958 
0.20361020399700152650 0.00014577426154787818 0.00000003953374167032 0.00000000099999999999 0.66004738643118654462 0.03820999899190764826 0.06657126125826205720 0.03141533452635261736 
0.88914128577552065114 0.00000000099999999988 0.00000000099999999988 0.00000000099999999988 0.00000000099999999988 0.00000000099999999988 0.11085870822447942141 0.00000000099999999988 
0.99999953120515905347 0.00000000099999999985 0.00000000099999999985 0.00000000099999999985 0.00000000099999999985 0.00000000099999999985 0.00000046279484101861 0.00000000099999999985 
0.18252940164537129197 0.00000000099999999997 0.00000000099999999997 0.00000000099999999997 0.61684407378659478205 0.03741092035669906640 0.14327434691387649912 0.01994125429745831346 
0.99999999300000019797 0.00000000099999999980 0.00000000099999999980 0.00000000099999999980 0.00000000099999999980 0.00000000099999999980 0.00000000099999999980 0.00000000099999999980 
0.99999999300000008695 0.00000000099999999991 0.00000000099999999991 0.00000000099999999991 0.00000000099999999991 0.00000000099999999991 0.00000000099999999991 0.00000000099999999991 
0.13289723894372534874 0.00000000099999999998 0.01793179005943476220 0.00000000099999999998 0.61738414824380183354 0.03684936669442248625 0.19351055819777632228 0.00142689586083919427 
0.65280172240808798101 0.00000000099999999996 0.00000000099999999996 0.00000000099999999996 0.07864223731666993011 0.00000000099999999996 0.25392075519255430383 0.01463528108268791553 
0.01266471612545039954 0.00712695363377795037 0.81472379177070652911 0.13151331569775859265 0.00000000099999999999 0.03397121977230659756 0.00000000099999999999 0.00000000099999999999 
0.99999999300000008695 0.00000000099999999988 0.00000000099999999988 0.00000000099999999988 0.00000000099999999988 0.00000000099999999988 0.00000000099999999988 0.00000000099999999988 
0.99999999300000019797 0.00000000099999999984 0.00000000099999999984 0.00000000099999999984 0.00000000099999999984 0.00000000099999999984 0.00000000099999999984 0.00000000099999999984 
0.99999999300000008695 0.00000000099999999986 0.00000000099999999986 0.00000000099999999986 0.00000000099999999986 0.00000000099999999986 0.00000000099999999986 0.00000000099999999986 
0.99999999300000019797 0.00000000099999999987 0.00000000099999999987 0.00000000099999999987 0.00000000099999999987 0.00000000099999999987 0.00000000099999999987 0.00000000099999999987 
0.99999999300000008695 0.00000000099999999985 0.00000000099999999985 0.00000000099999999985 0.00000000099999999985 0.00000000099999999985 0.00000000099999999985 0.00000000099999999985 
0.99999999300000019797 0.00000000099999999987 0.00000000099999999987 0.00000000099999999987 0.00000000099999999987 0.00000000099999999987 0.00000000099999999987 0.00000000099999999987 
0.00000000099999999999 0.00360486465345550037 0.88046535167465278526 0.08094037065812792475 0.00894260332444702516 0.02604680668931688009 0.00000000099999999999 0.00000000099999999999 
0.00000000099999999993 0.00000000099999999993 0.96636248451054340691 0.00000000099999999993 0.00000000099999999993 0.03363750948945658931 0.00000000099999999993 0.00000000099999999993 
0.00000000099999999999 0.00000000099999999999 0.89052962210340413929 0.10555993399448232450 0.00389617565572519548 0.00000093371421064788 0.00001333153217763834 0.00000000099999999999 
0.00000000099999999964 0.00000000099999999964 0.00000000099999999964 0.99999999299999997593 0.00000000099999999964 0.00000000099999999964 0.00000000099999999964 0.00000000099999999964 
0.01057759350755233668 0.00000000099999999995 0.98577820563153106814 0.00000000099999999995 0.00364419586091666980 0.00000000099999999995 0.00000000099999999995 0.00000000099999999995 
0.00000000099999999977 0.00000000099999999977 0.99999999299999997593 0.00000000099999999977 0.00000000099999999977 0.00000000099999999977 0.00000000099999999977 0.00000000099999999977 
0.00000000099999999958 0.00000000099999999958 0.99999999300000008695 0.00000000099999999958 0.00000000099999999958 0.00000000099999999958 0.00000000099999999958 0.00000000099999999958 
0.00000000099999999989 0.00000000099999999989 0.98693258431521113661 0.01306740968478894808 0.00000000099999999989 0.00000000099999999989 0.00000000099999999989 0.00000000099999999989 
0.00000000099999999988 0.00000000099999999988 0.99999999300000008695 0.00000000099999999988 0.00000000099999999988 0.00000000099999999988 0.00000000099999999988 0.00000000099999999988 
0.00000000099999999993 0.00000000099999999993 0.93854741988236101147 0.00000000099999999993 0.00000000099999999993 0.06145257411763898475 0.00000000099999999993 0.00000000099999999993 
0.00000000099999999998 0.01078944886515027270 0.83072532629685302830 0.15402946971225101036 0.00000000099999999998 0.00445575112574578616 0.00000000099999999998 0.00000000099999999998 
0.00000000099999999996 0.00000000099999999996 0.94333100408943026949 0.00000000099999999996 0.01916124285179661088 0.03750770227190280970 0.00000004678687031060 0.00000000099999999996 
0.00000000099999999977 0.00000000099999999977 0.99999999299999997593 0.00000000099999999977 0.00000000099999999977 0.00000000099999999977 0.00000000099999999977 0.00000000099999999977 
0.00000000099999999986 0.00000000099999999986 0.00000000099999999986 0.00000000099999999986 0.99999999300000008695 0.00000000099999999986 0.00000000099999999986 0.00000000099999999986 
0.00000000099999999987 0.00000000099999999987 0.99999999300000008695 0.00000000099999999987 0.00000000099999999987 0.00000000099999999987 0.00000000099999999987 0.00000000099999999987 
0.00000000099999999999 0.00000000099999999999 0.96951692779362441676 0.00288117801605440420 0.00000000099999999999 0.02707392436854861445 0.00000000099999999999 0.00052796582177266709 
0.00000000099999999959 0.00000000099999999959 0.99999999299999997593 0.00000000099999999959 0.00000000099999999959 0.00000000099999999959 0.00000000099999999959 0.00000000099999999959 
0.00000000099999999988 0.00000000099999999988 0.99999999299999997593 0.00000000099999999988 0.00000000099999999988 0.00000000099999999988 0.00000000099999999988 0.00000000099999999988 
0.00000000099999999981 0.00000000099999999981 0.99999999300000008695 0.00000000099999999981 0.00000000099999999981 0.00000000099999999981 0.00000000099999999981 0.00000000099999999981 
0.00000000099999999996 0.00000000099999999996 0.99961712617149534044 0.00038286782850466104 0.00000000099999999996 0.00000000099999999996 0.00000000099999999996 0.00000000099999999996 
0.00000000099999999987 0.00000000099999999987 0.96786475857463916128 0.00000000099999999987 0.00000000099999999987 0.03213523542536086269 0.00000000099999999987 0.00000000099999999987 
0.00000000099999999997 0.00000000099999999997 0.00000000099999999997 0.00000000099999999997 0.97007944625545838857 0.00000000099999999997 0.00002140764539787985 0.02989914109914371121 
0.00000000099999999968 0.00000000099999999968 0.99999999300000008695 0.00000000099999999968 0.00000000099999999968 0.00000000099999999968 0.00000000099999999968 0.00000000099999999968 
0.00000000099999999970 0.00000000099999999970 0.99999999299999997593 0.00000000099999999970 0.00000000099999999970 0.00000000099999999970 0.00000000099999999970 0.00000000099999999970 
0.00000000099999999993 0.00000000099999999993 0.99420976623185075560 0.00000000099999999993 0.00000000099999999993 0.00579022776814934036 0.00000000099999999993 0.00000000099999999993 
0.00000304613334597501 0.35580803801995408708 0.00000000099999999992 0.00000000099999999992 0.01583685230209104858 0.00000000099999999992 0.38831705301989311030 0.24003500752471582103 
0.04798945752606441351 0.00000000099999999994 0.00000000099999999994 0.00000000099999999994 0.09916421994147475716 0.00000000099999999994 0.85284631753246076258 0.00000000099999999994 
0.00000000099999999981 0.00000000099999999981 0.00000000099999999981 0.00000000099999999981 0.00000000099999999981 0.00000000099999999981 0.99999999299999986491 0.00000000099999999981 
0.00000000099999999955 0.99999999300000008695 0.00000000099999999955 0.00000000099999999955 0.00000000099999999955 0.00000000099999999955 0.00000000099999999955 0.00000000099999999955 
0.00000000099999999947 0.99999999300000019797 0.00000000099999999947 0.00000000099999999947 0.00000000099999999947 0.00000000099999999947 0.00000000099999999947 0.00000000099999999947 
0.00000000099999999981 0.00000000099999999981 0.99999999300000008695 0.00000000099999999981 0.00000000099999999981 0.00000000099999999981 0.00000000099999999981 0.00000000099999999981 
0.03995509733664358992 0.00000000099999999996 0.00000000099999999996 0.00000000099999999996 0.11942068464872808431 0.00143673180853720822 0.81283338563854745651 0.02635409756754374111 
0.02360022073808417525 0.03307667154595030773 0.00000000099999999998 0.00000000099999999998 0.22321738411841576810 0.00846463116736416270 0.62089968980734278059 0.09074140062284262453 
0.05979925309280443441 0.00000461311626970890 0.00000000099999999996 0.00000000099999999996 0.10898934512041869027 0.00001447571970272375 0.82009713998821132108 0.01109517096259316458 
0.00000000099999999989 0.00000000099999999989 0.00000000099999999989 0.00000000099999999989 0.07967485730899925844 0.00000000099999999989 0.92032513669100068920 0.00000000099999999989 
0.00000000099999999984 0.00000000099999999984 0.00000000099999999984 0.00000000099999999984 0.00000000099999999984 0.00000000099999999984 0.99999999299999986491 0.00000000099999999984 
0.00000000099999999945 0.99999999300000019797 0.00000000099999999945 0.00000000099999999945 0.00000000099999999945 0.00000000099999999945 0.00000000099999999945 0.00000000099999999945 
0.00000000099999999959 0.99999999300000008695 0.00000000099999999959 0.00000000099999999959 0.00000000099999999959 0.00000000099999999959 0.00000000099999999959 0.00000000099999999959 
0.00000000099999999995 0.00000000099999999995 0.00000000099999999995 0.00000000099999999995 0.12879952454869678102 0.00000000099999999995 0.87120010683687221231 0.00000036361443105764 
0.00000000099999999979 0.00000000099999999979 0.00000000099999999979 0.00000000099999999979 0.00000000099999999979 0.00000000099999999979 0.99999999299999997593 0.00000000099999999979 
0.00053287792725280250 0.00000000099999999996 0.00000000099999999996 0.00000000099999999996 0.18303019178614624018 0.00000000099999999996 0.80020044024549674688 0.01623648604110413188 
0.00119410127845595115 0.03891674864410327173 0.00000000099999999996 0.00000000099999999996 0.19827643234653308246 0.00000000099999999996 0.74202234517702825300 0.01959036955387939705 
0.07862558240602501858 0.02831966837775543033 0.00000000099999999998 0.00000000099999999998 0.21333779340600328434 0.00205113875864859890 0.63793904357134412209 0.03972677148022349392 
0.00000000099999999995 0.35390743492482523713 0.00000000099999999995 0.00000000099999999995 0.00644207641226591295 0.00000000099999999995 0.36077379028466127764 0.27887669437824741392 
0.00463195615723699296 0.04326529909119232464 0.00000000099999999997 0.00000000099999999997 0.24019732524506387517 0.00153682273372405718 0.64067857648214276978 0.06969001829063992126 
0.00018469824528506238 0.04237950507272447015 0.00000000099999999998 0.00000000099999999998 0.22819334727000326057 0.00000000099999999998 0.71239604495008235219 0.01684640146190490365 
0.08559088410893635201 0.00000000099999999995 0.00000000099999999995 0.00000000099999999995 0.10935311556439444858 0.00000000099999999995 0.79475775388457603476 0.01029824244209325175 
0.00146000043567301322 0.00000000099999999989 0.00000000099999999989 0.00000000099999999989 0.99841606729972542933 0.00000000099999999989 0.00000000099999999989 0.00012392726460168965 
0.08252878624003739949 0.37120553599531169731 0.00000000099999999996 0.00000000099999999996 0.07222323210758518908 0.00000000099999999996 0.26655519021998536067 0.20748725243708027177 
0.20682948814302332119 0.00108500401439778188 0.01318485148350040208 0.00000000099999999999 0.59974206820724162981 0.04469123249357761368 0.13042588255157283594 0.00404147210668639491 
0.00539127484060114483 0.00000000099999999990 0.00000000099999999990 0.00000000099999999990 0.99460871915939885746 0.00000000099999999990 0.00000000099999999990 0.00000000099999999990 
0.00740112986907408288 0.55731650701927870628 0.00000000099999999996 0.00000000099999999996 0.01357450681360950796 0.00000000099999999996 0.17680627969464882132 0.24490157360338896120 
0.12045745823324213730 0.33013461229766288829 0.00000000099999999995 0.00000000099999999995 0.02867346032615773407 0.00000000099999999995 0.38362626299892776949 0.13710820314400945508 
0.11570636441582843323 0.32507056113192789315 0.00000000099999999996 0.00000000099999999996 0.06021659137060599021 0.00000000099999999996 0.30275041297316901412 0.19625606710846868475 
0.00000000099999999995 0.00000000099999999995 0.00000000099999999995 0.00000000099999999995 0.98806881983397465419 0.00000000383756071449 0.00000000099999999995 0.01193117132846477357 
0.99999999300000008695 0.00000000099999999989 0.00000000099999999989 0.00000000099999999989 0.00000000099999999989 0.00000000099999999989 0.00000000099999999989 0.00000000099999999989 
0.00000000099999999993 0.00000000099999999993 0.00000000099999999993 0.00000000099999999993 0.94524485678863234828 0.00000000099999999993 0.05280261469408165098 0.00195252351728613738 
0.00000000099999999971 0.99999999300000019797 0.00000000099999999971 0.00000000099999999971 0.00000000099999999971 0.00000000099999999971 0.00000000099999999971 0.00000000099999999971 
0.00000000099999999995 0.61240168575114162230 0.00000000099999999995 0.00000000099999999995 0.00000196831093415847 0.00000000099999999995 0.13850169563115827254 0.24909464630676600438 
0.21225840657427755276 0.01398061525247192537 0.00433798139484311771 0.00000000099999999999 0.62341828191973092110 0.03734264547227612169 0.04779783487205169906 0.06086423351434876866 
0.04414884436865008921 0.39636919825151351038 0.00000000099999999998 0.00000000099999999998 0.07425400114723788858 0.00000000099999999998 0.29922548393818054757 0.18600246929441796584 
0.05151967050810191823 0.39052818136615297107 0.00000000099999999994 0.00000000099999999994 0.05582075118922710799 0.00000000099999999994 0.29004064494436038180 0.21209074899215754617 
0.09679121871094581442 0.00000000099999999990 0.00000000099999999990 0.00000000099999999990 0.00000000099999999990 0.00000000099999999990 0.90316366996966956915 0.00004510631938469871 
0.00000000099999999985 0.99999999300000019797 0.00000000099999999985 0.00000000099999999985 0.00000000099999999985 0.00000000099999999985 0.00000000099999999985 0.00000000099999999985 
0.00000000099999999969 0.99999999300000008695 0.00000000099999999969 0.00000000099999999969 0.00000000099999999969 0.00000000099999999969 0.00000000099999999969 0.00000000099999999969 
0.00000000099999999975 0.99999999300000019797 0.00000000099999999975 0.00000000099999999975 0.00000000099999999975 0.00000000099999999975 0.00000000099999999975 0.00000000099999999975 
0.04724398107961606808 0.44341892986169761937 0.00000000099999999995 0.00000000099999999995 0.05222467311492638709 0.00000000099999999995 0.26152193298699177859 0.19559047995676820397 
0.01367957250693951042 0.42273484472370104204 0.00000000099999999997 0.00000000099999999997 0.11072899364036713210 0.00000000099999999997 0.27943314513300954172 0.17342344099598280827 
0.17566514690935250420 0.00000000099999999995 0.00000000099999999995 0.00000000099999999995 0.04088637178812370987 0.00000000099999999995 0.76829122523394077771 0.01515725206858298951 
0.10162855541708373797 0.36437816436041653434 0.00000000099999999995 0.00000000099999999995 0.04973564414420807850 0.00000000099999999995 0.28869114675121632096 0.19556648632707535063 
0.08995086856427508826 0.34653132216263393683 0.00000000099999999995 0.00000000099999999995 0.08321081491263856988 0.00000000099999999995 0.29911344423713587259 0.18119354712331645074 
0.00000000099999999993 0.00000000099999999993 0.00000000099999999993 0.00000000099999999993 0.99999995073418967984 0.00000000099999999993 0.00000000099999999993 0.00000004326581048236 
0.02668811791815744322 0.00000000099999999988 0.00000000099999999988 0.00000000099999999988 0.00000000099999999988 0.00000000099999999988 0.97331187608184266402 0.00000000099999999988 
0.99999791068272514405 0.00000000099999999990 0.00000000099999999990 0.00000000099999999990 0.00000000099999999990 0.00000000099999999990 0.00000208331727500742 0.00000000099999999990 
0.00000000099999999991 0.00000000099999999991 0.00000000099999999991 0.00000000099999999991 0.99999999299999997593 0.00000000099999999991 0.00000000099999999991 0.00000000099999999991 
0.00000000099999999973 0.99999999300000008695 0.00000000099999999973 0.00000000099999999973 0.00000000099999999973 0.00000000099999999973 0.00000000099999999973 0.00000000099999999973 
0.09356337244189315283 0.39132602846079606040 0.00000000099999999994 0.00000000099999999994 0.00000011347877582448 0.00000000099999999994 0.24594584830617091664 0.26916463431236381521 
0.09007089107060957389 0.27335867420976589504 0.00000000099999999997 0.00000000099999999997 0.10444628155386545543 0.00000000099999999997 0.42471765053937565737 0.10740649962638319781 
0.99999999300000008695 0.00000000099999999990 0.00000000099999999990 0.00000000099999999990 0.00000000099999999990 0.00000000099999999990 0.00000000099999999990 0.00000000099999999990 
0.44790391197671275414 0.00000000099999999997 0.00000000099999999997 0.00000000099999999997 0.27043410343564483478 0.00391315766110916178 0.23252996914645301940 0.04521885478008026704 
0.00000000099999999984 0.99999999300000008695 0.00000000099999999984 0.00000000099999999984 0.00000000099999999984 0.00000000099999999984 0.00000000099999999984 0.00000000099999999984 
0.00690076962513902839 0.52954734080042142885 0.00000000099999999995 0.00000000099999999995 0.03005221585603058687 0.00000000099999999995 0.21300000488667569787 0.22049966583173341572 
0.08038362390478255570 0.00000000099999999998 0.47449433152736741892 0.00973494745888602887 0.05754329806111568163 0.37784379604784823492 0.00000000099999999998 0.00000000099999999998 
0.00000000099999999957 0.00000000099999999957 0.00000000099999999957 0.00000000099999999957 0.00000000099999999957 0.99999999299999997593 0.00000000099999999957 0.00000000099999999957 
0.00000000099999999967 0.00000000099999999967 0.00000000099999999967 0.00000000099999999967 0.00000000099999999967 0.99999999299999997593 0.00000000099999999967 0.00000000099999999967 
0.07364341049215075707 0.00000000099999999998 0.47483534414081501884 0.01587703220870224918 0.06531502100660246946 0.37032918915172952090 0.00000000099999999998 0.00000000099999999998 
0.00000000099999999960 0.00000000099999999960 0.00000000099999999960 0.00000000099999999960 0.00000000099999999960 0.99999999299999997593 0.00000000099999999960 0.00000000099999999960 
0.00000000099999999954 0.00000000099999999954 0.00000000099999999954 0.00000000099999999954 0.00000000099999999954 0.99999999299999997593 0.00000000099999999954 0.00000000099999999954 
0.00000000099999999949 0.00000000099999999949 0.00000000099999999949 0.00000000099999999949 0.00000000099999999949 0.99999999300000008695 0.00000000099999999949 0.00000000099999999949 
0.06682507426239593651 0.00000000099999999999 0.46928529588379530590 0.00462183776368882155 0.08521972432583702073 0.37404806476428292816 0.00000000099999999999 0.00000000099999999999 
0.00000000099999999959 0.00000000099999999959 0.00000000099999999959 0.00000000099999999959 0.00000000099999999959 0.99999999300000008695 0.00000000099999999959 0.00000000099999999959 
0.04204957154566892757 0.00000000099999999998 0.49863011853647126737 0.00883924244145466685 0.08222781768779337253 0.36825324678861182104 0.00000000099999999998 0.00000000099999999998 
0.00000000099999999948 0.00000000099999999948 0.00000000099999999948 0.00000000099999999948 0.00000000099999999948 0.99999999299999997593 0.00000000099999999948 0.00000000099999999948 
0.00000000099999999999 0.00000000099999999999 0.86677343526313088695 0.11812178865031912334 0.00000000099999999999 0.01510241030006727672 0.00000236178648270495 0.00000000099999999999 
0.00000000099999999996 0.00000000099999999996 0.99770228706764807480 0.00000000099999999996 0.00229769988473365640 0.00000000099999999996 0.00000000099999999996 0.00000000804761834868 
0.00000000099999999999 0.00506621691450348608 0.83055936188757828464 0.14346793842519287021 0.00000000099999999999 0.01919960154357489013 0.00000000099999999999 0.00170687822915031591 
0.00054845620703777495 0.39581281530745981989 0.00000000099999999994 0.00000000099999999994 0.03323849736376686959 0.00000000099999999994 0.31576908269027775811 0.25463114543145759505 
0.00000000099999999985 0.00000000099999999985 0.99999999300000008695 0.00000000099999999985 0.00000000099999999985 0.00000000099999999985 0.00000000099999999985 0.00000000099999999985 
0.00008676473696757499 0.00000000099999999997 0.95872371795968469588 0.00000000099999999997 0.00000000099999999997 0.04118951230334778196 0.00000000099999999997 0.00000000099999999997 
0.05102317956538270083 0.40785924635959686091 0.00000000099999999994 0.00000000099999999994 0.00000000525624078558 0.00000000099999999994 0.22973623750512467412 0.31138132831365500364 
0.00000000099999999951 0.00000000099999999951 0.00000000099999999951 0.99999999300000008695 0.00000000099999999951 0.00000000099999999951 0.00000000099999999951 0.00000000099999999951 
0.00000000099999999997 0.00000000099999999997 0.96689992479650943569 0.00000000099999999997 0.00000000221493274825 0.03310006798855769095 0.00000000099999999997 0.00000000099999999997 
0.45961072596411223223 0.00000000099999999993 0.00000000099999999993 0.00000000099999999993 0.25520973406613794987 0.00000000099999999993 0.28517953496974962624 0.00000000099999999993 
0.06920010326726941385 0.36597526072963809662 0.00000000099999999994 0.00000000099999999994 0.02863982975622272539 0.00000000099999999994 0.24087395650282167336 0.29531084674404806112 
0.58461719274022938553 0.00000000099999999994 0.00000000099999999994 0.00000000099999999994 0.17956899500830961203 0.00000000099999999994 0.23572114329977353342 0.00009266495168765286 
0.03267742390011676989 0.38051289233252416633 0.00000000099999999991 0.00000000099999999991 0.00000000099999999991 0.00000000099999999991 0.37010524623929674792 0.21670443352806220694 
0.43947704434973344778 0.00000000099999999997 0.00000000099999999997 0.00000000099999999997 0.29192795673960297842 0.00796812759594964747 0.24472531979457248785 0.01590154852014134465 
0.00000000099999999993 0.00000000099999999993 0.96759376420987586176 0.00000000099999999993 0.00000000099999999993 0.03240622979012423160 0.00000000099999999993 0.00000000099999999993 
0.00000000099999999984 0.00000000099999999984 0.99999999299999997593 0.00000000099999999984 0.00000000099999999984 0.00000000099999999984 0.00000000099999999984 0.00000000099999999984 
0.94359694566023055717 0.00000000099999999993 0.00000000099999999993 0.00000000099999999993 0.01154771989341366392 0.00000000099999999993 0.04485462952973100909 0.00000070091662491409 
0.46475906502537855935 0.00000000099999999992 0.00000000099999999992 0.00000000099999999992 0.26040809179553364716 0.00000000099999999992 0.27483283817908760183 0.00000000099999999992 
0.00000000099999999969 0.00000000099999999969 0.00000000099999999969 0.99999999299999997593 0.00000000099999999969 0.00000000099999999969 0.00000000099999999969 0.00000000099999999969 
0.04603896331969878353 0.32612645196815487347 0.00000000099999999992 0.00000000099999999992 0.00025983035049758875 0.00000000099999999992 0.39190451280988058969 0.23567023855176810754 
0.00000000099999999956 0.00000000099999999956 0.00000000099999999956 0.00000000099999999956 0.00000000099999999956 0.99999999299999997593 0.00000000099999999956 0.00000000099999999956 
0.10105331061556140082 0.00000000099999999995 0.00000000099999999995 0.00000000099999999995 0.84217366680639049736 0.05677301757804819465 0.00000000099999999995 0.00000000099999999995 
0.00000000099999999951 0.00000000099999999951 0.00000000099999999951 0.00000000099999999951 0.00000000099999999951 0.99999999300000008695 0.00000000099999999951 0.00000000099999999951 
0.00000000099999999955 0.00000000099999999955 0.00000000099999999955 0.00000000099999999955 0.00000000099999999955 0.99999999300000008695 0.00000000099999999955 0.00000000099999999955 
0.13447500524266053912 0.00000000099999999997 0.00000000099999999997 0.00000000099999999997 0.81360105290290796187 0.05192393685443157797 0.00000000099999999997 0.00000000099999999997 
0.00000000099999999978 0.00000000099999999978 0.00000000099999999978 0.00000000099999999978 0.00000000099999999978 0.99999999299999997593 0.00000000099999999978 0.00000000099999999978 
0.07045191057162410175 0.00000000099999999996 0.00000000099999999996 0.00000000099999999996 0.87661582358006828741 0.05293226084830757877 0.00000000099999999996 0.00000000099999999996 
0.00000000099999999980 0.00000000099999999980 0.00000000099999999980 0.00000000099999999980 0.00000000099999999980 0.99999999299999997593 0.00000000099999999980 0.00000000099999999980 
0.10801631255874956372 0.00000000099999999998 0.00000000099999999998 0.00000000099999999998 0.84165172874275806514 0.05033195369849249173 0.00000000099999999998 0.00000000099999999998 
0.00000000099999999981 0.00000000099999999981 0.99999999299999997593 0.00000000099999999981 0.00000000099999999981 0.00000000099999999981 0.00000000099999999981 0.00000000099999999981 
0.00000000099999999988 0.00000000099999999988 0.00000000099999999988 0.00000000099999999988 0.00000000099999999988 0.00000000099999999988 0.06288032459153160281 0.93711966940846824770 
0.00000000099999999995 0.00000000099999999995 0.94661334115045259185 0.00453263672562448459 0.00000000099999999995 0.04885401712392287848 0.00000000099999999995 0.00000000099999999995 
0.00000000099999999977 0.00000000099999999977 0.99999999300000008695 0.00000000099999999977 0.00000000099999999977 0.00000000099999999977 0.00000000099999999977 0.00000000099999999977 
0.00000000099999999989 0.00000000099999999989 0.99510047118836431057 0.00000000099999999989 0.00000000099999999989 0.00489952281163562146 0.00000000099999999989 0.00000000099999999989 
0.00000000099999999996 0.00000000099999999996 0.96134899892011249634 0.00000000099999999996 0.00000000099999999996 0.03865099507988736111 0.00000000099999999996 0.00000000099999999996 
0.00000000099999999986 0.00000000099999999986 0.00000000099999999986 0.00000000099999999986 0.99999999300000008695 0.00000000099999999986 0.00000000099999999986 0.00000000099999999986 
0.00000000099999999997 0.00000000099999999997 0.93204917012137633581 0.00000000099999999997 0.00822319525723106196 0.05972762962139261528 0.00000000099999999997 0.00000000099999999997 
0.00000000099999999991 0.00000000099999999991 0.00000000099999999991 0.00000000099999999991 0.99999999299999997593 0.00000000099999999991 0.00000000099999999991 0.00000000099999999991 
0.00000000099999999965 0.00000000099999999965 0.99999999299999997593 0.00000000099999999965 0.00000000099999999965 0.00000000099999999965 0.00000000099999999965 0.00000000099999999965 
0.00000000099999999985 0.00000000099999999985 0.99999999300000008695 0.00000000099999999985 0.00000000099999999985 0.00000000099999999985 0.00000000099999999985 0.00000000099999999985 
0.00000000099999999964 0.00000000099999999964 0.99999999299999997593 0.00000000099999999964 0.00000000099999999964 0.00000000099999999964 0.00000000099999999964 0.00000000099999999964 
0.00000000099999999986 0.00000000099999999986 0.00000000099999999986 0.00000000099999999986 0.98576538851247641482 0.00000000099999999986 0.01423460548752374273 0.00000000099999999986 
0.00000000099999999981 0.00000000099999999981 0.99999999300000008695 0.00000000099999999981 0.00000000099999999981 0.00000000099999999981 0.00000000099999999981 0.00000000099999999981 
0.00000000099999999995 0.00000000099999999995 0.96681572009574312521 0.00000000099999999995 0.00000000099999999995 0.03318427390425678775 0.00000000099999999995 0.00000000099999999995 
0.00000000099999999985 0.00000000099999999985 0.99999999300000008695 0.00000000099999999985 0.00000000099999999985 0.00000000099999999985 0.00000000099999999985 0.00000000099999999985 
0.00000000099999999988 0.00000000099999999988 0.99999999299999997593 0.00000000099999999988 0.00000000099999999988 0.00000000099999999988 0.00000000099999999988 0.00000000099999999988 
0.00000000099999999971 0.00000000099999999971 0.00000000099999999971 0.99999999300000008695 0.00000000099999999971 0.00000000099999999971 0.00000000099999999971 0.00000000099999999971 
0.00000000099999999986 0.00000000099999999986 0.99999999299999997593 0.00000000099999999986 0.00000000099999999986 0.00000000099999999986 0.00000000099999999986 0.00000000099999999986 
0.00000000099999999987 0.00000000099999999987 0.99999999300000008695 0.00000000099999999987 0.00000000099999999987 0.00000000099999999987 0.00000000099999999987 0.00000000099999999987 
0.00000000099999999973 0.00000000099999999973 0.00000000099999999973 0.99999999300000008695 0.00000000099999999973 0.00000000099999999973 0.00000000099999999973 0.00000000099999999973 
0.00000000099999999991 0.00000000099999999991 0.99999999299999997593 0.00000000099999999991 0.00000000099999999991 0.00000000099999999991 0.00000000099999999991 0.00000000099999999991 
0.00000000099999999986 0.00000000099999999986 0.00000000099999999986 0.00000000099999999986 0.99999999299999997593 0.00000000099999999986 0.00000000099999999986 0.00000000099999999986 
0.00000000099999999993 0.00000000099999999993 0.00000000099999999993 0.00000000099999999993 0.99999999300000008695 0.00000000099999999993 0.00000000099999999993 0.00000000099999999993 
0.00000000099999999989 0.00000000099999999989 0.00000000099999999989 0.00000000099999999989 0.99999999279648721373 0.00000000099999999989 0.00000000099999999989 0.00000000120351274158 
0.00000000099999999987 0.00000000099999999987 0.00000000099999999987 0.00000000099999999987 0.99999999299999997593 0.00000000099999999987 0.00000000099999999987 0.00000000099999999987 
0.00000000099999999991 0.00000000099999999991 0.00000000099999999991 0.00000000099999999991 0.99784367905579729463 0.00000000099999999991 0.00000000099999999991 0.00215631494420276144 
0.00000000099999999990 0.00000000099999999990 0.00000000099999999990 0.00000000099999999990 0.99999999300000008695 0.00000000099999999990 0.00000000099999999990 0.00000000099999999990 
0.00000000099999999989 0.00000000099999999989 0.00000000099999999989 0.00000000099999999989 0.99999999300000008695 0.00000000099999999989 0.00000000099999999989 0.00000000099999999989 
