0.00000000099999999996 0.92015016757234058264 0.00000000099999999996 0.07984982442765944932 0.00000000099999999996 0.00000000099999999996 0.00000000099999999996 0.00000000099999999996 0.00000000099999999996 0.00000000099999999996 
0.00000000099999999995 0.86196954304858008911 0.00000000099999999995 0.13575304873229471214 0.00000000099999999995 0.00000000099999999995 0.00000000099999999995 0.00227740121912524233 0.00000000099999999995 0.00000000099999999995 
0.00000000099999999990 0.00000000099999999990 0.00000000099999999990 0.00000000099999999990 0.00000000099999999990 0.00000000099999999990 0.00000000099999999990 0.00000000099999999990 0.99999999099999992147 0.00000000099999999990 
0.00000000099999999993 0.91673334351815194410 0.00000000099999999993 0.08159497656036192315 0.00000000099999999993 0.00000000099999999993 0.00000000099999999993 0.00000000099999999993 0.00000000099999999993 0.00167167292148645303 
0.00000000099999999991 0.94640988090781230646 0.00000000099999999991 0.02184732653764279511 0.00000000099999999991 0.00000000099999999991 0.00000000099999999991 0.00985005246749837138 0.00000000099999999991 0.02189273408704662388 
0.00000000099999999994 0.96268665320328061785 0.00000000099999999994 0.00016067293985651956 0.00000000099999999994 0.00000000099999999994 0.00000000099999999994 0.01182759918330408312 0.00000000099999999994 0.02532506867355905841 
0.99999999100000014352 0.00000000099999999954 0.00000000099999999954 0.00000000099999999954 0.00000000099999999954 0.00000000099999999954 0.00000000099999999954 0.00000000099999999954 0.00000000099999999954 0.00000000099999999954 
0.00000000099999999981 0.87868339781979909464 0.00000000099999999981 0.12131659418020102059 0.00000000099999999981 0.00000000099999999981 0.00000000099999999981 0.00000000099999999981 0.00000000099999999981 0.00000000099999999981 
0.99999999100000014352 0.00000000099999999932 0.00000000099999999932 0.00000000099999999932 0.00000000099999999932 0.00000000099999999932 0.00000000099999999932 0.00000000099999999932 0.00000000099999999932 0.00000000099999999932 
0.00000000099999999985 0.80617924402742602297 0.00000000099999999985 0.19382074797257423104 0.00000000099999999985 0.00000000099999999985 0.00000000099999999985 0.00000000099999999985 0.00000000099999999985 0.00000000099999999985 
0.00000000099999999980 0.87599435031337657964 0.00000000099999999980 0.12400564168662368825 0.00000000099999999980 0.00000000099999999980 0.00000000099999999980 0.00000000099999999980 0.00000000099999999980 0.00000000099999999980 
0.00000000099999999992 0.94610676625528244976 0.00000000099999999992 0.01107883146657567298 0.00000000099999999992 0.00000000099999999992 0.00000000099999999992 0.04281439527814211859 0.00000000099999999992 0.00000000099999999992 
0.00000000099999999994 0.99163696814436519400 0.00000000099999999994 0.00000000099999999994 0.00000000099999999994 0.00000000099999999994 0.00000000099999999994 0.00059856051297370663 0.00000000099999999994 0.00776446434266116637 
0.00000000099999999992 0.97127132542462768505 0.00000000099999999992 0.00004739064348018064 0.00000000099999999992 0.00000000099999999992 0.00000000099999999992 0.00000000099999999992 0.00000000099999999992 0.02868127693189250621 
0.00000000099999999989 0.00000000099999999989 0.00000000099999999989 0.00000000099999999989 0.08906213821184537360 0.00000000099999999989 0.00000000099999999989 0.00000000099999999989 0.91093785378815450571 0.00000000099999999989 
0.00000000099999999985 0.91077261994587688232 0.00000000099999999985 0.08922737205412313577 0.00000000099999999985 0.00000000099999999985 0.00000000099999999985 0.00000000099999999985 0.00000000099999999985 0.00000000099999999985 
0.00000000099999999981 0.82614875841233359477 0.00000000099999999981 0.16940672441030835138 0.00000000099999999981 0.00000000099999999981 0.00000000099999999981 0.00444451017735825963 0.00000000099999999981 0.00000000099999999981 
0.00000000099999999980 0.67761105342314420508 0.00000000099999999980 0.07682566239735892644 0.00000000099999999980 0.00000000099999999980 0.00000000099999999980 0.24556327717949696932 0.00000000099999999980 0.00000000099999999980 
0.00000000099999999987 0.90013779674820038057 0.00000000099999999987 0.09986219525179987344 0.00000000099999999987 0.00000000099999999987 0.00000000099999999987 0.00000000099999999987 0.00000000099999999987 0.00000000099999999987 
0.00000000099999999917 0.00000000099999999917 0.00000000099999999917 0.00000000099999999917 0.00000000099999999917 0.00000000099999999917 0.00000000099999999917 0.99999999099999992147 0.00000000099999999917 0.00000000099999999917 
0.99999999100000025454 0.00000000099999999951 0.00000000099999999951 0.00000000099999999951 0.00000000099999999951 0.00000000099999999951 0.00000000099999999951 0.00000000099999999951 0.00000000099999999951 0.00000000099999999951 
0.00000000099999999914 0.00000000099999999914 0.00000000099999999914 0.00000000099999999914 0.00000000099999999914 0.00000000099999999914 0.00000000099999999914 0.99999999100000003249 0.00000000099999999914 0.00000000099999999914 
0.00000000099999999998 0.97482086052384564479 0.00000149322211509630 0.00000000099999999998 0.00000000099999999998 0.00366482974633309914 0.00000000099999999998 0.00286621115120926865 0.00000000099999999998 0.01864660035649723380 
0.99999999100000025454 0.00000000099999999938 0.00000000099999999938 0.00000000099999999938 0.00000000099999999938 0.00000000099999999938 0.00000000099999999938 0.00000000099999999938 0.00000000099999999938 0.00000000099999999938 
0.00000000099999999943 0.00000000099999999943 0.00000000099999999943 0.99999999100000003249 0.00000000099999999943 0.00000000099999999943 0.00000000099999999943 0.00000000099999999943 0.00000000099999999943 0.00000000099999999943 
0.00000000099999999983 0.86051772697923434308 0.00000000099999999983 0.13592691436315440523 0.00000000099999999983 0.00000000099999999983 0.00000000099999999983 0.00355535165761144056 0.00000000099999999983 0.00000000099999999983 
0.00000000099999999988 0.85881445414910673186 0.00000000099999999988 0.10170386243414557270 0.00000000099999999988 0.00000000099999999988 0.00000000099999999988 0.01121393986542973051 0.00000000099999999988 0.02826773755131813462 
0.00000000099999999971 0.74890998315141965591 0.00000000099999999971 0.25109000884858045932 0.00000000099999999971 0.00000000099999999971 0.00000000099999999971 0.00000000099999999971 0.00000000099999999971 0.00000000099999999971 
0.03231080568212505583 0.00000000099999999993 0.00000000099999999993 0.00000000099999999993 0.01185828081491374121 0.95574494994484027188 0.00008595755812096008 0.00000000099999999993 0.00000000099999999993 0.00000000099999999993 
0.99999999100000014352 0.00000000099999999962 0.00000000099999999962 0.00000000099999999962 0.00000000099999999962 0.00000000099999999962 0.00000000099999999962 0.00000000099999999962 0.00000000099999999962 0.00000000099999999962 
0.00000000099999999998 0.96941668519623025446 0.00000000099999999998 0.01031101253148936948 0.01291628279613925637 0.00000000099999999998 0.00000000099999999998 0.00609483965582038358 0.00000000099999999998 0.00126117482032079425 
0.12566197641928178452 0.70275045377396738733 0.00000000099999999993 0.16307874912038464177 0.00000000099999999993 0.00000000099999999993 0.00000000099999999993 0.00850881468636641332 0.00000000099999999993 0.00000000099999999993 
0.00007729764577620543 0.75124257904500701954 0.01149566208883560925 0.20895317563476062395 0.01377731986905757038 0.00000000099999999998 0.00000000099999999998 0.01445396171656285894 0.00000000099999999998 0.00000000099999999998 
0.00000000099999999987 0.73090359608910793199 0.00000000099999999987 0.15750975822054119613 0.00000000099999999987 0.00000000099999999987 0.00000000099999999987 0.00859565597484074004 0.00000000099999999987 0.10299098371551031195 
0.93503556232435103279 0.06496442967564920734 0.00000000099999999979 0.00000000099999999979 0.00000000099999999979 0.00000000099999999979 0.00000000099999999979 0.00000000099999999979 0.00000000099999999979 0.00000000099999999979 
0.00000000099999999983 0.85360791978766226151 0.00000000099999999983 0.14639207221233796474 0.00000000099999999983 0.00000000099999999983 0.00000000099999999983 0.00000000099999999983 0.00000000099999999983 0.00000000099999999983 
0.00991929698354745461 0.93746162896798512776 0.00000000099999999995 0.01513945660895909227 0.00000000099999999995 0.00000000099999999995 0.00000000099999999995 0.02298764941815191823 0.00000000099999999995 0.01449196302135655721 
0.00000000099999999933 0.00000000099999999933 0.00000000099999999933 0.99999999100000003249 0.00000000099999999933 0.00000000099999999933 0.00000000099999999933 0.00000000099999999933 0.00000000099999999933 0.00000000099999999933 
0.00000000099999999988 0.88360164698060750244 0.00000000099999999988 0.11639834501939272382 0.00000000099999999988 0.00000000099999999988 0.00000000099999999988 0.00000000099999999988 0.00000000099999999988 0.00000000099999999988 
0.24975782983484923205 0.65648200079996110734 0.00000000099999999996 0.09376016236518987246 0.00000000099999999996 0.00000000099999999996 0.00000000099999999996 0.00000000099999999996 0.00000000099999999996 0.00000000099999999996 
0.13987527908485883343 0.70452881973696290796 0.00000000099999999985 0.14513591830808744709 0.00000000099999999985 0.00000000099999999985 0.00000000099999999985 0.01045997687009098988 0.00000000099999999985 0.00000000099999999985 
0.00000000099999999997 0.79378830628723884288 0.00000000099999999997 0.10559728550535033009 0.00000000099999999997 0.08526057147122721724 0.01049345004048522594 0.00000000099999999997 0.00000000099999999997 0.00486038169569854260 
0.00000000099999999987 0.00000000099999999987 0.00000000099999999987 0.00000000099999999987 0.00000000099999999987 0.98920377248622215482 0.01079621951377784765 0.00000000099999999987 0.00000000099999999987 0.00000000099999999987 
0.00000000099999999995 0.83897092984662213766 0.00000000099999999995 0.13444093537017545725 0.00000000099999999995 0.00000000099999999995 0.00000000099999999995 0.00362571631628799728 0.02296241246691445997 0.00000000099999999995 
0.00000000099999999990 0.89189025514354192126 0.00000000099999999990 0.07188356422848771188 0.00000000099999999990 0.00000000099999999990 0.00000000099999999990 0.00440800050085008235 0.00000000099999999990 0.03181817412712031196 
0.00000000099999999991 0.93964658095792252812 0.00000000099999999991 0.04230376537902856560 0.00000000099999999991 0.00000000099999999991 0.00000000099999999991 0.00250376923742597242 0.00000000099999999991 0.01554587842562311917 
0.00000000099999999993 0.00000000099999999993 0.00000000099999999993 0.00000000099999999993 0.00000000099999999993 0.99999999100000003249 0.00000000099999999993 0.00000000099999999993 0.00000000099999999993 0.00000000099999999993 
0.00000000099999999992 0.00000000099999999992 0.00000000099999999992 0.00000000099999999992 0.00000000099999999992 0.88883350916090508864 0.06540611922232898723 0.00000000099999999992 0.00000000099999999992 0.04576036461676606659 
0.00000000099999999992 0.00000000099999999992 0.00000000099999999992 0.00000000099999999992 0.00000000099999999992 0.86410450503090086016 0.07712598846428814214 0.00000000099999999992 0.00000000099999999992 0.05876949950481116097 
0.00000000099999999995 0.00000000099999999995 0.03762522043503657709 0.00000000099999999995 0.27627005664209319802 0.29959059994897530022 0.37961431259733946497 0.00000000099999999995 0.00000000099999999995 0.00689980537655567397 
0.00000000099999999998 0.00128609240534914766 0.03083872763866365649 0.00000000099999999998 0.06740812456437686451 0.65964395714672885429 0.20310449304070110621 0.00000000099999999998 0.00003733964898238320 0.03768126255519813061 
0.00000000099999999981 0.00000000099999999981 0.00000000099999999981 0.00000000099999999981 0.11116624368579890170 0.00000000099999999981 0.88883374831420103312 0.00000000099999999981 0.00000000099999999981 0.00000000099999999981 
0.00000000099999999978 0.00000000099999999978 0.00000000099999999978 0.00000000099999999978 0.00000000099999999978 0.00000000099999999978 0.99999999100000003249 0.00000000099999999978 0.00000000099999999978 0.00000000099999999978 
0.00000000099999999996 0.00000000099999999996 0.01837408459285060774 0.00345051096492117373 0.14389014676192221631 0.61539877155826594457 0.18237809782952796311 0.00000000099999999996 0.00000000099999999996 0.03650838429251206108 
0.00000000099999999971 0.00000000099999999971 0.00000000099999999971 0.00000000099999999971 0.00000000099999999971 0.00000000099999999971 0.99999999099999992147 0.00000000099999999971 0.00000000099999999971 0.00000000099999999971 
0.00000000099999999985 0.00000000099999999985 0.00000000099999999985 0.00000000099999999985 0.00000000099999999985 0.00000000099999999985 0.99999999100000003249 0.00000000099999999985 0.00000000099999999985 0.00000000099999999985 
0.00000000099999999998 0.01525515573385934770 0.00012249846606932852 0.00000000099999999998 0.19425414277054245393 0.61775084126126267314 0.13188286295385467928 0.00448992398209984746 0.00000000099999999998 0.03624457183231155621 
0.00000000099999999993 0.00000000099999999993 0.01416359837801980069 0.00000000099999999993 0.25518892089717837290 0.07926837206408872405 0.65137910266071319398 0.00000000099999999993 0.00000000099999999993 0.00000000099999999993 
0.00000000099999999955 0.00000000099999999955 0.00000000099999999955 0.00000000099999999955 0.00000000099999999955 0.00000000099999999955 0.00000000099999999955 0.99999999099999992147 0.00000000099999999955 0.00000000099999999955 
0.00000000099999999982 0.00000000099999999982 0.00000000099999999982 0.00000000099999999982 0.00000000099999999982 0.00000000099999999982 0.99999999099999992147 0.00000000099999999982 0.00000000099999999982 0.00000000099999999982 
0.00000000099999999977 0.00000000099999999977 0.00000000099999999977 0.00000000099999999977 0.00000000099999999977 0.00000000099999999977 0.99999999100000003249 0.00000000099999999977 0.00000000099999999977 0.00000000099999999977 
0.00000000099999999979 0.00000000099999999979 0.00000000099999999979 0.00000000099999999979 0.00000000099999999979 0.00000000099999999979 0.99999999100000003249 0.00000000099999999979 0.00000000099999999979 0.00000000099999999979 
0.00000000099999999980 0.00000000099999999980 0.00000000099999999980 0.00000000099999999980 0.00000000099999999980 0.00000000099999999980 0.99999999099999992147 0.00000000099999999980 0.00000000099999999980 0.00000000099999999980 
0.00000000099999999979 0.00000000099999999979 0.00000000099999999979 0.00000000099999999979 0.00000000099999999979 0.00000000099999999979 0.99999999099999992147 0.00000000099999999979 0.00000000099999999979 0.00000000099999999979 
0.00000000099999999981 0.00000000099999999981 0.00000000099999999981 0.00000000099999999981 0.00000000099999999981 0.00000000099999999981 0.99999999100000003249 0.00000000099999999981 0.00000000099999999981 0.00000000099999999981 
0.07874647954042619802 0.89586929498836864738 0.00000000099999999999 0.00000000099999999999 0.00000000099999999999 0.00382786260865373897 0.00000000099999999999 0.00635768196049263812 0.00026730986591047063 0.01493136703614843762 
0.00000000099999999990 0.94523206060174824739 0.00000000099999999990 0.03567017493625064539 0.00000000099999999990 0.00000000099999999990 0.00000000099999999990 0.00245940002102678669 0.00000000099999999990 0.01663835844097436706 
0.00000000099999999974 0.22320898461728805318 0.00000000099999999974 0.00000000099999999974 0.00000000099999999974 0.00000000099999999974 0.00000000099999999974 0.77679100738271200655 0.00000000099999999974 0.00000000099999999974 
0.99999999100000014352 0.00000000099999999955 0.00000000099999999955 0.00000000099999999955 0.00000000099999999955 0.00000000099999999955 0.00000000099999999955 0.00000000099999999955 0.00000000099999999955 0.00000000099999999955 
0.00000000099999999979 0.00000000099999999979 0.00000000099999999979 0.99999999100000003249 0.00000000099999999979 0.00000000099999999979 0.00000000099999999979 0.00000000099999999979 0.00000000099999999979 0.00000000099999999979 
0.00000000099999999977 0.64082659690302468114 0.00000000099999999977 0.35917339509697554512 0.00000000099999999977 0.00000000099999999977 0.00000000099999999977 0.00000000099999999977 0.00000000099999999977 0.00000000099999999977 
0.00000000099999999925 0.00000000099999999925 0.00000000099999999925 0.99999999100000014352 0.00000000099999999925 0.00000000099999999925 0.00000000099999999925 0.00000000099999999925 0.00000000099999999925 0.00000000099999999925 
0.01203676349102856570 0.86791684089371701205 0.00000000099999999988 0.12004638861525457338 0.00000000099999999988 0.00000000099999999988 0.00000000099999999988 0.00000000099999999988 0.00000000099999999988 0.00000000099999999988 
0.00000000099999999983 0.91058755311710781744 0.00000000099999999983 0.08941243888289242270 0.00000000099999999983 0.00000000099999999983 0.00000000099999999983 0.00000000099999999983 0.00000000099999999983 0.00000000099999999983 
0.00000000099999999990 0.82893575601560143262 0.00000000099999999990 0.10999379626475883076 0.00000000099999999990 0.00000000099999999990 0.00000000099999999990 0.01467374803472120716 0.00000000099999999990 0.04639669368491867313 
0.00000000099999999915 0.00000000099999999915 0.00000000099999999915 0.00000000099999999915 0.00000000099999999915 0.00000000099999999915 0.00000000099999999915 0.99999999099999992147 0.00000000099999999915 0.00000000099999999915 
0.00000000099999999996 0.86350516034407787114 0.00000000099999999996 0.08484440037293951298 0.00000000099999999996 0.01339762493453527069 0.00000000099999999996 0.01168310958256953309 0.00000000099999999996 0.02656969976587807841 
0.00000000099999999974 0.87351767826246862203 0.00000000099999999974 0.12648231373753160423 0.00000000099999999974 0.00000000099999999974 0.00000000099999999974 0.00000000099999999974 0.00000000099999999974 0.00000000099999999974 
0.00000000099999999980 0.00000000099999999980 0.00000000099999999980 0.00000000099999999980 0.00000000099999999980 0.99999999100000014352 0.00000000099999999980 0.00000000099999999980 0.00000000099999999980 0.00000000099999999980 
0.00000000099999999986 0.88603636866676738215 0.00000000099999999986 0.11396362333323274696 0.00000000099999999986 0.00000000099999999986 0.00000000099999999986 0.00000000099999999986 0.00000000099999999986 0.00000000099999999986 
0.00000000099999999996 0.96923411394066183444 0.00000000099999999996 0.01529549964751897480 0.00000000099999999996 0.00000000099999999996 0.00000000099999999996 0.00000000099999999996 0.00000000099999999996 0.01547037941181944251 
0.00000000099999999928 0.00000000099999999928 0.00000000099999999928 0.99999999100000003249 0.00000000099999999928 0.00000000099999999928 0.00000000099999999928 0.00000000099999999928 0.00000000099999999928 0.00000000099999999928 
0.00000000099999999986 0.88819039835976476560 0.00000000099999999986 0.11180957553731006582 0.00000000099999999986 0.00000000099999999986 0.00000000099999999986 0.00000001910292530828 0.00000000099999999986 0.00000000099999999986 
0.00000000099999999978 0.90385020070816501914 0.00000000099999999978 0.09614979129183510997 0.00000000099999999978 0.00000000099999999978 0.00000000099999999978 0.00000000099999999978 0.00000000099999999978 0.00000000099999999978 
0.00000000099999999993 0.88493465194614995273 0.00000000099999999993 0.11358292013596472947 0.00000000099999999993 0.00000000099999999993 0.00000000099999999993 0.00148242091788545528 0.00000000099999999993 0.00000000099999999993 
0.00000000099999999984 0.87936066950750857441 0.00000000099999999984 0.08285549230341808513 0.00000000099999999984 0.00000000099999999984 0.00000000099999999984 0.02435657899529397249 0.00000000099999999984 0.01342725319377946827 
0.00000000099999999995 0.00000000099999999995 0.02980171578876552804 0.00000000099999999995 0.00003620618697335393 0.97016207102426121889 0.00000000099999999995 0.00000000099999999995 0.00000000099999999995 0.00000000099999999995 
0.00000000099999999944 0.00000000099999999944 0.00000000099999999944 0.99999999100000014352 0.00000000099999999944 0.00000000099999999944 0.00000000099999999944 0.00000000099999999944 0.00000000099999999944 0.00000000099999999944 
0.00000000099999999952 0.00000000099999999952 0.00000000099999999952 0.99999999100000014352 0.00000000099999999952 0.00000000099999999952 0.00000000099999999952 0.00000000099999999952 0.00000000099999999952 0.00000000099999999952 
0.00000000099999999990 0.95052853712324625324 0.00000000099999999990 0.04947145487675393832 0.00000000099999999990 0.00000000099999999990 0.00000000099999999990 0.00000000099999999990 0.00000000099999999990 0.00000000099999999990 
0.00000000099999999986 0.00000000099999999986 0.23989975026934376445 0.00000000099999999986 0.38847626475446755956 0.01581615452646170650 0.00000000099999999986 0.00000000099999999986 0.35580782444972680612 0.00000000099999999986 
0.00000000099999999989 0.00000000099999999989 0.00000000099999999989 0.00000000099999999989 0.85388884525362174216 0.09968104342700040421 0.04643010431937788507 0.00000000099999999989 0.00000000099999999989 0.00000000099999999989 
0.00000000099999999971 0.00000000099999999971 0.00000000099999999971 0.00000000099999999971 0.99999999100000014352 0.00000000099999999971 0.00000000099999999971 0.00000000099999999971 0.00000000099999999971 0.00000000099999999971 
0.00000000099999999941 0.00000000099999999941 0.00000000099999999941 0.00000000099999999941 0.00000000099999999941 0.00000000099999999941 0.00000000099999999941 0.00000000099999999941 0.99999999099999992147 0.00000000099999999941 
0.00000000099999999931 0.00000000099999999931 0.00000000099999999931 0.00000000099999999931 0.00000000099999999931 0.00000000099999999931 0.00000000099999999931 0.00000000099999999931 0.99999999100000003249 0.00000000099999999931 
0.00000000099999999979 0.80751239094114912742 0.00000000099999999979 0.18770181273540759159 0.00000000099999999979 0.00000000099999999979 0.00000000099999999979 0.00478578932344333845 0.00000000099999999979 0.00000000099999999979 
0.00000000099999999995 0.00000000099999999995 0.02618744765364732635 0.00000000099999999995 0.81359703582011411171 0.11988063703913014180 0.03898205688528254276 0.00000000099999999995 0.00000000099999999995 0.00135281760182602855 
0.00000000099999999995 0.00000000099999999995 0.09254656391516798142 0.00000000099999999995 0.63113398558677935579 0.23334915337324965701 0.00056543624956062466 0.00000000099999999995 0.03335147637355943828 0.00905338050168281831 
0.00000000099999999993 0.00000000099999999993 0.01104865894419033122 0.00000000099999999993 0.81997140031481530187 0.10909870188457972129 0.05988123285641459848 0.00000000099999999993 0.00000000099999999993 0.00000000099999999993 
0.00000000099999999983 0.00000000099999999983 0.00000000099999999983 0.00000000099999999983 0.92016414451136296915 0.07983584748863717384 0.00000000099999999983 0.00000000099999999983 0.00000000099999999983 0.00000000099999999983 
0.00000000099999999976 0.00000000099999999976 0.00000000099999999976 0.00000000099999999976 0.99999999100000003249 0.00000000099999999976 0.00000000099999999976 0.00000000099999999976 0.00000000099999999976 0.00000000099999999976 
0.00000000099999999928 0.00000000099999999928 0.00000000099999999928 0.00000000099999999928 0.00000000099999999928 0.00000000099999999928 0.00000000099999999928 0.00000000099999999928 0.99999999099999992147 0.00000000099999999928 
0.00000000099999999946 0.00000000099999999946 0.00000000099999999946 0.00000000099999999946 0.00000000099999999946 0.00000000099999999946 0.00000000099999999946 0.00000000099999999946 0.99999999099999992147 0.00000000099999999946 
0.00000000099999999991 0.00000000099999999991 0.00000000099999999991 0.00000000099999999991 0.87118602564803426791 0.12881396635196584732 0.00000000099999999991 0.00000000099999999991 0.00000000099999999991 0.00000000099999999991 
0.00000000099999999969 0.00000000099999999969 0.00000000099999999969 0.00000000099999999969 0.99999999100000003249 0.00000000099999999969 0.00000000099999999969 0.00000000099999999969 0.00000000099999999969 0.00000000099999999969 
0.00000000099999999992 0.00000000099999999992 0.01558865014628223016 0.00000000099999999992 0.80134663379798365401 0.18306470905573427044 0.00000000099999999992 0.00000000099999999992 0.00000000099999999992 0.00000000099999999992 
0.00000000099999999996 0.00000000099999999996 0.01965078906127607633 0.00000000099999999996 0.74218506565668418418 0.19863118722719180775 0.00059826446674105752 0.00000000099999999996 0.03893468858810696098 0.00000000099999999996 
0.00000000099999999996 0.00000000099999999996 0.03936838579411802014 0.00000000099999999996 0.63955522007638865301 0.21383574220822360035 0.07683255927936886998 0.00000000099999999996 0.02836718070098796091 0.00204090794091310200 
0.00000000099999999991 0.00000000099999999991 0.27838294330878832206 0.00000000099999999991 0.36185464111018389444 0.00590947372945044985 0.00000000099999999991 0.00000000099999999991 0.35385293585157734375 0.00000000099999999991 
0.00000000099999999994 0.00000000099999999994 0.06926541357736244742 0.00000000099999999994 0.64389829446020729886 0.24217314685005833508 0.00000000167627080557 0.00000000099999999994 0.04334039996822796476 0.00132273946787327752 
0.00000000099999999996 0.00000000099999999996 0.01612395099059557926 0.00000000099999999996 0.71336339258166847621 0.22807164663690079887 0.00000000099999999996 0.00000000099999999996 0.04244100379083522168 0.00000000099999999996 
0.00000000099999999992 0.00000000099999999992 0.00978457161957574546 0.00000000099999999992 0.79635323675545166555 0.11010711435823875015 0.08375507126673381597 0.00000000099999999992 0.00000000099999999992 0.00000000099999999992 
0.00000000099999999982 0.00000000099999999982 0.00000000099999999982 0.00000000099999999982 0.00000000099999999982 0.99970409380735458793 0.00029589819264546664 0.00000000099999999982 0.00000000099999999982 0.00000000099999999982 
0.00000000099999999992 0.00000000099999999992 0.20708879599450147335 0.00000000099999999992 0.26817943905658220283 0.07284409027611540854 0.08063367012397107403 0.00000000099999999992 0.37125399954882976061 0.00000000099999999992 
0.00000000099999999998 0.01335781773046964237 0.00354674455770807558 0.00000000099999999998 0.13058618479815947699 0.59970538014005925209 0.20661848668176008292 0.00209559153138061264 0.00052463719591516137 0.04356515536454762250 
0.00000000099999999984 0.00000000099999999984 0.00000000099999999984 0.00000000099999999984 0.00000000099999999984 0.99559770337486186431 0.00440228862513823878 0.00000000099999999984 0.00000000099999999984 0.00000000099999999984 
0.00000000099999999992 0.00000000099999999992 0.24475526551142415266 0.00000000099999999992 0.18145172188669222990 0.01627290424469134827 0.00000000636683219421 0.00000000099999999992 0.55752009699036009227 0.00000000099999999992 
0.00000000099999999991 0.00000000099999999991 0.13682882959651943011 0.00000000099999999991 0.38487464127320070162 0.02921796759683418371 0.11894967686450477751 0.00000000099999999991 0.33012887966894088887 0.00000000099999999991 
0.00000000099999999994 0.00000000099999999994 0.19598032985537613970 0.00000000099999999994 0.30413409708966121503 0.06067217714247346433 0.11412630083153760263 0.00000000099999999994 0.32508709008095154624 0.00000000099999999994 
0.00000000099999999992 0.00000000099999999992 0.01175019157945991766 0.00000000099999999992 0.00000000099999999992 0.98824980042054000329 0.00000000099999999992 0.00000000099999999992 0.00000000099999999992 0.00000000099999999992 
0.00000000099999999982 0.00000000099999999982 0.00000000099999999982 0.00000000099999999982 0.00000000099999999982 0.00000000099999999982 0.99999999100000003249 0.00000000099999999982 0.00000000099999999982 0.00000000099999999982 
0.00000000099999999988 0.00000000099999999988 0.00018069229900051362 0.00000000099999999988 0.05410786954961081807 0.94571143115138878166 0.00000000099999999988 0.00000000099999999988 0.00000000099999999988 0.00000000099999999988 
0.00000000099999999959 0.00000000099999999959 0.00000000099999999959 0.00000000099999999959 0.00000000099999999959 0.00000000099999999959 0.00000000099999999959 0.00000000099999999959 0.99999999099999992147 0.00000000099999999959 
0.00000000099999999991 0.00000000099999999991 0.24853750810697317064 0.00000000099999999991 0.13914537995071979415 0.00000004665466780010 0.00000000099999999991 0.00000000099999999991 0.61231705928763924263 0.00000000099999999991 
0.00000000099999999998 0.00606613985316448688 0.06052720571209019990 0.00000000099999999998 0.04848250238250646077 0.62280718066998963511 0.21189715190716942872 0.00000000099999999998 0.01349718616199832751 0.03672263031308144882 
0.00000000099999999996 0.00000000099999999996 0.18562701547471507912 0.00000000099999999996 0.30154099636231940229 0.07534568151201197217 0.04102181468976046075 0.00000000099999999996 0.39646448696119301891 0.00000000099999999996 
0.00000000099999999990 0.00000000099999999990 0.21178999581335897218 0.00000000099999999990 0.29135547271913836420 0.05646258769151637352 0.04976600566925353658 0.00000000099999999990 0.39062593310673271452 0.00000000099999999990 
0.00000000099999999984 0.00000000099999999984 0.00000000099999999984 0.00000000099999999984 0.90508669512755346442 0.00000000099999999984 0.09491329687244662305 0.00000000099999999984 0.00000000099999999984 0.00000000099999999984 
0.00000000099999999978 0.00000000099999999978 0.00000000099999999978 0.00000000099999999978 0.00000000099999999978 0.00000000099999999978 0.00000000099999999978 0.00000000099999999978 0.99999999100000003249 0.00000000099999999978 
0.00000000099999999957 0.00000000099999999957 0.00000000099999999957 0.00000000099999999957 0.00000000099999999957 0.00000000099999999957 0.00000000099999999957 0.00000000099999999957 0.99999999100000003249 0.00000000099999999957 
0.00000000099999999964 0.00000000099999999964 0.00000000099999999964 0.00000000099999999964 0.00000000099999999964 0.00000000099999999964 0.00000000099999999964 0.00000000099999999964 0.99999999099999992147 0.00000000099999999964 
0.00000000099999999992 0.00000000099999999992 0.19545202713070203293 0.00000000099999999992 0.26324158467090247315 0.05327178046547535739 0.04464287890873659681 0.00000000099999999992 0.44339172382418334806 0.00000000099999999992 
0.00000000099999999995 0.00000000099999999995 0.17356284827692106121 0.00000000099999999995 0.28688378745078685350 0.11664278108290943026 0.00000002596445353060 0.00000000099999999995 0.42291055222492918153 0.00000000099999999995 
0.00000000099999999991 0.00000000099999999991 0.01487781297765335999 0.00000000099999999991 0.76966560826458085831 0.04137398156110558972 0.17408259119666019688 0.00000000099999999991 0.00000000099999999991 0.00000000099999999991 
0.00000000099999999991 0.00000000099999999991 0.19536864650237556473 0.00000000099999999991 0.28958813475008438054 0.05015146274050922420 0.10047058385117567381 0.00000000099999999991 0.36442116715585520792 0.00000000099999999991 
0.00000000099999999992 0.00000000099999999992 0.18089353543129921276 0.00000000099999999992 0.30076263832843441737 0.08383060456374508140 0.08795995003104785381 0.00000000099999999992 0.34655326664547353444 0.00000000099999999992 
0.00000000099999999988 0.00000000099999999988 0.00000000099999999988 0.00000000099999999988 0.00000000099999999988 0.99999999100000003249 0.00000000099999999988 0.00000000099999999988 0.00000000099999999988 0.00000000099999999988 
0.00000000099999999981 0.00000000099999999981 0.00000000099999999981 0.00000000099999999981 0.97376926972432975571 0.00000000099999999981 0.02623072227567021728 0.00000000099999999981 0.00000000099999999981 0.00000000099999999981 
0.00000000099999999985 0.00000000099999999985 0.00000000099999999985 0.00000000099999999985 0.00000000099999999985 0.00000000099999999985 0.99999999100000003249 0.00000000099999999985 0.00000000099999999985 0.00000000099999999985 
0.00000000099999999987 0.00000000099999999987 0.00000000099999999987 0.00000000099999999987 0.00000000099999999987 0.99999999100000003249 0.00000000099999999987 0.00000000099999999987 0.00000000099999999987 0.00000000099999999987 
0.00000000099999999963 0.00000000099999999963 0.00000000099999999963 0.00000000099999999963 0.00000000099999999963 0.00000000099999999963 0.00000000099999999963 0.00000000099999999963 0.99999999099999992147 0.00000000099999999963 
0.00000000099999999989 0.00000000099999999989 0.26897367906572372531 0.00000000099999999989 0.24716433577396237919 0.00000000099999999989 0.09248438239795551963 0.00000000099999999989 0.39137759676235833739 0.00000000099999999989 
0.00000000099999999994 0.00000000099999999994 0.10711862230167848442 0.00000000099999999994 0.42579635992617514972 0.10499090912537313580 0.08863914005076881097 0.00000000099999999994 0.27345496359600446334 0.00000000099999999994 
0.00000000099999999983 0.00000000099999999983 0.00000000099999999983 0.00000000099999999983 0.00000000099999999983 0.00000000099999999983 0.99999999099999992147 0.00000000099999999983 0.00000000099999999983 0.00000000099999999983 
0.00000000099999999995 0.00000000099999999995 0.04508645299915463311 0.00000000099999999995 0.23359249007013024868 0.27080950326087199764 0.44656997919769636507 0.00000000099999999995 0.00000000099999999995 0.00394156947214679802 
0.00000000099999999975 0.00000000099999999975 0.00000000099999999975 0.00000000099999999975 0.00000000099999999975 0.00000000099999999975 0.00000000099999999975 0.00000000099999999975 0.99999999099999992147 0.00000000099999999975 
0.00000000099999999990 0.00000000099999999990 0.22060251298369623618 0.00000000099999999990 0.21573618894162249759 0.03223396017259497898 0.00185590791837361257 0.00000000099999999990 0.52957142498371256867 0.00000000099999999990 
0.00531192640182543037 0.44768673504084094406 0.00000000099999999998 0.02927319026972829974 0.00000000099999999998 0.05167350613785910707 0.08155825155535313675 0.01066190462470805768 0.00000000099999999998 0.37383448296968507796 
0.00000000099999999944 0.00000000099999999944 0.00000000099999999944 0.00000000099999999944 0.00000000099999999944 0.00000000099999999944 0.00000000099999999944 0.00000000099999999944 0.00000000099999999944 0.99999999099999992147 
0.00000000099999999957 0.00000000099999999957 0.00000000099999999957 0.00000000099999999957 0.00000000099999999957 0.00000000099999999957 0.00000000099999999957 0.00000000099999999957 0.00000000099999999957 0.99999999100000003249 
0.00911516493554009356 0.45815860745043907043 0.00000000099999999998 0.00977008787745105994 0.00000000099999999998 0.05737695764267750770 0.07611432469141761470 0.02580529229696994567 0.00000000099999999998 0.36365956210550487437 
0.00000000099999999948 0.00000000099999999948 0.00000000099999999948 0.00000000099999999948 0.00000000099999999948 0.00000000099999999948 0.00000000099999999948 0.00000000099999999948 0.00000000099999999948 0.99999999099999992147 
0.00000000099999999941 0.00000000099999999941 0.00000000099999999941 0.00000000099999999941 0.00000000099999999941 0.00000000099999999941 0.00000000099999999941 0.00000000099999999941 0.00000000099999999941 0.99999999100000003249 
0.00000000099999999934 0.00000000099999999934 0.00000000099999999934 0.00000000099999999934 0.00000000099999999934 0.00000000099999999934 0.00000000099999999934 0.00000000099999999934 0.00000000099999999934 0.99999999099999992147 
0.00000000099999999998 0.47254830162158995011 0.00000000099999999998 0.00001909565603126365 0.00000000099999999998 0.07812981703416665979 0.06878010418660036873 0.01243414319641615931 0.00000000099999999998 0.36808853430519572481 
0.00000000099999999948 0.00000000099999999948 0.00000000099999999948 0.00000000099999999948 0.00000000099999999948 0.00000000099999999948 0.00000000099999999948 0.00000000099999999948 0.00000000099999999948 0.99999999100000003249 
0.00267740107274721736 0.48476614082085572877 0.00000000099999999998 0.00000000099999999998 0.00000000099999999998 0.07534809893307482798 0.04229941000022475334 0.03410505174221304531 0.00000000099999999998 0.36080389343088437037 
0.00000000099999999933 0.00000000099999999933 0.00000000099999999933 0.00000000099999999933 0.00000000099999999933 0.00000000099999999933 0.00000000099999999933 0.00000000099999999933 0.00000000099999999933 0.99999999100000003249 
0.00000000099999999970 0.16518347291517596065 0.00000000099999999970 0.07568402977521788977 0.00000000099999999970 0.00000000099999999970 0.00000000099999999970 0.75913249030960616714 0.00000000099999999970 0.00000000099999999970 
0.00000000099999999993 0.87831349668589941970 0.00000000099999999993 0.12168649531410075104 0.00000000099999999993 0.00000000099999999993 0.00000000099999999993 0.00000000099999999993 0.00000000099999999993 0.00000000099999999993 
0.00000000099999999934 0.00000000099999999934 0.00000000099999999934 0.00000000099999999934 0.00000000099999999934 0.00000000099999999934 0.00000000099999999934 0.99999999099999992147 0.00000000099999999934 0.00000000099999999934 
0.00000000099999999990 0.00000000099999999990 0.25420034597365726015 0.00000000099999999990 0.31677886539043526026 0.03323495031104050507 0.00000000099999999990 0.00000000099999999990 0.39578583232486708177 0.00000000099999999990 
0.00000000099999999983 0.87407397056712576866 0.00000000099999999983 0.12592602143287437433 0.00000000099999999983 0.00000000099999999983 0.00000000099999999983 0.00000000099999999983 0.00000000099999999983 0.00000000099999999983 
0.00000000099999999994 0.94128218105620498068 0.00000000099999999994 0.03092513985812297972 0.00000000099999999994 0.00000000099999999994 0.00000000099999999994 0.00258066480514692340 0.00000000099999999994 0.02521200828052535051 
0.00000000099999999989 0.00000000099999999989 0.31113057244451791661 0.00000000099999999989 0.23105905942377150120 0.00000002051180918775 0.04988751530024416320 0.00000000099999999989 0.40792282731965723297 0.00000000099999999989 
0.99999999100000014352 0.00000000099999999942 0.00000000099999999942 0.00000000099999999942 0.00000000099999999942 0.00000000099999999942 0.00000000099999999942 0.00000000099999999942 0.00000000099999999942 0.00000000099999999942 
0.00000000099999999994 0.98659079735093579977 0.00000000099999999994 0.00000000099999999994 0.00000000099999999994 0.00000000099999999994 0.00000000099999999994 0.00028539729032935046 0.00000000099999999994 0.01312379835873500773 
0.00000000099999999990 0.00000000099999999990 0.00000000099999999990 0.00000000099999999990 0.28468174502376947244 0.25506236065613957509 0.46025588732009103943 0.00000000099999999990 0.00000000099999999990 0.00000000099999999990 
0.00000000099999999990 0.00000000099999999990 0.29489650252503929462 0.00000000099999999990 0.24215011156182028595 0.02881845495481309347 0.06813818609880767374 0.00000000099999999990 0.36599673985951974853 0.00000000099999999990 
0.00000000099999999990 0.00000000099999999990 0.00000002458803492416 0.00000000099999999990 0.23599949241413223366 0.17974262076187513815 0.58425785623595771767 0.00000000099999999990 0.00000000099999999990 0.00000000099999999990 
0.00000000099999999987 0.00000000099999999987 0.21659772656372575095 0.00000000099999999987 0.36986927329615737481 0.00000000099999999987 0.03300559272777076059 0.00000000099999999987 0.38052740141234620008 0.00000000099999999987 
0.00000000099999999996 0.00000000099999999996 0.01557791877831362151 0.00000000099999999996 0.24572664666703508685 0.29228290326970624013 0.43828354607371128315 0.00039943584862951460 0.00000000099999999996 0.00772954536260424870 
0.00000000099999999990 0.97250592419242309905 0.00000000099999999990 0.01588770782636976173 0.00000000099999999990 0.00000000099999999990 0.00000000099999999990 0.00000000099999999990 0.00000000099999999990 0.01160636098120740138 
