0.00421322091144311905 0.00000000099999999998 0.00000000099999999998 0.00000000099999999998 0.00000000099999999998 0.99578677508855695244 
0.00000000377228312728 0.00000000099999999999 0.00002192760722187564 0.00000000099999999999 0.00000007515028185121 0.99997799147021315669 
0.00000000099999999995 0.00000000099999999995 0.00000000099999999995 0.99999999500000003039 0.00000000099999999995 0.00000000099999999995 
0.00000000099999999997 0.00000000099999999997 0.00000000099999999997 0.00000000099999999997 0.00651794926075935279 0.99348204673924078723 
0.00000000099999999996 0.00183864274548749241 0.00000000099999999996 0.00000000099999999996 0.03870424645692174120 0.95945710779759074693 
0.00000000099999999998 0.00108966105225941274 0.00000000099999999998 0.00000000099999999998 0.04310301559433174501 0.95580732035340887354 
0.00000000099999999973 0.99999999500000003039 0.00000000099999999973 0.00000000099999999973 0.00000000099999999973 0.00000000099999999973 
0.00000000099999999990 0.00000000099999999990 0.00000000099999999990 0.00000000099999999990 0.00000000099999999990 0.99999999500000003039 
0.00000000099999999962 0.99999999500000014141 0.00000000099999999962 0.00000000099999999962 0.00000000099999999962 0.00000000099999999962 
0.00000000099999999991 0.00000000099999999991 0.00000000099999999991 0.00000000099999999991 0.00000000099999999991 0.99999999500000003039 
0.00000000099999999988 0.00000000099999999988 0.00000000099999999988 0.00000000099999999988 0.00000000099999999988 0.99999999500000003039 
0.00000000099999999996 0.00102238049061728338 0.00000000099999999996 0.00000000099999999996 0.01473979794980287417 0.98423781855957992448 
0.00000000099999999998 0.00000000099999999998 0.00000000099999999998 0.00000000099999999998 0.02624461864693093324 0.97375537735306905152 
0.00000000099999999998 0.00000001092455075440 0.00000000099999999998 0.00000000099999999998 0.04775932377073138779 0.95224066230471782202 
0.08559467867800653329 0.00000000099999999995 0.00000000099999999995 0.91440531732199348269 0.00000000099999999995 0.00000000099999999995 
0.00000000099999999991 0.00000000099999999991 0.00000000099999999991 0.00000000099999999991 0.00000000099999999991 0.99999999499999991937 
0.00000000099999999988 0.00000000099999999988 0.00000000099999999988 0.00000000099999999988 0.00000000099999999988 0.99999999500000003039 
0.00000000099999999994 0.02728567229835579186 0.00000000099999999994 0.00000000099999999994 0.00955060348032887169 0.96316372122131521660 
0.00000000099999999993 0.00000000099999999993 0.00000000099999999993 0.00000000099999999993 0.00000000099999999993 0.99999999499999991937 
0.00000000100000000000 0.14552724239731856803 0.00000000100000000000 0.01196829136361703995 0.01723494039750123746 0.82526952384156315734 
0.00000000099999999972 0.99999999500000003039 0.00000000099999999972 0.00000000099999999972 0.00000000099999999972 0.00000000099999999972 
0.00000000099999999999 0.13773985998595367208 0.00000000099999999999 0.00704863563592710712 0.01805442315244816173 0.83715707922567106358 
0.00379223417913841137 0.00000000099999999999 0.00928407521900737748 0.00000000099999999999 0.03288693455475028005 0.95403675404710386321 
0.00000000099999999963 0.99999999500000003039 0.00000000099999999963 0.00000000099999999963 0.00000000099999999963 0.00000000099999999963 
0.00000000099999999976 0.00000000099999999976 0.00000000099999999976 0.00000000099999999976 0.00000000099999999976 0.99999999499999991937 
0.00000000099999999989 0.00000000099999999989 0.00000000099999999989 0.00000000099999999989 0.00000000099999999989 0.99999999499999991937 
0.00000000099999999993 0.00000000099999999993 0.00000000099999999993 0.00000000099999999993 0.04282842289258516344 0.95717157310741474152 
0.00000000099999999981 0.00000000099999999981 0.00000000099999999981 0.00000000099999999981 0.00000000099999999981 0.99999999500000003039 
0.00000002603742270428 0.03199373995799997122 0.96800623100457738879 0.00000000099999999996 0.00000000099999999996 0.00000000099999999996 
0.00000000099999999978 0.99999999500000003039 0.00000000099999999978 0.00000000099999999978 0.00000000099999999978 0.00000000099999999978 
0.00931635088982154733 0.00117760669900624729 0.00624977320107477849 0.00000000100000000000 0.01361143387017317054 0.96964483433992432193 
0.00000000099999999996 0.12572363426698318634 0.00000000099999999996 0.00000000099999999996 0.00281786004200617213 0.87145850269101077235 
0.02582436465999408959 0.00190304531007782097 0.00000000099999999999 0.00000000099999999999 0.00000000099999999999 0.97227258702992813699 
0.00000000099999999991 0.00000000099999999991 0.00000000099999999991 0.00000000099999999991 0.10648390218396787399 0.89351609381603214199 
0.00000000099999999987 0.93529125509474286826 0.00000000099999999987 0.00000000099999999987 0.00000000099999999987 0.06470874090525731426 
0.00000000099999999991 0.00000000099999999991 0.00000000099999999991 0.00000000099999999991 0.00000000099999999991 0.99999999499999991937 
0.00000000099999999998 0.01495177546179347200 0.00000000099999999998 0.00000000099999999998 0.02905218900455067144 0.95599603253365583733 
0.00000000099999999972 0.00000000099999999972 0.00000000099999999972 0.00000000099999999972 0.00000000099999999972 0.99999999499999991937 
0.00000000099999999994 0.00000000099999999994 0.00000000099999999994 0.00000000099999999994 0.00000000099999999994 0.99999999500000003039 
0.00000000099999999998 0.25108440782349378262 0.00000000099999999998 0.00000000099999999998 0.00320270274013100160 0.74571288643637523297 
0.00000000099999999991 0.14146293230986164979 0.00000000099999999991 0.00000000099999999991 0.00000000099999999991 0.85853706369013838007 
0.00018636635432712698 0.00000000099999999998 0.09796914129828379614 0.00000000099999999998 0.00878969338779105741 0.89305479695959799624 
0.00000000794553039367 0.00000000099999999992 0.99999998805446965733 0.00000000099999999992 0.00000000099999999992 0.00000000099999999992 
0.00000000099999999997 0.00000000099999999997 0.00000000099999999997 0.02391003025787153541 0.00000000099999999997 0.97608996574212836261 
0.00000000099999999995 0.00000000099999999995 0.00000000099999999995 0.00000000099999999995 0.04585062121949794872 0.95414937478050199093 
0.00000000099999999996 0.00000000099999999996 0.00000000099999999996 0.00000000099999999996 0.03107418455871188007 0.96892581144128808734 
0.00000004892791308919 0.00000000099999999997 0.99999994707208694766 0.00000000099999999997 0.00000000099999999997 0.00000000099999999997 
0.00000000099999999994 0.00000000099999999994 0.95521842756512553851 0.00000000099999999994 0.04478156843487426236 0.00000000099999999994 
0.00000000099999999996 0.00000000099999999996 0.94247655681860076360 0.00000000099999999996 0.05752343918139915524 0.00000000099999999996 
0.46893554040548907080 0.00000000099999999997 0.51455568494971548610 0.00000000099999999997 0.01650877164479542733 0.00000000099999999997 
0.18978100493489874490 0.00000000099999999999 0.76797579325136988704 0.00155921205272116785 0.04068367617823825250 0.00000031258277193417 
0.60215147890540765552 0.00000000099999999996 0.39773455276652264212 0.00000000099999999996 0.00011396532806987899 0.00000000099999999996 
0.53697484748156110168 0.00000000099999999995 0.44941894864813169974 0.00000000099999999995 0.01360620087030719495 0.00000000099999999995 
0.23419794495765131059 0.00000000099999999998 0.72583235135254620118 0.00000000099999999998 0.03996970068980245511 0.00000000099999999998 
0.58047311160319003953 0.00000000099999999993 0.41508815884244049110 0.00000000099999999993 0.00443872655436958370 0.00000000099999999993 
0.54028216949977359018 0.00000000099999999996 0.44570348991193348143 0.00000000099999999996 0.01401433758829300109 0.00000000099999999996 
0.23300143260588293548 0.00000000099999999998 0.71085673106253266518 0.00000000099999999998 0.03826054261609782015 0.01788129171548662882 
0.60080208957258551816 0.00000000099999999998 0.38889694141326536236 0.00000000099999999998 0.01030096601414905166 0.00000000099999999998 
0.00000000100000000000 0.13166429302588530947 0.00425194846348502138 0.00978528423869282071 0.03785724523371165884 0.81644122803822527512 
0.47325512681092374301 0.00000000099999999999 0.48326313884104005192 0.00000000099999999999 0.04348173134803613032 0.00000000099999999999 
0.50702962927240502466 0.00000000099999999996 0.44875516527446401849 0.00000000099999999996 0.04421520245313091679 0.00000000099999999996 
0.49392348236791544513 0.00128920804533467679 0.46800330039517079594 0.00000000099999999999 0.03678400719157899623 0.00000000099999999999 
0.52394425305781955338 0.00000000099999999997 0.44001776583346097205 0.00000000099999999997 0.03603797810871951085 0.00000000099999999997 
0.48900994652280005415 0.00000000099999999998 0.47129523328920192027 0.00000000099999999998 0.03969481718799801329 0.00000000099999999998 
0.52172798318011925911 0.00000000099999999997 0.44314974160037229334 0.00085179197794055543 0.03427048124156784753 0.00000000099999999997 
0.00000000100000000000 0.08097966465381080392 0.00846533867748798692 0.00372911015555393247 0.02613675541408384470 0.88068913009906346634 
0.00000000099999999996 0.00000000099999999996 0.00000000099999999996 0.00000000099999999996 0.03354937130518204080 0.96645062469481790579 
0.00000000100000000000 0.10584707293279196905 0.00295877437010985418 0.00000000100000000000 0.00000009907640392096 0.89119405162069431636 
0.00000000099999999975 0.99999999500000003039 0.00000000099999999975 0.00000000099999999975 0.00000000099999999975 0.00000000099999999975 
0.00000035192475426189 0.00000000099999999996 0.01402283016923021840 0.00000000099999999996 0.00000000099999999996 0.98597681490601563059 
0.00000000099999999984 0.00000000099999999984 0.00000000099999999984 0.00000000099999999984 0.00000000099999999984 0.99999999500000003039 
0.00000000099999999970 0.00000000099999999970 0.00000000099999999970 0.00000000099999999970 0.00000000099999999970 0.99999999499999991937 
0.00000000099999999993 0.01300483019258806897 0.00000000099999999993 0.00000000099999999993 0.00000000099999999993 0.98699516580741186722 
0.00000000099999999992 0.00000000099999999992 0.00000000099999999992 0.00000000099999999992 0.00000000099999999992 0.99999999499999991937 
0.00000000099999999995 0.00000000099999999995 0.00000000099999999995 0.00000000099999999995 0.06128428072544774008 0.93871571527455233142 
0.00000000099999999999 0.15402642379526168548 0.00000000099999999999 0.01090770775755042603 0.00414084435224195985 0.83092502209494589760 
0.00000000099999999997 0.00000000099999999997 0.01945206162313921003 0.00000000099999999997 0.03733785058577065302 0.94321008479109003098 
0.00000000099999999984 0.00000000099999999984 0.00000000099999999984 0.00000000099999999984 0.00000000099999999984 0.99999999500000003039 
0.00000000099999999987 0.00000000099999999987 0.99999999500000003039 0.00000000099999999987 0.00000000099999999987 0.00000000099999999987 
0.00000000099999999991 0.00000000099999999991 0.00000000099999999991 0.00000000099999999991 0.00000000099999999991 0.99999999500000003039 
0.00000000099999999999 0.00302984122944265208 0.00000000099999999999 0.00000000099999999999 0.02703151456996165380 0.96993864120059558598 
0.00000000099999999971 0.00000000099999999971 0.00000000099999999971 0.00000000099999999971 0.00000000099999999971 0.99999999500000003039 
0.00000000099999999992 0.00000000099999999992 0.00000000099999999992 0.00000000099999999992 0.00000000099999999992 0.99999999499999991937 
0.00000000099999999987 0.00000000099999999987 0.00000000099999999987 0.00000000099999999987 0.00000000099999999987 0.99999999499999991937 
0.00000000099999999997 0.00033812043788038199 0.00000000099999999997 0.00000000099999999997 0.00000000099999999997 0.99966187556211971721 
0.00000000099999999991 0.00000000099999999991 0.00000000099999999991 0.00000000099999999991 0.03212383264650166964 0.96787616335349824226 
0.02937173100711151091 0.00000000099999999997 0.97062826499288867854 0.00000000099999999997 0.00000000099999999997 0.00000000099999999997 
0.00000000099999999977 0.00000000099999999977 0.00000000099999999977 0.00000000099999999977 0.00000000099999999977 0.99999999499999991937 
0.00000000099999999980 0.00000000099999999980 0.00000000099999999980 0.00000000099999999980 0.00000000099999999980 0.99999999499999991937 
0.00000000099999999995 0.00000000099999999995 0.00000000099999999995 0.00000000099999999995 0.00575161091965538124 0.99424838508034463214 
0.57799772026661444535 0.00000000099999999992 0.05661358531700797642 0.36538869141637764226 0.00000000099999999992 0.00000000099999999992 
0.75266481817557562284 0.00000000099999999995 0.24733517782442437927 0.00000000099999999995 0.00000000099999999995 0.00000000099999999995 
0.94352095600507568385 0.00000000099999999988 0.05647903999492434601 0.00000000099999999988 0.00000000099999999988 0.00000000099999999988 
0.00000000099999999968 0.00000000099999999968 0.00000000099999999968 0.99999999499999991937 0.00000000099999999968 0.00000000099999999968 
0.00000000099999999962 0.00000000099999999962 0.00000000099999999962 0.99999999499999991937 0.00000000099999999962 0.00000000099999999962 
0.00000000099999999987 0.00000000099999999987 0.00000000099999999987 0.00000000099999999987 0.00000000099999999987 0.99999999499999991937 
0.74515302633933100385 0.00000000099999999996 0.25359159674397918627 0.00000000099999999996 0.00125537391668990275 0.00000000099999999996 
0.64549923890825788853 0.00000000099999999998 0.31002608999964936798 0.03593969068683098428 0.00853497840526182619 0.00000000099999999998 
0.74641874800366092568 0.00000000099999999996 0.24910154046627541735 0.00000000099999999996 0.00447970853006381033 0.00000000099999999996 
0.78030615722691254454 0.00000000099999999992 0.21969383877308762409 0.00000000099999999992 0.00000000099999999992 0.00000000099999999992 
0.94647100611508605539 0.00000000099999999989 0.05352898988491405080 0.00000000099999999989 0.00000000099999999989 0.00000000099999999989 
0.00000000099999999960 0.00000000099999999960 0.00000000099999999960 0.99999999499999991937 0.00000000099999999960 0.00000000099999999960 
0.00000000099999999971 0.00000000099999999971 0.00000000099999999971 0.99999999499999991937 0.00000000099999999971 0.00000000099999999971 
0.74574491714073110060 0.00000000099999999996 0.25425507885926895701 0.00000000099999999996 0.00000000099999999996 0.00000000099999999996 
0.95767441745141113074 0.00000000099999999987 0.04232557854858882973 0.00000000099999999987 0.00000000099999999987 0.00000000099999999987 
0.71002505197055842956 0.00000000099999999996 0.28997494402944157255 0.00000000099999999996 0.00000000099999999996 0.00000000099999999996 
0.66696855365743623612 0.00000000099999999997 0.29736570496175651623 0.03566573838080736719 0.00000000099999999997 0.00000000099999999997 
0.63854283001932621300 0.00000000099999999998 0.32839586159357636586 0.02705000177817996898 0.00601130460891728061 0.00000000099999999998 
0.59458676437346980048 0.00000000099999999995 0.03837080023432512532 0.36704243239220524231 0.00000000099999999995 0.00000000099999999995 
0.63374933171648584196 0.00000000099999999997 0.32139053398037470410 0.04273736925630054057 0.00212276304683897991 0.00000000099999999997 
0.64335266920599065710 0.00000000099999999998 0.31601188393557361200 0.04063544385843586432 0.00000000099999999998 0.00000000099999999998 
0.74723475060726340935 0.00000000099999999996 0.25276524539273659276 0.00000000099999999996 0.00000000099999999996 0.00000000099999999996 
0.00000000099999999989 0.00000000099999999989 0.99999999500000003039 0.00000000099999999989 0.00000000099999999989 0.00000000099999999989 
0.48210099218427132639 0.00000000099999999996 0.13775118829307034241 0.38014781652265816625 0.00000000099999999996 0.00000000099999999996 
0.21751250904292016020 0.00000000099999999999 0.72180166812960400158 0.00000000099999999999 0.04770701370715547257 0.01297880712032031640 
0.00000000099999999990 0.00000000099999999990 0.99999999500000003039 0.00000000099999999990 0.00000000099999999990 0.00000000099999999990 
0.40442254022004309189 0.00000000099999999996 0.02660023101725410288 0.56897722576270282069 0.00000000099999999996 0.00000000099999999996 
0.53596200093251533669 0.00000000099999999995 0.13256773134223232002 0.33147026472525253915 0.00000000099999999995 0.00000000099999999995 
0.52601641487949291065 0.00000000099999999996 0.14194844747323617784 0.33203513464727107962 0.00000000099999999996 0.00000000099999999996 
0.00005708785897798079 0.00000000099999999996 0.99788842155943180412 0.00000000099999999996 0.00205448758159011962 0.00000000099999999996 
0.53793058653345338094 0.00000000099999999997 0.45307677088944409149 0.00000000099999999997 0.00899263957710244241 0.00000000099999999997 
0.05161443395317561605 0.00000000099999999994 0.94838556204682433748 0.00000000099999999994 0.00000000099999999994 0.00000000099999999994 
0.00000000099999999977 0.00000000099999999977 0.00000000099999999977 0.99999999500000003039 0.00000000099999999977 0.00000000099999999977 
0.37310973076347009325 0.00000000099999999995 0.00124089620505885771 0.62564937003147091943 0.00000000099999999995 0.00000000099999999995 
0.20341750391212584659 0.00000000099999999999 0.73597454469267742372 0.01550033421389986066 0.04018155252492593837 0.00492606365637101706 
0.46611512904556046122 0.00000000099999999998 0.13013748766940896884 0.40374738028503054377 0.00000000099999999998 0.00000000099999999998 
0.49326162235193660166 0.00000000099999999994 0.10753899639107822317 0.39919937825698503797 0.00000000099999999994 0.00000000099999999994 
0.93890921395923643278 0.00000000099999999993 0.06109078204076376362 0.00000000099999999993 0.00000000099999999993 0.00000000099999999993 
0.00000000099999999987 0.00000000099999999987 0.00000000099999999987 0.99999999500000003039 0.00000000099999999987 0.00000000099999999987 
0.00000000099999999976 0.00000000099999999976 0.00000000099999999976 0.99999999500000003039 0.00000000099999999976 0.00000000099999999976 
0.00000000099999999980 0.00000000099999999980 0.00000000099999999980 0.99999999499999991937 0.00000000099999999980 0.00000000099999999980 
0.44803371680350878581 0.00000000099999999995 0.10139753989841000792 0.45056874029808124948 0.00000000099999999995 0.00000000099999999995 
0.42383498295203075878 0.00000000099999999997 0.14698286664479304209 0.42918214740317628397 0.00000000099999999997 0.00000000099999999997 
0.77329849611859724501 0.00000000099999999997 0.22670149988140284036 0.00000000099999999997 0.00000000099999999997 0.00000000099999999997 
0.50423356296804788812 0.00000000099999999995 0.12431878394612111416 0.37144765008583113808 0.00000000099999999995 0.00000000099999999995 
0.49070028094252071682 0.00000000099999999996 0.15618451762895560475 0.35311519842852362450 0.00000000099999999996 0.00000000099999999996 
0.00000000099999999994 0.00000000099999999994 0.99999999500000003039 0.00000000099999999994 0.00000000099999999994 0.00000000099999999994 
0.91317308852544742948 0.00000000099999999990 0.08682690747455251712 0.00000000099999999990 0.00000000099999999990 0.00000000099999999990 
0.55269994083292295350 0.00000000099999999997 0.43918075518287874592 0.00000000099999999997 0.00811930098419827960 0.00000000099999999997 
0.00000000099999999992 0.00000000099999999992 0.99999999499999991937 0.00000000099999999992 0.00000000099999999992 0.00000000099999999992 
0.00000000099999999979 0.00000000099999999979 0.00000000099999999979 0.99999999499999991937 0.00000000099999999979 0.00000000099999999979 
0.54206373299295695922 0.00000000099999999994 0.05546492160635652091 0.40247134240068654920 0.00000000099999999994 0.00000000099999999994 
0.53243377105626044088 0.00000000099999999997 0.19419432457891994126 0.27337190136481975822 0.00000000099999999997 0.00000000099999999997 
0.54299501810888517461 0.00000000099999999997 0.45040069501566137866 0.00000000099999999997 0.00660428387545344744 0.00000000099999999997 
0.47032150677624606772 0.00000000099999999998 0.51144287416350231457 0.00000000099999999998 0.01823561606025173032 0.00000000099999999998 
0.00000000099999999986 0.00000000099999999986 0.00000000099999999986 0.99999999499999991937 0.00000000099999999986 0.00000000099999999986 
0.40873491288955454692 0.00000000099999999995 0.05285316709166870686 0.53841191701877666453 0.00000000099999999995 0.00000000099999999995 
0.00000002115847315607 0.01173919930876224024 0.13362037868888235193 0.00000009119669011133 0.38049847357219335198 0.47414183607499871265 
0.00000000099999999968 0.00000000099999999968 0.00000000099999999968 0.00000000099999999968 0.99999999500000003039 0.00000000099999999968 
0.00000000099999999976 0.00000000099999999976 0.00000000099999999976 0.00000000099999999976 0.99999999499999991937 0.00000000099999999976 
0.00000000100000000000 0.01877407831687220863 0.13334555695505959094 0.00000707239625728761 0.37319908395026746284 0.47467420738154342263 
0.00000000099999999970 0.00000000099999999970 0.00000000099999999970 0.00000000099999999970 0.99999999500000003039 0.00000000099999999970 
0.00000000099999999966 0.00000000099999999966 0.00000000099999999966 0.00000000099999999966 0.99999999500000003039 0.00000000099999999966 
0.00000000099999999962 0.00000000099999999962 0.00000000099999999962 0.00000000099999999962 0.99999999500000003039 0.00000000099999999962 
0.00000175415011627980 0.00534077888707103383 0.14888653563863879503 0.00000007253754723740 0.37615872122676879963 0.46961213755985786733 
0.00000000099999999970 0.00000000099999999970 0.00000000099999999970 0.00000000099999999970 0.99999999499999991937 0.00000000099999999970 
0.00000000099999999999 0.01008429260814048579 0.12387878202552067564 0.00000000099999999999 0.36825051519341533979 0.49778640817292346687 
0.00000000099999999961 0.00000000099999999961 0.00000000099999999961 0.00000000099999999961 0.99999999500000003039 0.00000000099999999961 
0.00000000099999999999 0.11811604850380751086 0.00000000099999999999 0.00000000099999999999 0.01502724208757016955 0.86685670640862233505 
0.00000000099999999996 0.00000000099999999996 0.00237043122179486079 0.00000000099999999996 0.00000000099999999996 0.99762956477820508017 
0.00000000100000000000 0.14299209349470332064 0.00000000100000000000 0.00680637913832850012 0.01913761476878399898 0.83106391059818407463 
0.53211618096582080639 0.00000000099999999994 0.06221319014340078585 0.40567062589077856893 0.00000000099999999994 0.00000000099999999994 
0.00000000099999999990 0.00000000099999999990 0.00000000099999999990 0.00000000099999999990 0.00000000099999999990 0.99999999500000003039 
0.00000000099999999997 0.00000000099999999997 0.00000000099999999997 0.00000000099999999997 0.04110999098134736351 0.95889000501865262471 
0.55126825198074791423 0.00000000099999999994 0.02493330731574245479 0.42379843770350983378 0.00000000099999999994 0.00000000099999999994 
0.00000000099999999966 0.99999999500000014141 0.00000000099999999966 0.00000000099999999966 0.00000000099999999966 0.00000000099999999966 
0.00000000099999999998 0.00000000099999999998 0.00000000741984150369 0.00000000099999999998 0.03297425844520413679 0.96702573113495426949 
0.48264861758251137447 0.00000000099999999996 0.51005684013905205898 0.00000000099999999996 0.00729453927843651956 0.00000000099999999996 
0.53897350164154722574 0.00000000099999999994 0.08020223529762959824 0.38082426006082326086 0.00000000099999999994 0.00000000099999999994 
0.51187702954777170028 0.00000000099999999996 0.47772942574414478667 0.00000000099999999996 0.01039354170808371759 0.00000000099999999996 
0.57419059406029260284 0.00000000099999999992 0.03757632750627699914 0.38823307543343033021 0.00000000099999999992 0.00000000099999999992 
0.45574699348639224894 0.00000000099999999998 0.52549763761699741504 0.00000000099999999998 0.01875536589661038270 0.00000000099999999998 
0.00000000099999999995 0.00000000099999999995 0.00000000099999999995 0.00000000099999999995 0.03229962092968027138 0.96770037507031980706 
0.00000000099999999989 0.00000000099999999989 0.00000000099999999989 0.00000000099999999989 0.00000000099999999989 0.99999999499999991937 
0.54720780442841077118 0.00000000099999999997 0.43802718031304510582 0.01002420836780719589 0.00474080489073680760 0.00000000099999999997 
0.48017971351977134509 0.00000000099999999995 0.50960161627864708489 0.00000000099999999995 0.01021866720158147099 0.00000000099999999995 
0.00000000099999999979 0.99999999500000014141 0.00000000099999999979 0.00000000099999999979 0.00000000099999999979 0.00000000099999999979 
0.60654996252352533226 0.00000000099999999992 0.05965308350421313216 0.33379695097226153022 0.00000000099999999992 0.00000000099999999992 
0.00000000099999999968 0.00000000099999999968 0.00000000099999999968 0.00000000099999999968 0.99999999500000003039 0.00000000099999999968 
0.00000000099999999996 0.00000000099999999996 0.94329616703223684304 0.00000000099999999996 0.05670382896776311049 0.00000000099999999996 
0.00000000099999999964 0.00000000099999999964 0.00000000099999999964 0.00000000099999999964 0.99999999500000003039 0.00000000099999999964 
0.00000000099999999967 0.00000000099999999967 0.00000000099999999967 0.00000000099999999967 0.99999999499999991937 0.00000000099999999967 
0.00000000099999999999 0.00000000099999999999 0.94524417659016801707 0.00000000099999999999 0.05475581940983208912 0.00000000099999999999 
0.00000000099999999984 0.00000000099999999984 0.00000000099999999984 0.00000000099999999984 0.99999999500000003039 0.00000000099999999984 
0.00000000099999999997 0.00000000099999999997 0.94774480726116938634 0.00000000099999999997 0.05225518873883049087 0.00000000099999999997 
0.00000000099999999985 0.00000000099999999985 0.00000000099999999985 0.00000000099999999985 0.99999999499999991937 0.00000000099999999985 
0.00002494236018038663 0.00000000099999999999 0.94882695844334774549 0.00000000099999999999 0.05114809104481764929 0.00000000615165411081 
0.00000000099999999987 0.00000000099999999987 0.00000000099999999987 0.00000000099999999987 0.00000000099999999987 0.99999999499999991937 
0.96093354318158630267 0.00000000099999999992 0.00000000099999999992 0.03906645281841374107 0.00000000099999999992 0.00000000099999999992 
0.00000000099999999997 0.00455905285864092926 0.00000000099999999997 0.00000000099999999997 0.04876174327495433336 0.94667920086640477972 
0.00000000099999999985 0.00000000099999999985 0.00000000099999999985 0.00000000099999999985 0.00000000099999999985 0.99999999499999991937 
0.00000000099999999993 0.00000000099999999993 0.00000000099999999993 0.00000000099999999993 0.00484466653680212626 0.99515532946319795737 
0.00000000099999999997 0.00000000099999999997 0.00000000099999999997 0.00000000099999999997 0.03859589298808324687 0.96140410301191669973 
0.00000000099999999987 0.00000000099999999987 0.99999999500000003039 0.00000000099999999987 0.00000000099999999987 0.00000000099999999987 
0.00000000099999999998 0.00000000099999999998 0.00807817916834712227 0.00000000099999999998 0.05961745825879292970 0.93230435957285984205 
0.00000000099999999992 0.00000000099999999992 0.99999999499999991937 0.00000000099999999992 0.00000000099999999992 0.00000000099999999992 
0.00000000099999999976 0.00000000099999999976 0.00000000099999999976 0.00000000099999999976 0.00000000099999999976 0.99999999499999991937 
0.00000000099999999990 0.00000000099999999990 0.00000000099999999990 0.00000000099999999990 0.00000000099999999990 0.99999999499999991937 
0.00000000099999999975 0.00000000099999999975 0.00000000099999999975 0.00000000099999999975 0.00000000099999999975 0.99999999499999991937 
0.00576317383072388542 0.00000000099999999987 0.99423682216927600219 0.00000000099999999987 0.00000000099999999987 0.00000000099999999987 
0.00000000099999999987 0.00000000099999999987 0.00000000099999999987 0.00000000099999999987 0.00000000099999999987 0.99999999499999991937 
0.00000000099999999997 0.00000000099999999997 0.00000000099999999997 0.00000000099999999997 0.03304754030323852482 0.96695245569676147035 
0.00000000099999999990 0.00000000099999999990 0.00000000099999999990 0.00000000099999999990 0.00000000099999999990 0.99999999499999991937 
0.00000000099999999992 0.00000000099999999992 0.00000000099999999992 0.00000000099999999992 0.00000000099999999992 0.99999999500000003039 
0.00000000099999999980 0.99999999500000014141 0.00000000099999999980 0.00000000099999999980 0.00000000099999999980 0.00000000099999999980 
0.00000000099999999990 0.00000000099999999990 0.00000000099999999990 0.00000000099999999990 0.00000000099999999990 0.99999999499999991937 
0.00000000099999999991 0.00000000099999999991 0.00000000099999999991 0.00000000099999999991 0.00000000099999999991 0.99999999500000003039 
0.00000000099999999981 0.99999999500000014141 0.00000000099999999981 0.00000000099999999981 0.00000000099999999981 0.00000000099999999981 
0.00000000099999999994 0.00000000099999999994 0.00000000099999999994 0.00000000099999999994 0.00000000099999999994 0.99999999500000003039 
0.00000000099999999987 0.00000000099999999987 0.99999999499999991937 0.00000000099999999987 0.00000000099999999987 0.00000000099999999987 
0.00000000099999999994 0.00000000099999999994 0.99999999500000003039 0.00000000099999999994 0.00000000099999999994 0.00000000099999999994 
0.00000000099999999990 0.00000000099999999990 0.99999999499999991937 0.00000000099999999990 0.00000000099999999990 0.00000000099999999990 
0.00000000099999999989 0.00000000099999999989 0.99999999499999991937 0.00000000099999999989 0.00000000099999999989 0.00000000099999999989 
0.00000058648650527630 0.00000000099999999992 0.99999940951349475249 0.00000000099999999992 0.00000000099999999992 0.00000000099999999992 
0.00000000099999999990 0.00000000099999999990 0.99999999499999991937 0.00000000099999999990 0.00000000099999999990 0.00000000099999999990 
0.00000000099999999990 0.00000000099999999990 0.99999999499999991937 0.00000000099999999990 0.00000000099999999990 0.00000000099999999990 
0.00000000099999999987 0.00000000099999999987 0.99999999500000003039 0.00000000099999999987 0.00000000099999999987 0.00000000099999999987 
0.00000000099999999987 0.00000000099999999987 0.00000000099999999987 0.00000000099999999987 0.00000000099999999987 0.99999999500000003039 
0.00000000099999999999 0.15310986179046118250 0.00000000099999999999 0.00000005755241051956 0.01244246272063909316 0.83444761593648919540 
0.00000000099999999997 0.00000000099999999997 0.00000000099999999997 0.00000000099999999997 0.00000000099999999997 0.99999999499999991937 
0.90546415231291654813 0.00000000099999999994 0.09453584368708349561 0.00000000099999999994 0.00000000099999999994 0.00000000099999999994 
0.96480704358683033739 0.00000000099999999991 0.00000000099999999991 0.03519295241316975492 0.00000000099999999991 0.00000000099999999991 
0.00000000099999999994 0.00000000099999999994 0.00000000099999999994 0.00000000099999999994 0.03358042655494603707 0.96641956944505391647 
0.92725524547435134171 0.00000000099999999994 0.07274475052564870203 0.00000000099999999994 0.00000000099999999994 0.00000000099999999994 
0.00079260562135994716 0.01523548976391652168 0.02663191399418037356 0.00000000099999999999 0.06016994952414326386 0.89717004009640000106 
0.86957192165666286066 0.00000000099999999989 0.13042807434333705818 0.00000000099999999989 0.00000000099999999989 0.00000000099999999989 
0.00000000099999999990 0.00000000099999999990 0.99999999500000003039 0.00000000099999999990 0.00000000099999999990 0.00000000099999999990 
0.94091965801798149727 0.00000000099999999991 0.05908033798201860198 0.00000000099999999991 0.00000000099999999991 0.00000000099999999991 
0.91617670901626335755 0.00000000099999999994 0.08382328698373671394 0.00000000099999999994 0.00000000099999999994 0.00000000099999999994 
0.95478065815962598339 0.00000000099999999989 0.04521933784037417831 0.00000000099999999989 0.00000000099999999989 0.00000000099999999989 
0.94787672084421226160 0.00000000099999999995 0.00000000099999999995 0.05212327515578776133 0.00000000099999999995 0.00000000099999999995 
0.92795638060673968361 0.00000000099999999988 0.07204361539326048502 0.00000000099999999988 0.00000000099999999988 0.00000000099999999988 
0.91107944368544435676 0.00000000099999999992 0.08892055231455572861 0.00000000099999999992 0.00000000099999999992 0.00000000099999999992 
0.00000000099999999986 0.00000000099999999986 0.99999999499999991937 0.00000000099999999986 0.00000000099999999986 0.00000000099999999986 
0.00000000099999999997 0.00106545780999533417 0.00000000099999999997 0.00000000099999999997 0.03071945457146220068 0.96821508461854233207 
0.00000000099999999997 0.00000000099999999997 0.00000002019814488713 0.00000000099999999997 0.03127014753183305490 0.96872982927002204701 
0.00000000099999999999 0.14512374661318178104 0.00000000099999999999 0.00334960787786450082 0.00764431717148852333 0.84388232633746518285 
0.96723800476832655360 0.00000000099999999993 0.00000000099999999993 0.03276199123167346933 0.00000000099999999993 0.00000000099999999993 
0.95270312085526076551 0.00000000099999999988 0.04729687514473934762 0.00000000099999999988 0.00000000099999999988 0.00000000099999999988 
0.00000000099999999989 0.00000000099999999989 0.99999999500000003039 0.00000000099999999989 0.00000000099999999989 0.00000000099999999989 
0.96613273475195737827 0.00000000099999999995 0.00000000099999999995 0.03386726124804273486 0.00000000099999999995 0.00000000099999999995 
0.92700072267067867848 0.00000000099999999991 0.07299927332932122648 0.00000000099999999991 0.00000000099999999991 0.00000000099999999991 
0.96242010247129339273 0.00000000099999999992 0.00000000099999999992 0.03757989352870672733 0.00000000099999999992 0.00000000099999999992 
0.95678725396532748881 0.00000000099999999995 0.00000000099999999995 0.04321274203467258268 0.00000000099999999995 0.00000000099999999995 
0.95796983641577071467 0.00000000099999999994 0.00000000099999999994 0.04203015958422920417 0.00000000099999999994 0.00000000099999999994 
0.00000000099999999994 0.00000000099999999994 0.00000000099999999994 0.00000000099999999994 0.02815149154792958783 0.97184850445207049408 
0.66551054899068939896 0.00931223292785863382 0.31527725608568341054 0.00000000099999999999 0.00989995999576855773 0.00000000099999999999 
0.00000000099999999992 0.00000000099999999992 0.99999999500000003039 0.00000000099999999992 0.00000000099999999992 0.00000000099999999992 
0.96486324972561132718 0.00000000099999999996 0.00000000099999999996 0.03513674627438880677 0.00000000099999999996 0.00000000099999999996 
0.94536205335151812790 0.00000000099999999991 0.05463794264848197135 0.00000000099999999991 0.00000000099999999991 0.00000000099999999991 
0.00192462089336746934 0.00500383367897161164 0.00000000099999999999 0.00000000099999999999 0.00867629394343202159 0.98439524948422885142 
0.00000297565665304114 0.00000000099999999993 0.99999702034334703171 0.00000000099999999993 0.00000000099999999993 0.00000000099999999993 
0.54567337849144237349 0.00000000099999999994 0.43767497449224757045 0.00000000099999999994 0.01665164401631014091 0.00000000099999999994 
0.56829673289775872735 0.00000000099999999997 0.42867719418384009344 0.00000000099999999997 0.00302606991840124843 0.00000000099999999997 
0.57914352552446390909 0.00000000099999999998 0.40177032446369531637 0.00742541576747699460 0.01166073224436389895 0.00000000099999999998 
0.52964314934944456414 0.00000000099999999996 0.46075538143646804778 0.00000000099999999996 0.00960146621408732893 0.00000000099999999996 
0.54988469430741604427 0.00000000099999999994 0.44524597243799368673 0.00000000099999999994 0.00486933025459032869 0.00000000099999999994 
0.54712911273060738093 0.00000000099999999996 0.45012512113776914635 0.00000000099999999996 0.00274576313162359096 0.00000000099999999996 
0.53870082818453723927 0.00000000099999999998 0.45309969413134526528 0.00133319463332351017 0.00686628105079387877 0.00000000099999999998 
0.57820110630895327208 0.00000000099999999994 0.40847313470008089764 0.00000000099999999994 0.01332575599096572951 0.00000000099999999994 
0.50879376238170515023 0.00000000099999999998 0.48668475952410028551 0.00000282080489482521 0.00451865528929958245 0.00000000099999999998 
0.57069861029945923026 0.00000000099999999995 0.42049129047208305687 0.00000000099999999995 0.00881009622845776129 0.00000000099999999995 
0.00000000099999999986 0.00000000099999999986 0.00000000099999999986 0.00000000099999999986 0.00000000099999999986 0.99999999500000003039 
0.00000000099999999997 0.00489477439566047591 0.00000000099999999997 0.00000000099999999997 0.00000000099999999997 0.99510522160433956262 
0.00000000099999999990 0.00000000099999999990 0.00000000099999999990 0.00000000099999999990 0.00000000099999999990 0.99999999499999991937 
0.00000000099999999987 0.00000000099999999987 0.00000000099999999987 0.00000000099999999987 0.00000000099999999987 0.99999999499999991937 
0.00000000099999999994 0.00000000099999999994 0.00000000099999999994 0.00000000099999999994 0.00000000099999999994 0.99999999500000003039 
0.00000000099999999988 0.00000000099999999988 0.00000000099999999988 0.00000000099999999988 0.00000000099999999988 0.99999999500000003039 
0.00000000099999999984 0.00000000099999999984 0.00000000099999999984 0.00000000099999999984 0.00000000099999999984 0.99999999500000003039 
0.00000000099999999990 0.00000000099999999990 0.00000000099999999990 0.00000000099999999990 0.00000000099999999990 0.99999999499999991937 
0.00000000099999999994 0.00000000099999999994 0.00000000099999999994 0.00000000099999999994 0.00000000099999999994 0.99999999500000003039 
0.00000000099999999985 0.00000000099999999985 0.00000000099999999985 0.00000000099999999985 0.00000000099999999985 0.99999999500000003039 
0.00000000099999999979 0.00000000099999999979 0.00000000099999999979 0.00000000099999999979 0.99999999500000003039 0.00000000099999999979 
0.00000000099999999973 0.00000000099999999973 0.00000000099999999973 0.00000000099999999973 0.99999999500000003039 0.00000000099999999973 
0.00000000099999999979 0.00000000099999999979 0.00000000099999999979 0.00000000099999999979 0.99999999499999991937 0.00000000099999999979 
0.00000000099999999975 0.00000000099999999975 0.00000000099999999975 0.00000000099999999975 0.99999999499999991937 0.00000000099999999975 
0.00000000099999999978 0.00000000099999999978 0.00000000099999999978 0.00000000099999999978 0.99999999499999991937 0.00000000099999999978 
0.00000000099999999985 0.00000000099999999985 0.00000000099999999985 0.00000000099999999985 0.99999999500000003039 0.00000000099999999985 
0.00000000099999999982 0.00000000099999999982 0.00000000099999999982 0.00000000099999999982 0.99999999499999991937 0.00000000099999999982 
0.00000000099999999968 0.00000000099999999968 0.00000000099999999968 0.00000000099999999968 0.99999999500000003039 0.00000000099999999968 
0.00000000099999999967 0.00000000099999999967 0.00000000099999999967 0.00000000099999999967 0.99999999499999991937 0.00000000099999999967 
0.00000000099999999973 0.00000000099999999973 0.00000000099999999973 0.00000000099999999973 0.99999999499999991937 0.00000000099999999973 
0.00000000099999999976 0.00000000099999999976 0.00000000099999999976 0.00000000099999999976 0.99999999499999991937 0.00000000099999999976 
0.00000000099999999961 0.00000000099999999961 0.00000000099999999961 0.00000000099999999961 0.99999999499999991937 0.00000000099999999961 
0.00000000099999999976 0.00000000099999999976 0.00000000099999999976 0.00000000099999999976 0.99999999500000003039 0.00000000099999999976 
0.00000000099999999966 0.00000000099999999966 0.00000000099999999966 0.00000000099999999966 0.99999999499999991937 0.00000000099999999966 
0.00000000099999999964 0.00000000099999999964 0.00000000099999999964 0.00000000099999999964 0.99999999500000003039 0.00000000099999999964 
