0.91961667031439131570 0.08038332335266758222 0.00000000233294114285 0.00000000099999999998 0.00000000099999999998 0.00000000099999999998 0.00000000099999999998 
0.86111827287503728279 0.13686071440864483462 0.00202100871631783786 0.00000000099999999997 0.00000000099999999997 0.00000000099999999997 0.00000000099999999997 
0.00000000099999999994 0.00000000099999999994 0.00000000099999999994 0.76481873707835457132 0.00000000099999999994 0.00000000099999999994 0.23518125792164554233 
0.91595461343298589796 0.08226347924129319422 0.00000000099999999996 0.00000000099999999996 0.00000000099999999996 0.00178190332572095850 0.00000000099999999996 
0.94592185623367486258 0.02239627313665870298 0.00974980926202885338 0.00000000099999999996 0.00000000099999999996 0.02193205836763772662 0.00000000099999999996 
0.96156074096920729488 0.00154037020062305127 0.01172523240031995290 0.00000000099999999997 0.00000000099999999997 0.02517365342984983698 0.00000000099999999997 
0.00000000099999999972 0.00000000099999999972 0.00000000099999999972 0.00000000099999999972 0.00000000099999999972 0.00000000099999999972 0.99999999399999994765 
0.87801369225287861919 0.12198630274712152222 0.00000000099999999990 0.00000000099999999990 0.00000000099999999990 0.00000000099999999990 0.00000000099999999990 
0.00000000099999999955 0.00000000099999999955 0.00000000099999999955 0.00000000099999999955 0.00000000099999999955 0.00000000099999999955 0.99999999400000005867 
0.80558828189749664972 0.19441171310250335291 0.00000000099999999992 0.00000000099999999992 0.00000000099999999992 0.00000000099999999992 0.00000000099999999992 
0.87533437085678789114 0.12466562414321229191 0.00000000099999999990 0.00000000099999999990 0.00000000099999999990 0.00000000099999999990 0.00000000099999999990 
0.94542918983402612909 0.01183949519837877197 0.04273104881464483140 0.00000000099999999996 0.00000000099999999996 0.00000026315295026338 0.00000000099999999996 
0.99098942848996496302 0.00003403843605095274 0.00131855880787889903 0.00000000099999999997 0.00000000099999999997 0.00765797126610518169 0.00000000099999999997 
0.97004072191187851182 0.00125358386098841854 0.00000000099999999996 0.00000000099999999996 0.00000000099999999996 0.02870569022713309604 0.00000000099999999996 
0.00000000099999999996 0.00000000099999999996 0.01154547479187266121 0.77496834566765349095 0.00000000099999999996 0.00000000099999999996 0.21348617554047380485 
0.91014233267225719270 0.08985766232774279605 0.00000000099999999992 0.00000000099999999992 0.00000000099999999992 0.00000000099999999992 0.00000000099999999992 
0.82555753664017306193 0.16980693333318591653 0.00463552602664105921 0.00000000099999999990 0.00000000099999999990 0.00000000099999999990 0.00000000099999999990 
0.67672188584042680670 0.07725937486941759913 0.24601873529015572117 0.00000000099999999991 0.00000000099999999991 0.00000000099999999991 0.00000000099999999991 
0.89959247939205189137 0.10040679273421962425 0.00000072387372861654 0.00000000099999999993 0.00000000099999999993 0.00000000099999999993 0.00000000099999999993 
0.00000000099999999948 0.00000000099999999948 0.99999999400000005867 0.00000000099999999948 0.00000000099999999948 0.00000000099999999948 0.00000000099999999948 
0.00000000099999999969 0.00000000099999999969 0.00000000099999999969 0.00000000099999999969 0.00000000099999999969 0.00000000099999999969 0.99999999399999994765 
0.00000000099999999946 0.00000000099999999946 0.99999999399999994765 0.00000000099999999946 0.00000000099999999946 0.00000000099999999946 0.00000000099999999946 
0.97581368857076755674 0.00005775560361341521 0.00287668298195249477 0.00000000099999999999 0.00187328688476119058 0.01937858395890552227 0.00000000099999999999 
0.00000000099999999963 0.00000000099999999963 0.00000000099999999963 0.00000000099999999963 0.00000000099999999963 0.00000000099999999963 0.99999999399999994765 
0.00000000099999999966 0.99999999400000016969 0.00000000099999999966 0.00000000099999999966 0.00000000099999999966 0.00000000099999999966 0.00000000099999999966 
0.85968095988292114740 0.13648913697293926783 0.00382989914413963588 0.00000000099999999991 0.00000000099999999991 0.00000000099999999991 0.00000000099999999991 
0.85817348673911997281 0.10225043354471256840 0.01139685913380704407 0.00000000099999999995 0.00000000099999999995 0.02817921758236046140 0.00000000099999999995 
0.74817207511453198698 0.25182791988546809892 0.00000000099999999986 0.00000000099999999986 0.00000000099999999986 0.00000000099999999986 0.00000000099999999986 
0.00000000099999999994 0.00000000099999999994 0.00000000099999999994 0.00000000099999999994 0.96686884336298273279 0.00000000099999999994 0.03313115163701729066 
0.00000000099999999977 0.00000000099999999977 0.00000000099999999977 0.00000000099999999977 0.00000000099999999977 0.00000000099999999977 0.99999999399999994765 
0.96905742033481834241 0.01108050464120328114 0.00668249231404119230 0.00489886474955749610 0.00651821823276190707 0.00176249872761776111 0.00000000100000000000 
0.70234884616564896564 0.16404766895530684123 0.00925958539620158269 0.00000000099999999997 0.00000000099999999997 0.00000000099999999997 0.12434389648284277508 
0.75117898243785097279 0.20939287956494251342 0.01452425699045457874 0.01922760571328044343 0.00508003915094158102 0.00000000100000000000 0.00059623514252978753 
0.73043439854317060433 0.15786213939092405556 0.00872614918929159704 0.00000000099999999994 0.00000000099999999994 0.10297730987661374291 0.00000000099999999994 
0.06550013460571721402 0.00000000099999999990 0.00000000099999999990 0.00000000099999999990 0.00000000099999999990 0.00000000099999999990 0.93449986039428267759 
0.85306458988747291272 0.14693540511252708991 0.00000000099999999991 0.00000000099999999991 0.00000000099999999991 0.00000000099999999991 0.00000000099999999991 
0.93685977667816378034 0.01594326710729246713 0.02291325133999405281 0.00000000099999999998 0.00000000099999999998 0.01476022125535851777 0.00952348161919120903 
0.00000000099999999961 0.99999999400000005867 0.00000000099999999961 0.00000000099999999961 0.00000000099999999961 0.00000000099999999961 0.00000000099999999961 
0.88308114875719434522 0.11691884624280562965 0.00000000099999999993 0.00000000099999999993 0.00000000099999999993 0.00000000099999999993 0.00000000099999999993 
0.65653647305339923879 0.09483486196818655123 0.00000000099999999998 0.00000000099999999998 0.00000000099999999998 0.00000000657905644313 0.24862865539935796733 
0.70451720973374265533 0.14610010655134927915 0.01121125850021958623 0.00000000099999999993 0.00000000099999999993 0.00000000099999999993 0.13817142221468875496 
0.79409078992862214275 0.10536974930185204202 0.00000000099999999998 0.00000000099999999998 0.09552517071643572277 0.00501428705309009837 0.00000000099999999998 
0.00000000099999999989 0.00000000099999999989 0.00000000099999999989 0.00000000099999999989 0.99999999400000005867 0.00000000099999999989 0.00000000099999999989 
0.83576237481132686913 0.13238017181986755366 0.01126310464884369526 0.02011884664625645039 0.00000000099999999999 0.00000000099999999999 0.00047550007370526933 
0.89101340832067310593 0.07253673375084740416 0.00453579665196534448 0.00000000099999999996 0.00000000099999999996 0.03191405827651404986 0.00000000099999999996 
0.93904676845287793352 0.04298955489940796404 0.00251183409097525305 0.00000000099999999996 0.00000000099999999996 0.01545183955673882538 0.00000000099999999996 
0.00000000099999999996 0.00000000099999999996 0.00000000099999999996 0.00000000099999999996 0.99999999399999994765 0.00000000099999999996 0.00000000099999999996 
0.00000000099999999995 0.00000000099999999995 0.00000000099999999995 0.00000000099999999995 0.94961993467440042327 0.05038006032559966957 0.00000000099999999995 
0.00000000099999999996 0.00000000099999999996 0.00000000099999999996 0.00000000099999999996 0.93554931501294213980 0.06445067998705787671 0.00000000099999999996 
0.00000000099999999996 0.00000000099999999996 0.00000000099999999996 0.33781509952014870946 0.64843574589412467102 0.01374915058572655051 0.00000000099999999996 
0.00272842119951216284 0.00000000099999999998 0.00000000099999999998 0.13151964520880768394 0.82464064287722405044 0.04111128771445602542 0.00000000099999999998 
0.00000000099999999994 0.00000000099999999994 0.00000000099999999994 0.40373550975553978981 0.59626448524446018506 0.00000000099999999994 0.00000000099999999994 
0.00000000099999999992 0.00000000099999999992 0.00000000099999999992 0.34706430553502543024 0.64375471775395742835 0.00918097271101715046 0.00000000099999999992 
0.00000000099999999997 0.00312413081276384594 0.00000000099999999997 0.14766001167087050572 0.80901282355363091092 0.04020303096273489946 0.00000000099999999997 
0.00000000099999999991 0.00000000099999999991 0.00000000099999999991 0.37624016308689123278 0.62249783467128383396 0.00126199824182487053 0.00000000099999999991 
0.00000000099999999994 0.00000000099999999994 0.00000000099999999994 0.36746828724041430414 0.62690044440631809142 0.00563126435326754497 0.00000000099999999994 
0.01429186014222799846 0.00000150338208401025 0.00449761554176932379 0.15170424908114324425 0.79216623943321695656 0.03733853141955831290 0.00000000099999999999 
0.00000000099999999996 0.00000000099999999996 0.00000000099999999996 0.42742008141752224626 0.57092554054259392338 0.00165437403988373771 0.00000000099999999996 
0.00000000099999999972 0.00000000099999999972 0.99999999399999994765 0.00000000099999999972 0.00000000099999999972 0.00000000099999999972 0.00000000099999999972 
0.00000000099999999997 0.00000000099999999997 0.00000000099999999997 0.31314348325750329671 0.64950804121651828371 0.03734847152597833148 0.00000000099999999997 
0.00000000099999999992 0.00000000099999999992 0.00000000099999999992 0.33401705702981931978 0.63022178479567136922 0.03576115417450929229 0.00000000099999999992 
0.00000000099999999997 0.00000000099999999997 0.00000897102295147502 0.32696967930770121091 0.64236964123441020469 0.03065170543493699398 0.00000000099999999997 
0.00000000099999999994 0.00000000099999999994 0.00000000099999999994 0.35296295855312104228 0.62037354260830246400 0.02666349483857655828 0.00000000099999999994 
0.00000000099999999998 0.00000000099999999998 0.00000000099999999998 0.32091996485145257711 0.64573926741194398460 0.03334076373660347509 0.00000000099999999998 
0.00000000099999999994 0.00000000099999999994 0.00000000099999999994 0.36430018402709946068 0.61155054746867720805 0.02414926450422334031 0.00000000099999999994 
0.89797049200341250152 0.00000000344105731328 0.00577627648714133021 0.00000000100000000000 0.00186398547520553190 0.01584035836312778014 0.07854888323005546069 
0.94460557464636851766 0.03646824907579080538 0.00237581048196193337 0.00000000099999999996 0.00000000099999999996 0.01655036279587875775 0.00000000099999999996 
0.22340004869654628283 0.00000000099999999986 0.77659994630345385858 0.00000000099999999986 0.00000000099999999986 0.00000000099999999986 0.00000000099999999986 
0.00000000099999999970 0.00000000099999999970 0.00000000099999999970 0.00000000099999999970 0.00000000099999999970 0.00000000099999999970 0.99999999399999994765 
0.00000000099999999986 0.99999999400000016969 0.00000000099999999986 0.00000000099999999986 0.00000000099999999986 0.00000000099999999986 0.00000000099999999986 
0.63999602211261452656 0.36000397288738550383 0.00000000099999999988 0.00000000099999999988 0.00000000099999999988 0.00000000099999999988 0.00000000099999999988 
0.00000000099999999955 0.99999999400000016969 0.00000000099999999955 0.00000000099999999955 0.00000000099999999955 0.00000000099999999955 0.00000000099999999955 
0.86730897824758756975 0.12063430730608686037 0.00000000099999999994 0.00000000099999999994 0.00000000099999999994 0.00000000099999999994 0.01205671044632566045 
0.91004698516129367558 0.08995300983870641032 0.00000000099999999991 0.00000000099999999991 0.00000000099999999991 0.00000000099999999991 0.00000000099999999991 
0.82851616507234360220 0.11059858703642365396 0.01459307392213386040 0.00000000099999999996 0.00000000099999999996 0.04629217096909878093 0.00000000099999999996 
0.00000000099999999947 0.00000000099999999947 0.99999999400000005867 0.00000000099999999947 0.00000000099999999947 0.00000000099999999947 0.00000000099999999947 
0.86261978390376714554 0.08532008276990937778 0.01123780155025408227 0.00000000099999999998 0.01489128195454441847 0.02593104782152481219 0.00000000099999999998 
0.87280725492666677567 0.12719274007333322696 0.00000000099999999987 0.00000000099999999987 0.00000000099999999987 0.00000000099999999987 0.00000000099999999987 
0.00000000099999999985 0.00000000099999999985 0.00000000099999999985 0.00000000099999999985 0.99999999399999994765 0.00000000099999999985 0.00000000099999999985 
0.88474510417586971212 0.11525489082413027664 0.00000000099999999992 0.00000000099999999992 0.00000000099999999992 0.00000000099999999992 0.00000000099999999992 
0.96882396541342374885 0.01580040777070391284 0.00000000099999999998 0.00000000099999999998 0.00000000099999999998 0.01537562281587244971 0.00000000099999999998 
0.00000000099999999957 0.99999999400000016969 0.00000000099999999957 0.00000000099999999957 0.00000000099999999957 0.00000000099999999957 0.00000000099999999957 
0.88761241706339633062 0.11236539794518664304 0.00002218099141714540 0.00000000099999999993 0.00000000099999999993 0.00000000099999999993 0.00000000099999999993 
0.90322754648989045378 0.09677244851010968762 0.00000000099999999989 0.00000000099999999989 0.00000000099999999989 0.00000000099999999989 0.00000000099999999989 
0.88437294449394798779 0.11402832954202168914 0.00159872196403030914 0.00000000099999999996 0.00000000099999999996 0.00000000099999999996 0.00000000099999999996 
0.87859211571363660109 0.08353440716509438757 0.02454154519528669448 0.00000000099999999993 0.00000000099999999993 0.01333192892598229762 0.00000000099999999993 
0.00000003104314524456 0.00000000099999999998 0.00000000099999999998 0.01074707657548297328 0.98925288838137181990 0.00000000099999999998 0.00000000099999999998 
0.00000000099999999966 0.99999999400000016969 0.00000000099999999966 0.00000000099999999966 0.00000000099999999966 0.00000000099999999966 0.00000000099999999966 
0.00000000099999999972 0.99999999400000016969 0.00000000099999999972 0.00000000099999999972 0.00000000099999999972 0.00000000099999999972 0.00000000099999999972 
0.94993168095849778165 0.05006831404150232506 0.00000000099999999995 0.00000000099999999995 0.00000000099999999995 0.00000000099999999995 0.00000000099999999995 
0.00000000099999999996 0.00000000099999999996 0.00000000099999999996 0.89050360141373730016 0.07296000269060709531 0.00000000099999999996 0.03653639189565553724 
0.00000000099999999990 0.00000000099999999990 0.00000000099999999990 0.54715883988093449997 0.45284115511906558593 0.00000000099999999990 0.00000000099999999990 
0.00000000099999999983 0.00000000099999999983 0.00000000099999999983 0.68827456463142533405 0.31172543036857464083 0.00000000099999999983 0.00000000099999999983 
0.00000000099999999989 0.00000000099999999989 0.00000000099999999989 0.73249661980281410845 0.00000000099999999989 0.00000000099999999989 0.26750337519718592194 
0.00000000099999999989 0.00000000099999999989 0.00000000099999999989 0.72244889272404011482 0.00000000099999999989 0.00000000099999999989 0.27755110227595986006 
0.80665336657646480312 0.18829547375647734397 0.00505115566705788190 0.00000000099999999989 0.00000000099999999989 0.00000000099999999989 0.00000000099999999989 
0.00000000099999999993 0.00000000099999999993 0.00000000099999999993 0.54366352928434391600 0.45633646571565605887 0.00000000099999999993 0.00000000099999999993 
0.00000000099999999995 0.00000000099999999995 0.00000000099999999995 0.54704924873504401361 0.44628749471105128022 0.00666325255390478374 0.00000000099999999995 
0.00000000099999999990 0.00000000099999999990 0.00000000099999999990 0.54986224976933895103 0.45013774523066096833 0.00000000099999999990 0.00000000099999999990 
0.00000000099999999988 0.00000000099999999988 0.00000000099999999988 0.55084594229140826371 0.44915405270859176667 0.00000000099999999988 0.00000000099999999988 
0.00000000099999999982 0.00000000099999999982 0.00000000099999999982 0.69226852534251848148 0.30773146965748154891 0.00000000099999999982 0.00000000099999999982 
0.00000000099999999989 0.00000000099999999989 0.00000000099999999989 0.72398263812329599620 0.00000000099999999989 0.00000000099999999989 0.27601735687670408970 
0.00000000099999999990 0.00000000099999999990 0.00000000099999999990 0.72668342736682711713 0.00000000099999999990 0.00000000099999999990 0.27331656763317291325 
0.00000000099999999991 0.00000000099999999991 0.00000000099999999991 0.55006266312372742444 0.44993733187627255043 0.00000000099999999991 0.00000000099999999991 
0.00000000099999999980 0.00000000099999999980 0.00000000099999999980 0.70521097757162587438 0.29478901742837421152 0.00000000099999999980 0.00000000099999999980 
0.00000000099999999991 0.00000000099999999991 0.00000000099999999991 0.54204893803733500413 0.45795105696266497075 0.00000000099999999991 0.00000000099999999991 
0.00000000099999999996 0.00000000099999999996 0.00000000099999999996 0.54269789831545856007 0.45730209668454141481 0.00000000099999999996 0.00000000099999999996 
0.00000000099999999997 0.00000000099999999997 0.00000000099999999997 0.51904887238879293676 0.47855808739475824698 0.00239303621644880535 0.00000000099999999997 
0.00000000099999999998 0.00000000099999999998 0.00000028076046113244 0.92391917011730939624 0.05267818804309412628 0.00000000171956199275 0.02340235735957339053 
0.00000000099999999994 0.00000000099999999994 0.00000000099999999994 0.53677265920967687229 0.46297415106967726439 0.00025318572064581977 0.00000000099999999994 
0.00000000099999999997 0.00000000099999999997 0.00000000099999999997 0.54589382370292016677 0.45410617129707991912 0.00000000099999999997 0.00000000099999999997 
0.00000000099999999992 0.00000000099999999992 0.00000000099999999992 0.56695958757550302121 0.43304040742449700918 0.00000000099999999992 0.00000000099999999992 
0.00000000099999999986 0.00000000099999999986 0.00000000099999999986 0.00000000099999999986 0.99999999400000005867 0.00000000099999999986 0.00000000099999999986 
0.00000000099999999999 0.00000000099999999999 0.00078544952740073389 0.81975492167766916829 0.12482841837892734438 0.00783359111958341868 0.04679761729641913198 
0.01274168375846570014 0.00000000099999999998 0.00155011061594097048 0.14450244848655685592 0.79355691531345950995 0.04764883982557684833 0.00000000099999999998 
0.00000000099999999987 0.00000000099999999987 0.00000000099999999987 0.00000000099999999987 0.99999999399999994765 0.00000000099999999987 0.00000000099999999987 
0.00000000099999999997 0.00000000099999999997 0.00000000099999999997 0.89083117408850520658 0.00414307030306641962 0.00279623492484439105 0.10222951768358408409 
0.00000000099999999998 0.00000000099999999998 0.01468178022707177996 0.80401297108732283636 0.14983574970911292534 0.00000002463524501659 0.03146947234124748694 
0.00000000099999999999 0.00000000099999999999 0.01496008706497492513 0.79900292402831507577 0.14952949317167607557 0.00325833884367618832 0.03324915489135775448 
0.00000000099999999996 0.00000000099999999996 0.00000000099999999996 0.00000000099999999996 0.99226288325749678609 0.00773711174250321827 0.00000000099999999996 
0.00000000099999999993 0.00000000099999999993 0.00000000099999999993 0.36749265185436114090 0.63001076307083114791 0.00249658107480774626 0.00000000099999999993 
0.00000000099999999991 0.00000000099999999991 0.00000000099999999991 0.03393993943253178353 0.96606005556746821217 0.00000000099999999991 0.00000000099999999991 
0.00000000099999999990 0.00000000099999999990 0.00000000099999999990 0.81120721360530578803 0.00000000099999999990 0.00000000099999999990 0.18879278139469418685 
0.00000000099999999997 0.00000000099999999997 0.00000000099999999997 0.88444081014504205562 0.00000000099999999997 0.00000000099999999997 0.11555918485495794701 
0.01004470621227895183 0.00000000099999999999 0.00000000099999999999 0.16198487169743713832 0.78686009805676149220 0.04111032103352232209 0.00000000099999999999 
0.00900925672144115702 0.00000000099999999999 0.00000000099999999999 0.80790025464056969273 0.11602524522570387133 0.00348394779948211055 0.06358129361280327740 
0.00000000099999999999 0.00000000099999999999 0.00000001039731415306 0.84755271428622913632 0.10726461291331082504 0.00000000099999999999 0.04518265940314590556 
0.00000000099999999987 0.00000000099999999987 0.00000000099999999987 0.71557966794577010372 0.28442032705422981564 0.00000000099999999987 0.00000000099999999987 
0.00000000099999999990 0.00000000099999999990 0.00000000099999999990 0.79069277162491946598 0.00000000099999999990 0.00000000099999999990 0.20930722337508053665 
0.00000000099999999987 0.00000000099999999987 0.00000000099999999987 0.79640201117457654068 0.00000000099999999987 0.00000000099999999987 0.20359798382542343420 
0.00000000099999999991 0.00000000099999999991 0.00000000099999999991 0.81334931252978670546 0.00000000099999999991 0.00000000099999999991 0.18665068247021326941 
0.00000000099999999998 0.00000000099999999998 0.00101025889928394808 0.82760229787577266336 0.08237977108458355291 0.00475114328367878206 0.08425652685668115482 
0.00000000099999999999 0.00000000099999999999 0.00189736003235665561 0.80307058077309845245 0.12017905428732375550 0.00852949161410975626 0.06632351129311134241 
0.00000000099999999992 0.00000000099999999992 0.00000000099999999992 0.57623502467990250775 0.42376497032009741162 0.00000000099999999992 0.00000000099999999992 
0.00000000099999999997 0.00000000099999999997 0.00000000099999999997 0.82722593153169687863 0.11365523652649972552 0.01002604946575311358 0.04909277947605014680 
0.00000000099999999999 0.00000000099999999999 0.00235118389038354919 0.79838487115147460660 0.15011631451522935987 0.00991672618764302162 0.03923090225526940783 
0.00000000099999999992 0.00000000099999999992 0.00000000099999999992 0.00000000099999999992 0.99999999399999994765 0.00000000099999999992 0.00000000099999999992 
0.00000000099999999983 0.00000000099999999983 0.00000000099999999983 0.67886080699539641525 0.32113918800460355962 0.00000000099999999983 0.00000000099999999983 
0.00000000099999999995 0.00000000099999999995 0.00000000099999999995 0.38860133172863192685 0.61046429685636416362 0.00093436741500385557 0.00000000099999999995 
0.00000000099999999990 0.00000000099999999990 0.00000000099999999990 0.00000000099999999990 0.99999999400000005867 0.00000000099999999990 0.00000000099999999990 
0.00000000099999999992 0.00000000099999999992 0.00000000099999999992 0.79982287490765013871 0.00000000099999999992 0.00000000099999999992 0.20017712009234991943 
0.00000000099999999998 0.00000000099999999998 0.00016682880020380057 0.88380934155212453884 0.06477058194268422997 0.00251973158374435915 0.04873351412124305587 
0.00000000099999999999 0.00000000099999999999 0.00299986623486363192 0.73741290184146635056 0.21855138067949383962 0.00736266258541118292 0.03367318665876499473 
0.00000000099999999994 0.00000000099999999994 0.00000000099999999994 0.37537975971306186684 0.62237352027449899250 0.00224671601243906427 0.00000000099999999994 
0.00000000099999999997 0.00000000099999999997 0.00000000099999999997 0.31917757348516689886 0.66585056324805447225 0.01497185926677863620 0.00000000099999999997 
0.00000000099999999991 0.00000000099999999991 0.00000000099999999991 0.80448968713913215911 0.00000000099999999991 0.00000000099999999991 0.19551030786086792679 
0.00000000099999999998 0.00000000099999999998 0.00000000099999999998 0.86511617931647055713 0.02633889687013583544 0.00343494995400058520 0.10510997085939287332 
0.44532710622691096258 0.02974446858194399607 0.01222564986800032082 0.00000000100000000000 0.12908025405014678100 0.37666308495456557459 0.00695943531843238022 
0.00000000099999999962 0.00000000099999999962 0.00000000099999999962 0.00000000099999999962 0.00000000099999999962 0.99999999400000005867 0.00000000099999999962 
0.00000000099999999970 0.00000000099999999970 0.00000000099999999970 0.00000000099999999970 0.00000000099999999970 0.99999999400000005867 0.00000000099999999970 
0.45644332959921052328 0.01094620616417065796 0.02636320163144526343 0.00000000100000000000 0.12657631732944893410 0.36718630981142791336 0.01248463446429650889 
0.00000000099999999965 0.00000000099999999965 0.00000000099999999965 0.00000000099999999965 0.00000000099999999965 0.99999999400000005867 0.00000000099999999965 
0.00000000099999999961 0.00000000099999999961 0.00000000099999999961 0.00000000099999999961 0.00000000099999999961 0.99999999400000005867 0.00000000099999999961 
0.00000000099999999956 0.00000000099999999956 0.00000000099999999956 0.00000000099999999956 0.00000000099999999956 0.99999999399999994765 0.00000000099999999956 
0.47127089584938314237 0.00124445555255014843 0.01338920521510317437 0.00000000100000000000 0.14302720456482903577 0.37051837169113654991 0.00054986612699770867 
0.00000000099999999965 0.00000000099999999965 0.00000000099999999965 0.00000000099999999965 0.00000000099999999965 0.99999999400000005867 0.00000000099999999965 
0.48467338917072433357 0.00005579312284023186 0.03422098777596776359 0.00000000099999999999 0.11542507646515355602 0.36185606453388557968 0.00376868793142850697 
0.00000000099999999956 0.00000000099999999956 0.00000000099999999956 0.00000000099999999956 0.00000000099999999956 0.99999999399999994765 0.00000000099999999956 
0.16532104781473722088 0.07564812817930280375 0.75903082000596000523 0.00000000099999999985 0.00000000099999999985 0.00000000099999999985 0.00000000099999999985 
0.87773054364770664026 0.12226945135229337625 0.00000000099999999996 0.00000000099999999996 0.00000000099999999996 0.00000000099999999996 0.00000000099999999996 
0.00000000099999999958 0.00000000099999999958 0.99999999399999994765 0.00000000099999999958 0.00000000099999999958 0.00000000099999999958 0.00000000099999999958 
0.00000000099999999997 0.00000000099999999997 0.00000000099999999997 0.89700908973350512721 0.05948431989852939750 0.00000000099999999997 0.04350658636796549128 
0.87352627191275844520 0.12647372308724166845 0.00000000099999999991 0.00000000099999999991 0.00000000099999999991 0.00000000099999999991 0.00000000099999999991 
0.94077669717180056885 0.03147885229104609162 0.00259040840940521957 0.00000000099999999997 0.00000000099999999997 0.02515403912774828027 0.00000000099999999997 
0.00000000099999999997 0.00000000099999999997 0.00000000099999999997 0.92553995999061433597 0.02908345158858277948 0.00000000099999999997 0.04537658442080285542 
0.00000000099999999964 0.00000000099999999964 0.00000000099999999964 0.00000000099999999964 0.00000000099999999964 0.00000000099999999964 0.99999999399999994765 
0.98635407669718211388 0.00000000099999999997 0.00065016234987738111 0.00000000099999999997 0.00000000099999999997 0.01299575695294066628 0.00000000099999999997 
0.00000000099999999995 0.00000000099999999995 0.00000000099999999995 0.32584784749707251805 0.66972595617985897221 0.00442619232306848062 0.00000000099999999995 
0.00000000099999999998 0.00000000099999999998 0.00000000099999999998 0.89446940638973360116 0.07633559772272291433 0.00628754635077797847 0.02290744653676538012 
0.00000000099999999993 0.00000000099999999993 0.00000000099999999993 0.35774418562460463811 0.63589226569054713156 0.00636354468484826279 0.00000000099999999993 
0.00000000099999999997 0.00000000099999999997 0.01187457844232234910 0.89902416432655674061 0.05004587510670809036 0.00000000099999999997 0.03905537912441297416 
0.00000000099999999996 0.00000000099999999996 0.00000000099999999996 0.32081801125309639122 0.66406273015161065842 0.01511925459529294552 0.00000000099999999996 
0.97202882944964519307 0.01649318655879778925 0.00000000099999999995 0.00000000099999999995 0.00000000099999999995 0.01147797999155722795 0.00000000099999999995 
0.79589861232276593039 0.19339977381170450621 0.01070160986552973724 0.00000000099999999991 0.00000000099999999991 0.00000000099999999991 0.00000000099999999991 
0.00000000099999999993 0.00000000099999999993 0.00000000099999999993 0.39636824146279986403 0.60343607355264639036 0.00019568098455361951 0.00000000099999999993 
0.00000000099999999992 0.00000000099999999992 0.00000000099999999992 0.32559320934369184730 0.66761253791622732212 0.00679424874008073380 0.00000000099999999992 
0.00000000099999999978 0.00000000099999999978 0.00000000099999999978 0.00000000099999999978 0.00000000099999999978 0.00000000099999999978 0.99999999400000005867 
0.00000000099999999997 0.00000000099999999997 0.00000450129317725229 0.88231193196438373327 0.08644535228443436803 0.00000000099999999997 0.03123821145800463259 
0.00000000099999999964 0.00000000099999999964 0.00000000099999999964 0.00000000099999999964 0.00000000099999999964 0.99999999399999994765 0.00000000099999999964 
0.00000000099999999995 0.00000000099999999995 0.00000000099999999995 0.00000000099999999995 0.93612877157258589378 0.06387122342741419212 0.00000000099999999995 
0.00000000099999999960 0.00000000099999999960 0.00000000099999999960 0.00000000099999999960 0.00000000099999999960 0.99999999399999994765 0.00000000099999999960 
0.00000000099999999964 0.00000000099999999964 0.00000000099999999964 0.00000000099999999964 0.00000000099999999964 0.99999999399999994765 0.00000000099999999964 
0.00149699551297501738 0.00000000099999999999 0.00000000099999999999 0.00000000099999999999 0.93869346302202316679 0.05736006582990728353 0.00244947263509444433 
0.00000000099999999981 0.00000000099999999981 0.00000000099999999981 0.00000000099999999981 0.00000000099999999981 0.99999999399999994765 0.00000000099999999981 
0.00000000099999999996 0.00000000099999999996 0.00000000099999999996 0.00000000099999999996 0.94012478056091908218 0.05987521443908075391 0.00000000099999999996 
0.00000000099999999983 0.00000000099999999983 0.00000000099999999983 0.00000000099999999983 0.00000000099999999983 0.99999999399999994765 0.00000000099999999983 
0.00320029799349291809 0.00318676159513798553 0.00000000099999999999 0.00000000099999999999 0.94049534094357178926 0.05311759646779735944 0.00000000099999999999 
0.77911957498694039970 0.21656335151539973793 0.00431706949765985493 0.00000000099999999990 0.00000000099999999990 0.00000000099999999990 0.00000000099999999990 
0.00000000099999999986 0.00000000099999999986 0.00000000099999999986 0.91110049145533400505 0.08889950354466598370 0.00000000099999999986 0.00000000099999999986 
0.95765016556566262551 0.01306372997065013974 0.00000000099999999996 0.00000000099999999996 0.00000000099999999996 0.02928610046368719869 0.00000000099999999996 
0.79092454519906396637 0.19912188087056670316 0.00995356993036935860 0.00000000099999999987 0.00000000099999999987 0.00000000099999999987 0.00000000099999999987 
0.87287216184117211171 0.12712783315882800195 0.00000000099999999993 0.00000000099999999993 0.00000000099999999993 0.00000000099999999993 0.00000000099999999993 
0.93921731588758494702 0.04053229080766221348 0.00000000099999999997 0.00000000099999999997 0.00000000099999999997 0.02025038930475284854 0.00000000099999999997 
0.00000000099999999984 0.00000000099999999984 0.00000000099999999984 0.00000000099999999984 0.99999999400000005867 0.00000000099999999984 0.00000000099999999984 
0.93306708647531111378 0.01131750710320332184 0.01425985613212129612 0.00000000099999999998 0.00000000099999999998 0.04135554728936444158 0.00000000099999999998 
0.00000000099999999990 0.00000000099999999990 0.00000000099999999990 0.00000000099999999990 0.99999999399999994765 0.00000000099999999990 0.00000000099999999990 
0.00000000099999999962 0.99999999400000016969 0.00000000099999999962 0.00000000099999999962 0.00000000099999999962 0.00000000099999999962 0.00000000099999999962 
0.80879307739256123266 0.19120691760743882548 0.00000000099999999991 0.00000000099999999991 0.00000000099999999991 0.00000000099999999991 0.00000000099999999991 
0.00000000099999999960 0.99999999400000005867 0.00000000099999999960 0.00000000099999999960 0.00000000099999999960 0.00000000099999999960 0.00000000099999999960 
0.00000000099999999982 0.00000000099999999982 0.00000000099999999982 0.00000000099999999982 0.99999999400000005867 0.00000000099999999982 0.00000000099999999982 
0.82762028878720650393 0.17237970621279363748 0.00000000099999999988 0.00000000099999999988 0.00000000099999999988 0.00000000099999999988 0.00000000099999999988 
0.96372628654277747717 0.02200939448432703491 0.00000000099999999997 0.00000000099999999997 0.00000000099999999997 0.01426431497289558717 0.00000000099999999997 
0.87581466022179843556 0.12418533477820171973 0.00000000099999999991 0.00000000099999999991 0.00000000099999999991 0.00000000099999999991 0.00000000099999999991 
0.84772750890658155054 0.15227248609341845209 0.00000000099999999992 0.00000000099999999992 0.00000000099999999992 0.00000000099999999992 0.00000000099999999992 
0.00000000099999999978 0.00000000099999999978 0.00000000099999999978 0.00000000099999999978 0.00000000099999999978 0.00000000099999999978 0.99999999400000005867 
0.83399486667000133355 0.15764171251422548492 0.00836341681577316975 0.00000000099999999992 0.00000000099999999992 0.00000000099999999992 0.00000000099999999992 
0.85778680220140024471 0.14221319279859975793 0.00000000099999999992 0.00000000099999999992 0.00000000099999999992 0.00000000099999999992 0.00000000099999999992 
0.00000000099999999981 0.00000000099999999981 0.00000000099999999981 0.00000000099999999981 0.00000000099999999981 0.00000000099999999981 0.99999999400000005867 
0.83830725505056991054 0.14951195620993837365 0.01218078473949186710 0.00000000099999999995 0.00000000099999999995 0.00000000099999999995 0.00000000099999999995 
0.00000000099999999982 0.00000000099999999982 0.00000000099999999982 0.00000000099999999982 0.99999999400000005867 0.00000000099999999982 0.00000000099999999982 
0.00000000099999999993 0.00000000099999999993 0.00000000099999999993 0.00000000099999999993 0.99999767290850904988 0.00000232209149082232 0.00000000099999999993 
0.00000000099999999987 0.00000000099999999987 0.00000000099999999987 0.00000000099999999987 0.99999999399999994765 0.00000000099999999987 0.00000000099999999987 
0.00000000099999999986 0.00000000099999999986 0.00000000099999999986 0.00000000099999999986 0.99999999399999994765 0.00000000099999999986 0.00000000099999999986 
0.00000000099999999989 0.00000000099999999989 0.00000000099999999989 0.00000014426956724787 0.99999985073043273776 0.00000000099999999989 0.00000000099999999989 
0.00000000099999999987 0.00000000099999999987 0.00000000099999999987 0.00000000099999999987 0.99999999399999994765 0.00000000099999999987 0.00000000099999999987 
0.00000000099999999986 0.00000000099999999986 0.00000000099999999986 0.00000000099999999986 0.99999999399999994765 0.00000000099999999986 0.00000000099999999986 
0.00000000099999999983 0.00000000099999999983 0.00000000099999999983 0.00000000099999999983 0.99999999400000005867 0.00000000099999999983 0.00000000099999999983 
0.85215256659451543708 0.14784742840548459331 0.00000000099999999987 0.00000000099999999987 0.00000000099999999987 0.00000000099999999987 0.00000000099999999987 
0.00000000099999999940 0.00000000099999999940 0.99999999400000005867 0.00000000099999999940 0.00000000099999999940 0.00000000099999999940 0.00000000099999999940 
0.90548642024742020951 0.09451357475257993190 0.00000000099999999996 0.00000000099999999996 0.00000000099999999996 0.00000000099999999996 0.00000000099999999996 
0.00000000099999999988 0.00000000099999999988 0.00000000099999999988 0.70424637113887389450 0.29575362386112613589 0.00000000099999999988 0.00000000099999999988 
0.00000000099999999986 0.00000000099999999986 0.00000000099999999986 0.94563745764896911528 0.05436253735103090817 0.00000000099999999986 0.00000000099999999986 
0.97861985188812450343 0.00593156216106503244 0.00003369628072828846 0.00000000099999999995 0.00000000099999999995 0.01541488667008224581 0.00000000099999999995 
0.00000000099999999990 0.00000000099999999990 0.00000000099999999990 0.69815394298144273222 0.30184605201855729817 0.00000000099999999990 0.00000000099999999990 
0.92147765197469044818 0.00000000099999999999 0.00917103554292393250 0.00000000099999999999 0.01739442474552994194 0.04223281710964953140 0.00972406862720609326 
0.00000000099999999982 0.00000000099999999982 0.00000000099999999982 0.64297027984495846997 0.35702971515504139388 0.00000000099999999982 0.00000000099999999982 
0.00000000099999999986 0.00000000099999999986 0.00000000099999999986 0.00000000099999999986 0.99999999400000005867 0.00000000099999999986 0.00000000099999999986 
0.00000000099999999985 0.00000000099999999985 0.00000000099999999985 0.71400943285174389707 0.28599056214825613331 0.00000000099999999985 0.00000000099999999985 
0.00000000099999999987 0.00000000099999999987 0.00000000099999999987 0.68060327264732811692 0.31939672235267185796 0.00000000099999999987 0.00000000099999999987 
0.00000000099999999984 0.00000000099999999984 0.00000000099999999984 0.70136658137173146788 0.29863341362826845149 0.00000000099999999984 0.00000000099999999984 
0.00000000099999999992 0.00000000099999999992 0.00000000099999999992 0.98413423738294880661 0.01586575761705122725 0.00000000099999999992 0.00000000099999999992 
0.00000000099999999982 0.00000000099999999982 0.00000000099999999982 0.68519005937485011337 0.31480993562514991702 0.00000000099999999982 0.00000000099999999982 
0.00000000099999999986 0.00000000099999999986 0.00000000099999999986 0.68900543673072534023 0.31099455826927463464 0.00000000099999999986 0.00000000099999999986 
0.00000000099999999983 0.00000000099999999983 0.00000000099999999983 0.00000000099999999983 0.99999999400000005867 0.00000000099999999983 0.00000000099999999983 
0.97959027515214691650 0.00000143930574317348 0.00368272920990564542 0.00000000099999999997 0.00000000099999999997 0.01672555333220416759 0.00000000099999999997 
0.93629104229974091655 0.04276345984467900402 0.00151842898755915625 0.00000000099999999998 0.00000000099999999998 0.01942706586802084995 0.00000000099999999998 
0.00000000099999999939 0.00000000099999999939 0.99999999400000005867 0.00000000099999999939 0.00000000099999999939 0.00000000099999999939 0.00000000099999999939 
0.00000000099999999989 0.00000000099999999989 0.00000000099999999989 0.95350883281190590424 0.04649116218809412615 0.00000000099999999989 0.00000000099999999989 
0.00000000099999999982 0.00000000099999999982 0.00000000099999999982 0.69245039142305364610 0.30754960357694627326 0.00000000099999999982 0.00000000099999999982 
0.00000000099999999985 0.00000000099999999985 0.00000000099999999985 0.00000000099999999985 0.99999999400000005867 0.00000000099999999985 0.00000000099999999985 
0.00000000099999999992 0.00000000099999999992 0.00000000099999999992 0.93912583315689857066 0.06087416184310134870 0.00000000099999999992 0.00000000099999999992 
0.00000000099999999985 0.00000000099999999985 0.00000000099999999985 0.68925741158385622764 0.31074258341614385825 0.00000000099999999985 0.00000000099999999985 
0.00000000099999999987 0.00000000099999999987 0.00000000099999999987 0.93007657238434782165 0.06992342261565205608 0.00000000099999999987 0.00000000099999999987 
0.00000000099999999993 0.00000000099999999993 0.00000000099999999993 0.98126297567067388705 0.01873701932932599415 0.00000000099999999993 0.00000000099999999993 
0.00000000099999999991 0.00000000099999999991 0.00000000099999999991 0.99176264003441116923 0.00823735496558876922 0.00000000099999999991 0.00000000099999999991 
0.93588708747746995886 0.05170801869479948326 0.00000016026528882238 0.00000000099999999995 0.00000000099999999995 0.01240473056244167059 0.00000000099999999995 
