0.00000000099999999994 0.00000000099999999994 0.00000000099999999994 0.00000000099999999994 0.00000000099999999994 0.87316116196436810437 0.00000000099999999994 0.00000000099999999994 0.00154862585666083329 0.00000000099999999994 0.12529020317897113235 0.00000000099999999994 
0.00000000099999999986 0.04629148949324626144 0.00000000099999999986 0.00000000099999999986 0.00000000099999999986 0.00000000099999999986 0.00000000099999999986 0.00000000099999999986 0.00000000099999999986 0.95370850050675370913 0.00000000099999999986 0.00000000099999999986 
0.00000000099999999992 0.00151208471656414495 0.00000000099999999992 0.00000000099999999992 0.00000000099999999992 0.92205713161430824520 0.00000000099999999992 0.00000000099999999992 0.00000000099999999992 0.00000000099999999992 0.07643073746303982730 0.00000003820608785179 
0.00000000099999999990 0.00000000099999999990 0.00000000099999999990 0.00000000099999999990 0.00000000099999999990 0.93934920237089092332 0.00000000099999999990 0.00000000099999999990 0.01008557289215285084 0.00000000099999999990 0.02269231886690051964 0.02787289787005583705 
0.00000000099999999993 0.00000000099999999993 0.00000000099999999993 0.00000000099999999993 0.00000000099999999993 0.96184073790875967980 0.00000079099821636467 0.00000000099999999993 0.01205698133563686859 0.00000000099999999993 0.00000000099999999993 0.02610148175738739862 
0.00000000099999999932 0.00000000099999999932 0.00000000099999999932 0.99999998900000020008 0.00000000099999999932 0.00000000099999999932 0.00000000099999999932 0.00000000099999999932 0.00000000099999999932 0.00000000099999999932 0.00000000099999999932 0.00000000099999999932 
0.00000000099999999978 0.00000000099999999978 0.00000000099999999978 0.00000000099999999978 0.00000000099999999978 0.88913812207217035599 0.00000000099999999978 0.00000000099999999978 0.00000000099999999978 0.00000000099999999978 0.11086186792782974642 0.00000000099999999978 
0.00000000099999999886 0.00000000099999999886 0.00000000099999999886 0.00000000099999999886 0.00000000099999999886 0.00000000099999999886 0.99999998899999997803 0.00000000099999999886 0.00000000099999999886 0.00000000099999999886 0.00000000099999999886 0.00000000099999999886 
0.00000000099999999982 0.00000000099999999982 0.00000000099999999982 0.00000000099999999982 0.00000000099999999982 0.81904216932605911072 0.00000000099999999982 0.00000000099999999982 0.00000000099999999982 0.00000000099999999982 0.18095782067394097781 0.00000000099999999982 
0.00000000099999999976 0.00000000099999999976 0.00000000099999999976 0.00000000099999999976 0.00000000099999999976 0.88055241191455269067 0.00000000099999999976 0.00000000099999999976 0.00000000099999999976 0.00000000099999999976 0.11944757808544735622 0.00000000099999999976 
0.00000000099999999990 0.00000000099999999990 0.00000000099999999990 0.00000000099999999990 0.00000000099999999990 0.93879882394107827537 0.00000000099999999990 0.00000000099999999990 0.04124598621746178306 0.00000000099999999990 0.01379839424586505429 0.00615678759559485245 
0.00000000099999999993 0.01108367596180653489 0.00000000099999999993 0.00000000099999999993 0.00000000099999999993 0.98009815939756550485 0.00000000099999999993 0.00000000099999999993 0.00338890670519601065 0.00000000099999999993 0.00000000099999999993 0.00542924993543197811 
0.00000000099999999993 0.00000000099999999993 0.00000000099999999993 0.00000000099999999993 0.00000000099999999993 0.96169292844662757069 0.00000000099999999993 0.00000000099999999993 0.00000000099999999993 0.00000000099999999993 0.00387104218598291645 0.03443602036738962341 
0.00000000099999999988 0.00000000099999999988 0.00000000099999999988 0.00000000099999999988 0.00000000099999999988 0.00000000099999999988 0.00000000099999999988 0.09737307850739602977 0.00000000099999999988 0.90262691149260398937 0.00000000099999999988 0.00000000099999999988 
0.00000000099999999980 0.00000000099999999980 0.00000000099999999980 0.00000000099999999980 0.00000000099999999980 0.92255198899649915045 0.00000000099999999980 0.00000000099999999980 0.00000000099999999980 0.00000000099999999980 0.07744800100350103522 0.00000000099999999980 
0.00000000099999999977 0.00000000099999999977 0.00000000099999999977 0.00000000099999999977 0.00000000099999999977 0.83540497214176800966 0.00000000099999999977 0.00000000099999999977 0.00035596584804204780 0.00000000099999999977 0.16423905301018995595 0.00000000099999999977 
0.00000000099999999983 0.00000000099999999983 0.00000000099999999983 0.00000000099999999983 0.00000000099999999983 0.90530595372612954197 0.00000000099999999983 0.00000000099999999983 0.00000000099999999983 0.00000000099999999983 0.09469403627387054656 0.00000000099999999983 
0.00000000099999999898 0.00000000099999999898 0.00000000099999999898 0.00000000099999999898 0.00000000099999999898 0.00000000099999999898 0.00000000099999999898 0.00000000099999999898 0.99999998899999986701 0.00000000099999999898 0.00000000099999999898 0.00000000099999999898 
0.00000000099999999933 0.00000000099999999933 0.00000000099999999933 0.99999998900000020008 0.00000000099999999933 0.00000000099999999933 0.00000000099999999933 0.00000000099999999933 0.00000000099999999933 0.00000000099999999933 0.00000000099999999933 0.00000000099999999933 
0.00000000099999999894 0.00000000099999999894 0.00000000099999999894 0.00000000099999999894 0.00000000099999999894 0.00000000099999999894 0.00000000099999999894 0.00000000099999999894 0.99999998899999986701 0.00000000099999999894 0.00000000099999999894 0.00000000099999999894 
0.00000000099999999995 0.01801223837955492554 0.00000000099999999995 0.00000000099999999995 0.00000000099999999995 0.96081598159440650964 0.00000000099999999995 0.00000000099999999995 0.00298855808368964256 0.00000000099999999995 0.00017898470243925445 0.01800423023990976520 
0.00000000099999999899 0.00000000099999999899 0.00000000099999999899 0.99999998900000008906 0.00000000099999999899 0.00000000099999999899 0.00000000099999999899 0.00000000099999999899 0.00000000099999999899 0.00000000099999999899 0.00000000099999999899 0.00000000099999999899 
0.00000000099999999932 0.00000000099999999932 0.00000000099999999932 0.00000000099999999932 0.00000000099999999932 0.00000000099999999932 0.00000000099999999932 0.00000000099999999932 0.00000000099999999932 0.00000000099999999932 0.99999998899999986701 0.00000000099999999932 
0.00000000099999999979 0.00000000099999999979 0.00000000099999999979 0.00000000099999999979 0.00000000099999999979 0.87436244824887154881 0.00000000099999999979 0.00000000099999999979 0.00229585975961558997 0.00000000099999999979 0.12334168299151296311 0.00000000099999999979 
0.00000000099999999986 0.00000000099999999986 0.00000000099999999986 0.00000000099999999986 0.00000000099999999986 0.84719297338807919573 0.00000000099999999986 0.00000000099999999986 0.01067446740529800694 0.00000000099999999986 0.10693184488062476567 0.03520070632599809485 
0.00000000099999999964 0.00000000099999999964 0.00000000099999999964 0.00000000099999999964 0.00000000099999999964 0.75367156040561456010 0.00000000099999999964 0.00000000099999999964 0.00000000099999999964 0.00000000099999999964 0.24632842959438552843 0.00000000099999999964 
0.00000000099999999987 0.00000000099999999987 0.92932386702959646207 0.00000000099999999987 0.00000000099999999987 0.00000000099999999987 0.03316537841655974039 0.03751074555384388554 0.00000000099999999987 0.00000000099999999987 0.00000000099999999987 0.00000000099999999987 
0.00000000099999999953 0.00000000099999999953 0.00000000099999999953 0.81352809966173833534 0.00000000099999999953 0.00000000099999999953 0.18647189033826175319 0.00000000099999999953 0.00000000099999999953 0.00000000099999999953 0.00000000099999999953 0.00000000099999999953 
0.00000000099999999988 0.00000000099999999988 0.00000000099999999988 0.00000000099999999988 0.00000000099999999988 0.72294677342973612255 0.11547577908049616591 0.00000000099999999988 0.00430079656897755427 0.00000000099999999988 0.15727664292079029940 0.00000000099999999988 
0.00581909325973955626 0.01519041514733204638 0.00000000099999999997 0.00034759571086536567 0.00000000099999999997 0.76365860227299053875 0.00000080201612448829 0.00742487854947837880 0.01500354087254025109 0.00000000099999999997 0.19255506817092934990 0.00000000099999999997 
0.00000000099999999983 0.00000000099999999983 0.00000000099999999983 0.00000000099999999983 0.00000000099999999983 0.74700027275380986858 0.00000000099999999983 0.00000000099999999983 0.00341567483944442071 0.00000000099999999983 0.14446813719461645831 0.10511590721212937805 
0.00000000099999999980 0.00000000099999999980 0.00000000099999999980 0.00000000099999999980 0.00000000099999999980 0.86753954542115152559 0.00000000099999999980 0.00000000099999999980 0.00000000099999999980 0.00000000099999999980 0.13246044457884864620 0.00000000099999999980 
0.00000000099999999994 0.00000000099999999994 0.00000000099999999994 0.00000000099999999994 0.00000000099999999994 0.93993601959383443756 0.01069001281288765870 0.00000000099999999994 0.02377719848844575545 0.00000000099999999994 0.00891288051443245473 0.01668388159039986551 
0.00000000099999999918 0.00000000099999999918 0.00000000099999999918 0.00000000099999999918 0.00000000099999999918 0.00000000099999999918 0.00000000099999999918 0.00000000099999999918 0.00000000099999999918 0.00000000099999999918 0.99999998899999986701 0.00000000099999999918 
0.00000000099999999984 0.00000000099999999984 0.00000000099999999984 0.00000000099999999984 0.00000000099999999984 0.89491851968023417019 0.00000000099999999984 0.00000000099999999984 0.00000000099999999984 0.00000000099999999984 0.10508147031976587671 0.00000000099999999984 
0.00000000099999999979 0.00000000099999999979 0.00000000099999999979 0.00000000099999999979 0.00000000099999999979 0.72164808398680668766 0.13083167912224208385 0.00000000099999999979 0.00271072747326614894 0.00000000099999999979 0.14480950141768514361 0.00000000099999999979 
0.00000000099999999994 0.09210599115624948374 0.01718958856413052919 0.00000000099999999994 0.00000000099999999994 0.78133378671314768216 0.00000000099999999994 0.00000000099999999994 0.00000000099999999994 0.00000000099999999994 0.10936665145844250147 0.00000397510802998925 
0.00000000099999999981 0.00000000099999999981 0.96761680133460203912 0.00000000099999999981 0.00000000099999999981 0.00000000099999999981 0.00000000099999999981 0.03238318866539806329 0.00000000099999999981 0.00000000099999999981 0.00000000099999999981 0.00000000099999999981 
0.00000000099999999993 0.00000000099999999993 0.00000000099999999993 0.00000000099999999993 0.00000000099999999993 0.85746242198936850620 0.00000000099999999993 0.00000000099999999993 0.00000000109916750489 0.02299936866304623170 0.11953820024841785297 0.00000000099999999993 
0.00000000099999999988 0.00000000099999999988 0.00000000099999999988 0.00000000099999999988 0.00000000099999999988 0.88592895287185358111 0.00000000099999999988 0.00000000099999999988 0.00370766219175120608 0.00000000099999999988 0.07413590041738182812 0.03622747651901346566 
0.00000000099999999989 0.00000000099999999989 0.00000000099999999989 0.00000000099999999989 0.00000000099999999989 0.93938910099982542157 0.00000000099999999989 0.00000000099999999989 0.00613561661985780396 0.00000000099999999989 0.03907039878861070376 0.01540487559170618075 
0.00000000099999999990 0.46088251599900070810 0.53911747400099940819 0.00000000099999999990 0.00000000099999999990 0.00000000099999999990 0.00000000099999999990 0.00000000099999999990 0.00000000099999999990 0.00000000099999999990 0.00000000099999999990 0.00000000099999999990 
0.00000000099999999989 0.41539597837933367463 0.48849172450762134989 0.00000000099999999989 0.03948659294866149749 0.00000000099999999989 0.00000000099999999989 0.00000000099999999989 0.00000000099999999989 0.00000000099999999989 0.00000000099999999989 0.05662569616438366260 
0.00302472840569269642 0.45194756883299630479 0.05357094949348595314 0.00000000099999999993 0.26789967778544204746 0.00000000099999999993 0.00000000099999999993 0.22252217328887857750 0.00000000099999999993 0.00000000099999999993 0.00000000099999999993 0.00103489619350457282 
0.01590127594644228856 0.33981249630674020823 0.41564501835828238097 0.00000000099999999997 0.15352922075136418711 0.00000000099999999997 0.00000000099999999997 0.03876117810069196895 0.00000000099999999997 0.00000000205508418871 0.00000000099999999997 0.03635080348139494572 
0.00000000099999999977 0.15732068637036880632 0.00000000099999999977 0.00000000099999999977 0.76137223440975165811 0.00000000099999999977 0.00000000099999999977 0.08130707021987958194 0.00000000099999999977 0.00000000099999999977 0.00000000099999999977 0.00000000099999999977 
0.00000000099999999974 0.00000000099999999974 0.00286033609954422811 0.00000000099999999974 0.99700576460816425772 0.00000000099999999974 0.00000000099999999974 0.00013389029229158846 0.00000000099999999974 0.00000000099999999974 0.00000000099999999974 0.00000000099999999974 
0.01329599198978578638 0.04501797381160758255 0.57708669653247035569 0.00000000099999999994 0.15983314811503193664 0.00000000099999999994 0.00000000099999999994 0.16539778002822999592 0.00000000099999999994 0.00000000099999999994 0.00000000099999999994 0.03936840352287437894 
0.00000000099999999965 0.00000000099999999965 0.00000000099999999965 0.00000000099999999965 0.99999998900000008906 0.00000000099999999965 0.00000000099999999965 0.00000000099999999965 0.00000000099999999965 0.00000000099999999965 0.00000000099999999965 0.00000000099999999965 
0.00000000099999999979 0.29046488416501192731 0.00000000099999999979 0.00000000099999999979 0.70953510583498802244 0.00000000099999999979 0.00000000099999999979 0.00000000099999999979 0.00000000099999999979 0.00000000099999999979 0.00000000099999999979 0.00000000099999999979 
0.00000003978656185713 0.16513718078804417999 0.50437322630370506893 0.00000000099999999997 0.10411331283745803300 0.01675546800894801500 0.00000000099999999997 0.17334298654586774435 0.00341914764341873754 0.00000000099999999997 0.00000000099999999997 0.03285863408599641600 
0.00000000099999999989 0.40767050323429093739 0.00000000099999999989 0.00000000099999999989 0.44650477662786175470 0.00000000099999999989 0.00000000099999999989 0.14582471113784742367 0.00000000099999999989 0.00000000099999999989 0.00000000099999999989 0.00000000099999999989 
0.00000000099999999945 0.00000000099999999945 0.00000000099999999945 0.00000000099999999945 0.00000000099999999945 0.00000000099999999945 0.00000000099999999945 0.00000000099999999945 0.99999998899999997803 0.00000000099999999945 0.00000000099999999945 0.00000000099999999945 
0.00000000099999999979 0.00000000099999999979 0.00000000099999999979 0.00000000099999999979 0.99999998900000008906 0.00000000099999999979 0.00000000099999999979 0.00000000099999999979 0.00000000099999999979 0.00000000099999999979 0.00000000099999999979 0.00000000099999999979 
0.00000000099999999970 0.00000000099999999970 0.00000000099999999970 0.00000000099999999970 0.99999998900000008906 0.00000000099999999970 0.00000000099999999970 0.00000000099999999970 0.00000000099999999970 0.00000000099999999970 0.00000000099999999970 0.00000000099999999970 
0.00000000099999999976 0.00000000099999999976 0.00000000099999999976 0.00000000099999999976 0.99999998900000020008 0.00000000099999999976 0.00000000099999999976 0.00000000099999999976 0.00000000099999999976 0.00000000099999999976 0.00000000099999999976 0.00000000099999999976 
0.00000000099999999977 0.00000000099999999977 0.00000000099999999977 0.00000000099999999977 0.99999998900000008906 0.00000000099999999977 0.00000000099999999977 0.00000000099999999977 0.00000000099999999977 0.00000000099999999977 0.00000000099999999977 0.00000000099999999977 
0.00000000099999999975 0.00000000099999999975 0.00000000099999999975 0.00000000099999999975 0.99999998900000008906 0.00000000099999999975 0.00000000099999999975 0.00000000099999999975 0.00000000099999999975 0.00000000099999999975 0.00000000099999999975 0.00000000099999999975 
0.00000000099999999978 0.08521731742399048237 0.00000000099999999978 0.00000000099999999978 0.91478267257600964779 0.00000000099999999978 0.00000000099999999978 0.00000000099999999978 0.00000000099999999978 0.00000000099999999978 0.00000000099999999978 0.00000000099999999978 
0.00000000099999999997 0.01092035399524754133 0.00000000099999999997 0.00000008165819847503 0.00000000099999999997 0.89292852488024254676 0.07643269428490438722 0.00000000099999999997 0.00751655369437045223 0.00000000099999999997 0.00000000099999999997 0.01220178548703669714 
0.00000000099999999988 0.00000000099999999988 0.00000000099999999988 0.00000000099999999988 0.00000000099999999988 0.93810166117134696773 0.00000000099999999988 0.00000000099999999988 0.00383639952161415410 0.00000000099999999988 0.03545605111231524970 0.02260588019472378057 
0.00000000099999999967 0.00000000099999999967 0.00000000099999999967 0.00000000099999999967 0.00000000099999999967 0.23152055364493873135 0.00000000099999999967 0.00000000099999999967 0.76847943635506121840 0.00000000099999999967 0.00000000099999999967 0.00000000099999999967 
0.00000000099999999921 0.00000000099999999921 0.00000000099999999921 0.00000000099999999921 0.00000000099999999921 0.00000000099999999921 0.99999998899999997803 0.00000000099999999921 0.00000000099999999921 0.00000000099999999921 0.00000000099999999921 0.00000000099999999921 
0.00000000099999999974 0.00934057485830569641 0.00000000099999999974 0.00000000099999999974 0.00000000099999999974 0.00000000099999999974 0.00000000099999999974 0.00000000099999999974 0.00000000099999999974 0.00000000099999999974 0.99065941514169431059 0.00000000099999999974 
0.00000000099999999908 0.00000000099999999908 0.00000000099999999908 0.00000000099999999908 0.00000000099999999908 0.00000000099999999908 0.00000000099999999908 0.00000000099999999908 0.00000000099999999908 0.00000000099999999908 0.99999998899999986701 0.00000000099999999908 
0.00000000099999999986 0.00000000099999999986 0.00000000099999999986 0.01266211594942947931 0.00000000099999999986 0.87483527717888021069 0.00000000099999999986 0.00000000099999999986 0.00000026838712561615 0.00000000099999999986 0.11250233048456477480 0.00000000099999999986 
0.00000000099999999896 0.00000000099999999896 0.00000000099999999896 0.00000000099999999896 0.00000000099999999896 0.00000000099999999896 0.00000000099999999896 0.00000000099999999896 0.99999998899999997803 0.00000000099999999896 0.00000000099999999896 0.00000000099999999896 
0.00000000099999999992 0.00000000099999999992 0.02119687469059378451 0.00000000099999999992 0.00000000099999999992 0.84933619597747012087 0.00000000099999999992 0.00000000099999999992 0.01573099521988296362 0.00000000099999999992 0.08508754885093995635 0.02864837826111326161 
0.00000000099999999968 0.00000000099999999968 0.00000000099999999968 0.00000000099999999968 0.00000000099999999968 0.88205864218363672080 0.00000000099999999968 0.00000000099999999968 0.00000000099999999968 0.00000000099999999968 0.11794134781636331222 0.00000000099999999968 
0.00000000800087553436 0.00000000099999999976 0.99999997888009362068 0.00000000099999999976 0.00000000099999999976 0.00000000099999999976 0.00000000099999999976 0.00000000411903099884 0.00000000099999999976 0.00000000099999999976 0.00000000099999999976 0.00000000099999999976 
0.00000000099999999981 0.00000000099999999981 0.00000000099999999981 0.00000000099999999981 0.00000000099999999981 0.89864507034339147218 0.00000000099999999981 0.00000000099999999981 0.00000000099999999981 0.00000000099999999981 0.10135491965660869962 0.00000000099999999981 
0.00000000099999999996 0.00127496873644463923 0.00000000099999999996 0.00000000099999999996 0.00000000099999999996 0.96899472705558176155 0.00000006636994326985 0.00000000099999999996 0.00000000099999999996 0.00000000099999999996 0.01270179750393969111 0.01702843333409076454 
0.00000000099999999912 0.00000000099999999912 0.00000000099999999912 0.00000000099999999912 0.00000000099999999912 0.00000000099999999912 0.00000000099999999912 0.00000000099999999912 0.00000000099999999912 0.00000000099999999912 0.99999998899999997803 0.00000000099999999912 
0.00000000099999999983 0.00000000099999999983 0.00000000099999999983 0.00000000099999999983 0.00000000099999999983 0.89994644664849532401 0.00000000099999999983 0.00000000099999999983 0.00000014039024796261 0.00000000099999999983 0.10005340396125672608 0.00000000099999999983 
0.00000000099999999973 0.00000000099999999973 0.00000000099999999973 0.00000000099999999973 0.00000000099999999973 0.91381257513748659349 0.00000000099999999973 0.00000000099999999973 0.00000000099999999973 0.00000000099999999973 0.08618741486251343953 0.00000000099999999973 
0.00000000099999999982 0.00000000099999999982 0.00000000099999999982 0.00000000099999999982 0.00000000099999999982 0.87691115072450487311 0.00000000099999999982 0.00000000099999999982 0.02424740860089288907 0.00000000099999999982 0.08205805546185199195 0.01678337721275027089 
0.00000000763166117432 0.42609702381731673348 0.57390295955102232917 0.00000000099999999992 0.00000000099999999992 0.00000000099999999992 0.00000000099999999992 0.00000000099999999992 0.00000000099999999992 0.00000000099999999992 0.00000000099999999992 0.00000000099999999992 
0.00000000099999999933 0.00000000099999999933 0.00000000099999999933 0.00000000099999999933 0.00000000099999999933 0.00000000099999999933 0.00000000099999999933 0.00000000099999999933 0.00000000099999999933 0.00000000099999999933 0.99999998899999997803 0.00000000099999999933 
0.00000000099999999943 0.00000000099999999943 0.00000000099999999943 0.00000000099999999943 0.00000000099999999943 0.00000000099999999943 0.00000000099999999943 0.00000000099999999943 0.00000000099999999943 0.00000000099999999943 0.99999998899999986701 0.00000000099999999943 
0.00000000099999999987 0.00000000099999999987 0.00000000099999999987 0.00000000099999999987 0.00000000099999999987 0.95664724680825130587 0.00000000099999999987 0.00000000099999999987 0.00000000099999999987 0.00000000099999999987 0.04335274319174888674 0.00000000099999999987 
0.21007276327633156443 0.07183886202057303272 0.03596291978041084997 0.00000000099999999983 0.00000000099999999983 0.00000000099999999983 0.00000000099999999983 0.32958305268353610407 0.00000000099999999983 0.35254239523914848720 0.00000000099999999983 0.00000000099999999983 
0.00000000099999999987 0.23117154737215422911 0.01706192363699788467 0.00000000099999999987 0.02368475805588438413 0.00000000099999999987 0.00000000099999999987 0.72808176293496351672 0.00000000099999999987 0.00000000099999999987 0.00000000099999999987 0.00000000099999999987 
0.00000000099999999965 0.00000000099999999965 0.00000000099999999965 0.00000000099999999965 0.00000000099999999965 0.00000000099999999965 0.00000000099999999965 0.99999998899999997803 0.00000000099999999965 0.00000000099999999965 0.00000000099999999965 0.00000000099999999965 
0.00000000099999999930 0.00000000099999999930 0.00000000099999999930 0.00000000099999999930 0.00000000099999999930 0.00000000099999999930 0.00000000099999999930 0.00000000099999999930 0.00000000099999999930 0.99999998899999997803 0.00000000099999999930 0.00000000099999999930 
0.00000000099999999917 0.00000000099999999917 0.00000000099999999917 0.00000000099999999917 0.00000000099999999917 0.00000000099999999917 0.00000000099999999917 0.00000000099999999917 0.00000000099999999917 0.99999998899999997803 0.00000000099999999917 0.00000000099999999917 
0.00000000099999999974 0.00000000099999999974 0.00000000099999999974 0.00000000099999999974 0.00000000099999999974 0.82193741588997226710 0.00000000099999999974 0.00000000099999999974 0.00100875893724258173 0.00000000099999999974 0.17705381617278526107 0.00000000099999999974 
0.01292845536102972190 0.15720184392177907751 0.07488959676990399050 0.00000000099999999993 0.02905697386467437360 0.00000000099999999993 0.00000000099999999993 0.72441540062737241890 0.00000000099999999993 0.00000000099999999993 0.00000000099999999993 0.00150772345524052983 
0.03551606477630291081 0.52018038844810987609 0.00000000099999999991 0.00000000099999999991 0.00000000099999999991 0.00000000099999999991 0.00000000099999999991 0.42042556896481475537 0.00000000099999999991 0.02387796981077257297 0.00000000099999999991 0.00000000099999999991 
0.01269824990558470791 0.00000000099999999986 0.17098868334347974707 0.00000000099999999986 0.03239427002961588198 0.00000000099999999986 0.00000000099999999986 0.78391878872131970368 0.00000000099999999986 0.00000000099999999986 0.00000000099999999986 0.00000000099999999986 
0.00000000099999999977 0.00000000099999999977 0.15192973023793540643 0.00000000099999999977 0.00000000099999999977 0.00000000099999999977 0.00000000099999999977 0.84807025976206462659 0.00000000099999999977 0.00000000099999999977 0.00000000099999999977 0.00000000099999999977 
0.00000000099999999973 0.00000000099999999973 0.00000000099999999973 0.00000000099999999973 0.00000000099999999973 0.00000000099999999973 0.00000000099999999973 0.99999998899999997803 0.00000000099999999973 0.00000000099999999973 0.00000000099999999973 0.00000000099999999973 
0.00000000099999999913 0.00000000099999999913 0.00000000099999999913 0.00000000099999999913 0.00000000099999999913 0.00000000099999999913 0.00000000099999999913 0.00000000099999999913 0.00000000099999999913 0.99999998899999997803 0.00000000099999999913 0.00000000099999999913 
0.00000000099999999936 0.00000000099999999936 0.00000000099999999936 0.00000000099999999936 0.00000000099999999936 0.00000000099999999936 0.00000000099999999936 0.00000000099999999936 0.00000000099999999936 0.99999998899999997803 0.00000000099999999936 0.00000000099999999936 
0.00000000099999999988 0.15183148354760536702 0.08457354827291810317 0.00000000099999999988 0.00000000099999999988 0.00000000099999999988 0.00000000099999999988 0.76359495917947672883 0.00000000099999999988 0.00000000099999999988 0.00000000099999999988 0.00000000099999999988 
0.00000000099999999963 0.00000000099999999963 0.00000000099999999963 0.00000000099999999963 0.00000000099999999963 0.00000000099999999963 0.00000000099999999963 0.99999998899999997803 0.00000000099999999963 0.00000000099999999963 0.00000000099999999963 0.00000000099999999963 
0.00000001091226297895 0.40999372743937040342 0.00000000099999999985 0.00000000099999999985 0.00000000099999999985 0.00000000099999999985 0.00000000099999999985 0.59000625264836659145 0.00000000099999999985 0.00000000099999999985 0.00000000099999999985 0.00000000099999999985 
0.00276135903875763611 0.00000000099999999990 0.24358684701052693566 0.00000000099999999990 0.00000000099999999990 0.00000000099999999990 0.00000000099999999990 0.71312885609963616584 0.00000000099999999990 0.04052292985107930345 0.00000000099999999990 0.00000000099999999990 
0.00944785859675873960 0.38122808798529389529 0.02887716170543924710 0.00000000099999999996 0.02135261572649968520 0.00000000099999999996 0.00000000099999999996 0.52967302224565260271 0.00000000099999999996 0.02712016670379095024 0.00000000099999999996 0.00230108203656485648 
0.20221544455355500158 0.29533339500273791955 0.00000000099999999985 0.00000000099999999985 0.00000000099999999985 0.00000000099999999985 0.00000000099999999985 0.17508612743937199130 0.00000000099999999985 0.32736502500433500851 0.00000000099999999985 0.00000000099999999985 
0.02038100593902466076 0.47916246164732428925 0.00000000099999999990 0.00000000099999999990 0.00000000099999999990 0.00000000099999999990 0.00000000099999999990 0.46655645235173398566 0.00000000099999999990 0.03390007206191696792 0.00000000099999999990 0.00000000099999999990 
0.00000000133016863411 0.45231923919026872927 0.00000000099999999992 0.00000000099999999992 0.00000000099999999992 0.00000000099999999992 0.00000000099999999992 0.51342469527041589838 0.00000000099999999992 0.03425605620914660282 0.00000000099999999992 0.00000000099999999992 
0.00000000099999999990 0.31154095264359477069 0.00000000099999999990 0.00000000099999999990 0.02636011701572644333 0.00000000099999999990 0.00000000099999999990 0.66209892134067860336 0.00000000099999999990 0.00000000099999999990 0.00000000099999999990 0.00000000099999999990 
0.00000000099999999979 0.24491221684996267172 0.75444572585764901884 0.00000000099999999979 0.00064204829238827612 0.00000000099999999979 0.00000000099999999979 0.00000000099999999979 0.00000000099999999979 0.00000000099999999979 0.00000000099999999979 0.00000000099999999979 
0.14228461908503328703 0.34376445451204917791 0.00000000099999999987 0.00000000099999999987 0.00000000099999999987 0.00000000099999999987 0.00000000099999999987 0.16299654109704586613 0.00000000099999999987 0.35095437730587164538 0.00000000099999999987 0.00000000099999999987 
0.00000000334795318035 0.16194713366517471398 0.48175738978902210574 0.00000000099999999996 0.18505769999232812850 0.01341172947256448825 0.00000000099999999996 0.11316317361157951504 0.00091367766482710038 0.00000000099999999996 0.00000000099999999996 0.04374918845655087485 
0.19170611546244606394 0.22426836600584032499 0.00000000099999999987 0.00000000099999999987 0.00000000099999999987 0.00000000099999999987 0.00000000099999999987 0.05217951343084566151 0.00000000099999999987 0.53184599710086788438 0.00000000099999999987 0.00000000099999999987 
0.08451620294402913125 0.20128746203898995049 0.00000000099999999988 0.00000000099999999988 0.06062144713192637452 0.00000000099999999988 0.00000000099999999988 0.33068853325425123790 0.00000000099999999988 0.32288634763080326096 0.00000000099999999988 0.00000000099999999988 
0.13606921185616835390 0.24553362414637780464 0.00000000099999999990 0.00000000099999999990 0.05037006585135102993 0.00000000099999999990 0.00000000099999999990 0.25100354627070969871 0.00000000099999999990 0.31702354487539302630 0.00000000099999999990 0.00000000099999999990 
0.00000000099999999988 0.41838111090595514474 0.58161887909404508257 0.00000000099999999988 0.00000000099999999988 0.00000000099999999988 0.00000000099999999988 0.00000000099999999988 0.00000000099999999988 0.00000000099999999988 0.00000000099999999988 0.00000000099999999988 
0.00000000099999999977 0.21277454302860793200 0.00000000099999999977 0.00000000099999999977 0.78722544697139229530 0.00000000099999999977 0.00000000099999999977 0.00000000099999999977 0.00000000099999999977 0.00000000099999999977 0.00000000099999999977 0.00000000099999999977 
0.00000000099999999984 0.40850553579772758139 0.59144148297783361024 0.00000000099999999984 0.00000000099999999984 0.00000000099999999984 0.00000000099999999984 0.00005297222443897354 0.00000000099999999984 0.00000000099999999984 0.00000000099999999984 0.00000000099999999984 
0.00000000099999999952 0.00000000099999999952 0.00000000099999999952 0.00000000099999999952 0.00000000099999999952 0.00000000099999999952 0.00000000099999999952 0.00000000099999999952 0.00000000099999999952 0.99999998900000008906 0.00000000099999999952 0.00000000099999999952 
0.16017597525407761827 0.26424351559753533891 0.00000000099999999984 0.00000000099999999984 0.00000000099999999984 0.00000000099999999984 0.00000000099999999984 0.00000000099999999984 0.00000000099999999984 0.57558050014838690878 0.00000000099999999984 0.00000000099999999984 
0.03793089390684072776 0.26898296449203373815 0.43187734778316161366 0.00000000099999999997 0.17000405071738530771 0.00467978275746967244 0.00000000099999999997 0.03824903256026970094 0.00000000099999999997 0.01320373946772975850 0.00000000099999999997 0.03507218431510980561 
0.12658387269966561717 0.30111512264117873405 0.00000000099999999992 0.00000000099999999992 0.00000000099999999992 0.00000000099999999992 0.00000000099999999992 0.19465921406643377223 0.00000000099999999992 0.37764178259272174198 0.00000000099999999992 0.00000000099999999992 
0.15337934437053810099 0.28475540241051794377 0.00000000099999999985 0.00000000099999999985 0.00000000099999999985 0.00000000099999999985 0.00000000099999999985 0.18834410725411551701 0.00000000099999999985 0.37352113796482838692 0.00000000099999999985 0.00000000099999999985 
0.00000000099999999978 0.22373190492544209329 0.00000000099999999978 0.00000000099999999978 0.01677792259839803318 0.00000000099999999978 0.00000000099999999978 0.75949016347615982969 0.00000000099999999978 0.00000000099999999978 0.00000000099999999978 0.00000000099999999978 
0.00000000099999999972 0.00000000099999999972 0.00000000099999999972 0.00000000099999999972 0.00000000099999999972 0.00000000099999999972 0.00000000099999999972 0.00000000099999999972 0.00000000099999999972 0.99999998900000008906 0.00000000099999999972 0.00000000099999999972 
0.00000000099999999949 0.00000000099999999949 0.00000000099999999949 0.00000000099999999949 0.00000000099999999949 0.00000000099999999949 0.00000000099999999949 0.00000000099999999949 0.00000000099999999949 0.99999998900000008906 0.00000000099999999949 0.00000000099999999949 
0.00000000099999999959 0.00000000099999999959 0.00000000099999999959 0.00000000099999999959 0.00000000099999999959 0.00000000099999999959 0.00000000099999999959 0.00000000099999999959 0.00000000099999999959 0.99999998899999997803 0.00000000099999999959 0.00000000099999999959 
0.15214034979306476081 0.22480461924751388159 0.00000000099999999988 0.00000000099999999988 0.00000062671428216452 0.00000000099999999988 0.00000000099999999988 0.19037792486525528801 0.00000000099999999988 0.43267647237988399178 0.00000000099999999988 0.00000000099999999988 
0.11736822374596465879 0.30631766564930285046 0.00000000099999999992 0.00000000099999999992 0.00000000099999999992 0.00000000099999999992 0.00000000099999999992 0.17436476840061157501 0.00000000099999999992 0.40194933420412087832 0.00000000099999999992 0.00000000099999999992 
0.00000005647858763931 0.30765594970778881168 0.00000000099999999988 0.00000000099999999988 0.07167792377475781795 0.00000000099999999988 0.00000000099999999988 0.62066606203886576232 0.00000000099999999988 0.00000000099999999988 0.00000000099999999988 0.00000000099999999988 
0.14113620897606668492 0.23394022152647472867 0.00000000099999999987 0.00000000099999999987 0.03864271768038560206 0.00000000099999999987 0.00000000099999999987 0.23115121487028150726 0.00000000099999999987 0.35512962994679153628 0.00000000099999999987 0.00000000099999999987 
0.11602758664559485735 0.26503725593096938429 0.00000000099999999988 0.00000000099999999988 0.03487308595022077518 0.00000000099999999988 0.00000000099999999988 0.24743672830040616684 0.00000000099999999988 0.33662533617280876452 0.00000000099999999988 0.00000000099999999988 
0.00000000099999999984 0.43707276541825129668 0.56292722458174870859 0.00000000099999999984 0.00000000099999999984 0.00000000099999999984 0.00000000099999999984 0.00000000099999999984 0.00000000099999999984 0.00000000099999999984 0.00000000099999999984 0.00000000099999999984 
0.00000000099999999979 0.06027147629496180242 0.00000000099999999979 0.00000000099999999979 0.03311183788632721114 0.00000000099999999979 0.00000000099999999979 0.90661667681871094260 0.00000000099999999979 0.00000000099999999979 0.00000000099999999979 0.00000000099999999979 
0.00000000099999999978 0.23969483100083860405 0.00000000099999999978 0.00000000099999999978 0.76030515899916140121 0.00000000099999999978 0.00000000099999999978 0.00000000099999999978 0.00000000099999999978 0.00000000099999999978 0.00000000099999999978 0.00000000099999999978 
0.00000000099999999981 0.35696650856416040076 0.64303348143583960450 0.00000000099999999981 0.00000000099999999981 0.00000000099999999981 0.00000000099999999981 0.00000000099999999981 0.00000000099999999981 0.00000000099999999981 0.00000000099999999981 0.00000000099999999981 
0.00000000099999999955 0.00000000099999999955 0.00000000099999999955 0.00000000099999999955 0.00000000099999999955 0.00000000099999999955 0.00000000099999999955 0.00000000099999999955 0.00000000099999999955 0.99999998900000008906 0.00000000099999999955 0.00000000099999999955 
0.20772469458082604143 0.20997955920281899389 0.00000000099999999985 0.00000000099999999985 0.02335573237241376360 0.00000000099999999985 0.00000000099999999985 0.17887576568914270725 0.00000000099999999985 0.38006424115479847670 0.00000000099999999985 0.00000000099999999985 
0.05111855011752598765 0.26874142504197240378 0.00000009631356530954 0.00000000099999999993 0.03807473852468062220 0.00000000099999999993 0.00000000099999999993 0.37523650885455045456 0.00000000099999999993 0.26682867514770536310 0.00000000099999999993 0.00000000099999999993 
0.00000000099999999977 0.26234725279018977773 0.00000000099999999977 0.00000000099999999977 0.73765273720981017203 0.00000000099999999977 0.00000000099999999977 0.00000000099999999977 0.00000000099999999977 0.00000000099999999977 0.00000000099999999977 0.00000000099999999977 
0.01865649861396383863 0.38097202841680050112 0.06213392705975598340 0.00000000099999999993 0.36097005521103442405 0.00000000099999999993 0.00000000099999999993 0.17726748369844522180 0.00000000099999999993 0.00000000099999999993 0.00000000099999999993 0.00000000099999999993 
0.00000000099999999972 0.00000000099999999972 0.00000000099999999972 0.00000000099999999972 0.00000000099999999972 0.00000000099999999972 0.00000000099999999972 0.00000000099999999972 0.00000000099999999972 0.99999998900000008906 0.00000000099999999972 0.00000000099999999972 
0.16704810076058071444 0.15223498346059405328 0.00000000099999999987 0.00000000099999999987 0.00000000099999999987 0.00000000099999999987 0.00000000099999999987 0.15976195476515753224 0.00000000099999999987 0.52095495301366767649 0.00000000099999999987 0.00000000099999999987 
0.00000000099999999998 0.00967814253134254877 0.04988358859462234396 0.00145359391462909293 0.07724083468089436300 0.44056381410152417599 0.00497839531587546385 0.00000000099999999998 0.01086945426260911736 0.00000000099999999998 0.03101068019598675340 0.37432149340251619218 
0.00000000099999999946 0.00000000099999999946 0.00000000099999999946 0.00000000099999999946 0.00000000099999999946 0.00000000099999999946 0.00000000099999999946 0.00000000099999999946 0.00000000099999999946 0.00000000099999999946 0.00000000099999999946 0.99999998900000008906 
0.00000000099999999998 0.02975582962268497056 0.03884876221163136717 0.00724688001862205857 0.06756015213002211639 0.45388288974253598873 0.00456503736868114039 0.00000000099999999998 0.02401946792092052654 0.00000000099999999998 0.00996160495478230421 0.36415937303011963744 
0.00000000099999999937 0.00000000099999999937 0.00000000099999999937 0.00000000099999999937 0.00000000099999999937 0.00000000099999999937 0.00000000099999999937 0.00000000099999999937 0.00000000099999999937 0.00000000099999999937 0.00000000099999999937 0.99999998899999997803 
0.00000000099999999928 0.00000000099999999928 0.00000000099999999928 0.00000000099999999928 0.00000000099999999928 0.00000000099999999928 0.00000000099999999928 0.00000000099999999928 0.00000000099999999928 0.00000000099999999928 0.00000000099999999928 0.99999998899999997803 
0.00000000099999999919 0.00000000099999999919 0.00000000099999999919 0.00000000099999999919 0.00000000099999999919 0.00000000099999999919 0.00000000099999999919 0.00000000099999999919 0.00000000099999999919 0.00000000099999999919 0.00000000099999999919 0.99999998900000008906 
0.00000000099999999997 0.05034601023911381562 0.04348128417940923945 0.00696061171607899667 0.05401254711346956811 0.46270774796124169992 0.00000000099999999997 0.00000000099999999997 0.01258810883487361705 0.00000000099999999997 0.00060999798918056128 0.36929368796663269991 
0.00000000099999999936 0.00000000099999999936 0.00000000099999999936 0.00000000099999999936 0.00000000099999999936 0.00000000099999999936 0.00000000099999999936 0.00000000099999999936 0.00000000099999999936 0.00000000099999999936 0.00000000099999999936 0.99999998900000008906 
