0.00000000099999999997 0.87193161993463375037 0.00000000099999999997 0.12674126917846742502 0.00132710688689889351 0.00000000099999999997 0.00000000099999999997 
0.23687945849904717965 0.00000000099999999993 0.00000000099999999993 0.00000000099999999993 0.00000000099999999993 0.00000000099999999993 0.76312053650095279522 
0.00000000099999999997 0.92321108890147951520 0.00000000099999999997 0.07678687092559645377 0.00000000099999999997 0.00000203617292414148 0.00000000099999999997 
0.00000000099999999996 0.93909321842685677950 0.00000000099999999996 0.02295626544853301282 0.01007703816350078926 0.02787347496110940265 0.00000000099999999996 
0.00000000099999999998 0.96204894642588545395 0.00000000099999999998 0.00000005412682847214 0.01223192731456410921 0.02571906913272202153 0.00000000099999999998 
0.99999999400000005867 0.00000000099999999974 0.00000000099999999974 0.00000000099999999974 0.00000000099999999974 0.00000000099999999974 0.00000000099999999974 
0.00000000099999999990 0.88802435784448607858 0.00000000099999999990 0.11197563715551393793 0.00000000099999999990 0.00000000099999999990 0.00000000099999999990 
0.99999999400000005867 0.00000000099999999955 0.00000000099999999955 0.00000000099999999955 0.00000000099999999955 0.00000000099999999955 0.00000000099999999955 
0.00000000099999999992 0.81786626045005395014 0.00000000099999999992 0.18213373454994621903 0.00000000099999999992 0.00000000099999999992 0.00000000099999999992 
0.00000000099999999990 0.87959483703168039881 0.00000000099999999990 0.12040515796831972872 0.00000000099999999990 0.00000000099999999990 0.00000000099999999990 
0.00000000099999999996 0.93863178648266221149 0.00000000099999999996 0.01450249974425957267 0.04100422590230261982 0.00586148487077574245 0.00000000099999999996 
0.00000000099999999998 0.98630609474905817091 0.00000000099999999998 0.00000012155239513621 0.00356670726640778658 0.01012707343213890138 0.00000000099999999998 
0.00000000099999999997 0.96126197562000137431 0.00000000099999999997 0.00446821639458592958 0.00000000099999999997 0.03426980398541288469 0.00000000099999999997 
0.21140068948188367459 0.00000000099999999996 0.00000000099999999996 0.00000000099999999996 0.01222140353298810725 0.00000000099999999996 0.77637790298512820986 
0.00000000099999999992 0.92166074940625486445 0.00000000099999999992 0.07833924559374516594 0.00000000099999999992 0.00000000099999999992 0.00000000099999999992 
0.00000000099999999991 0.83370241789015553380 0.00000000099999999991 0.16562218721121191312 0.00067539089863274601 0.00000000099999999991 0.00000000099999999991 
0.00000000099999999993 0.90468139817737347474 0.00000000099999999993 0.09531859682262674993 0.00000000099999999993 0.00000000099999999993 0.00000000099999999993 
0.00000000099999999947 0.00000000099999999947 0.00000000099999999947 0.00000000099999999947 0.99999999399999994765 0.00000000099999999947 0.00000000099999999947 
0.99999999400000016969 0.00000000099999999971 0.00000000099999999971 0.00000000099999999971 0.00000000099999999971 0.00000000099999999971 0.00000000099999999971 
0.00000000099999999946 0.00000000099999999946 0.00000000099999999946 0.00000000099999999946 0.99999999399999994765 0.00000000099999999946 0.00000000099999999946 
0.00000000099999999999 0.97157178475137739859 0.00007399183474783080 0.00004010552995873508 0.00273172087037903705 0.02558239501353701262 0.00000000099999999999 
0.99999999400000005867 0.00000000099999999962 0.00000000099999999962 0.00000000099999999962 0.00000000099999999962 0.00000000099999999962 0.00000000099999999962 
0.00000000099999999967 0.00000000099999999967 0.00000000099999999967 0.99999999399999994765 0.00000000099999999967 0.00000000099999999967 0.00000000099999999967 
0.00000000099999999991 0.87384185583637818961 0.00000000099999999991 0.12430196027646590873 0.00185617988715591591 0.00000000099999999991 0.00000000099999999991 
0.00000000099999999995 0.84514769841343129197 0.00000000099999999995 0.10877863074003690791 0.01117391717326343334 0.03489975067326838570 0.00000000099999999995 
0.00000000099999999985 0.75143804539305059098 0.00000000099999999985 0.24856194960694935614 0.00000000099999999985 0.00000000099999999985 0.00000000099999999985 
0.03375202169865230278 0.00000000099999999994 0.96624797330134770679 0.00000000099999999994 0.00000000099999999994 0.00000000099999999994 0.00000000099999999994 
0.99999999400000016969 0.00000000099999999976 0.00000000099999999976 0.00000000099999999976 0.00000000099999999976 0.00000000099999999976 0.00000000099999999976 
0.12406321098372807832 0.71383075888945080045 0.00000000099999999997 0.15488310691178899803 0.00722292021503224187 0.00000000099999999997 0.00000000099999999997 
0.00128454768625521631 0.76807431408998838585 0.00733780787070877939 0.19186002124075091091 0.01468841166309542944 0.00000000100000000000 0.01675489644920121271 
0.00000000099999999994 0.74615660981756504189 0.00000000099999999994 0.14572031727999515405 0.00319431040697503452 0.10492875949546490166 0.00000000099999999994 
0.00000000099999999991 0.86644420117162546102 0.00000000099999999991 0.13355579382837468039 0.00000000099999999991 0.00000000099999999991 0.00000000099999999991 
0.00952845712819811591 0.93909252502190043721 0.00000000099999999998 0.00926966239393137506 0.02562020771828962817 0.01648914573768064940 0.00000000099999999998 
0.00000000099999999961 0.00000000099999999961 0.00000000099999999961 0.99999999400000005867 0.00000000099999999961 0.00000000099999999961 0.00000000099999999961 
0.00000000099999999993 0.89428859970245144773 0.00000000099999999993 0.10571139529754859654 0.00000000099999999993 0.00000000099999999993 0.00000000099999999993 
0.13913467735913034873 0.71151587301786844986 0.00000000099999999993 0.14081022464390191562 0.00853922197909940013 0.00000000099999999993 0.00000000099999999993 
0.00000000099999999998 0.80222966030213649358 0.09712310979287584745 0.09787137939781044571 0.00000000099999999998 0.00277584750717729551 0.00000000099999999998 
0.00000000099999999989 0.00000000099999999989 0.99999999399999994765 0.00000000099999999989 0.00000000099999999989 0.00000000099999999989 0.00000000099999999989 
0.00099381644672572413 0.85325270234979888606 0.00000000099999999999 0.11802659292834714877 0.00763193639218750271 0.00000000099999999999 0.02009494988294079423 
0.00000000099999999996 0.88420931050715356747 0.00000000099999999996 0.07560165972319818350 0.00393872818915372118 0.03625029858049468034 0.00000000099999999996 
0.00000000099999999996 0.93902681674959687097 0.00000000099999999996 0.03953511590190575409 0.00636215366129458827 0.01507591068720290882 0.00000000099999999996 
0.00000000099999999997 0.00000000099999999997 0.99718868074110522670 0.00000000099999999997 0.00188242753689243751 0.00092888772200221419 0.00000000099999999997 
0.00000000099999999997 0.00000000099999999997 0.93304635623432885527 0.00000000099999999997 0.00000000099999999997 0.06695363876567116124 0.00000000099999999997 
0.00000000099999999996 0.00000000099999999996 0.66981969517504635903 0.00000000099999999996 0.00000000099999999996 0.01152744956991875666 0.31865285125503506336 
0.00000000099999999998 0.00320676621545584956 0.83512700104528958533 0.00000000099999999998 0.00000000099999999998 0.04152771476582658300 0.12013851497342802055 
0.00000000099999999994 0.00000000099999999994 0.61373110433709721079 0.00000000099999999994 0.00000000099999999994 0.00000000099999999994 0.38626889066290287511 
0.00000000099999999992 0.00000000099999999992 0.65962487565240768284 0.00000000099999999992 0.00000000099999999992 0.01041187737557878329 0.32996324297201357068 
0.00000000099999999997 0.00000000099999999997 0.81872906102038234266 0.00382325690835223818 0.00000000099999999997 0.04220595389864497532 0.13524172517262039728 
0.00000000099999999991 0.00000000099999999991 0.64010635811620575364 0.00000000099999999991 0.00000000099999999991 0.00327268212008924786 0.35662095576370511640 
0.00000000099999999994 0.00000000099999999994 0.65450571481536123919 0.00000000099999999994 0.00000000099999999994 0.00218232983473971593 0.34331195134989889173 
0.00000000099999999999 0.01635792401428488169 0.80350341378300771389 0.00000338570189691250 0.00450846371585596813 0.03456699304662747690 0.14105981873832709739 
0.00000000099999999996 0.00000000099999999996 0.59744359639122623928 0.00000000099999999996 0.00000000099999999996 0.00027770975110808231 0.40227868985766573884 
0.00000000099999999971 0.00000000099999999971 0.00000000099999999971 0.00000000099999999971 0.99999999400000005867 0.00000000099999999971 0.00000000099999999971 
0.00000000099999999996 0.00000000099999999996 0.66191461923279826252 0.00000000099999999996 0.00000000099999999996 0.04015884510745820757 0.29792653165974364304 
0.00000000099999999992 0.00000000099999999992 0.64477147101719722855 0.00000000099999999992 0.00000000099999999992 0.03695425333156356074 0.31827427165123928221 
0.00000000099999999997 0.00000000099999999997 0.65833491026034396398 0.00000000099999999997 0.00000000099999999997 0.03338562203448645904 0.30827946370516967622 
0.00000000099999999994 0.00000000099999999994 0.63362439409580617600 0.00000000099999999994 0.00000000099999999994 0.02906734543366364110 0.33730825647053014338 
0.00000000099999999998 0.00000000099999999998 0.66307152233387844920 0.00000000099999999998 0.00000000099999999998 0.03393392399420545186 0.30299454967191602472 
0.00000000099999999994 0.00000000099999999994 0.63101847924321474714 0.00000000099999999994 0.00000000099999999994 0.02183115453754495838 0.34715036221924028270 
0.08236823060779328853 0.88770203249426860026 0.00260321009115823841 0.00000000099999999999 0.01115583962314351495 0.01617068518363622837 0.00000000099999999999 
0.00000000099999999996 0.93741430405456993569 0.00000000099999999996 0.03637178045275821225 0.00405540832401848905 0.02215850416865331601 0.00000000099999999996 
0.00000000099999999986 0.23111294651086755625 0.00000000099999999986 0.00000000099999999986 0.76888704848913247414 0.00000000099999999986 0.00000000099999999986 
0.99999999400000005867 0.00000000099999999969 0.00000000099999999969 0.00000000099999999969 0.00000000099999999969 0.00000000099999999969 0.00000000099999999969 
0.00000000099999999987 0.00000000099999999987 0.00000000099999999987 0.99999999399999994765 0.00000000099999999987 0.00000000099999999987 0.00000000099999999987 
0.00000000099999999955 0.00000000099999999955 0.00000000099999999955 0.99999999399999994765 0.00000000099999999955 0.00000000099999999955 0.00000000099999999955 
0.01215425721813103051 0.87385503434329236949 0.00000000099999999994 0.11399060777335651151 0.00000009766522008154 0.00000000099999999994 0.00000000099999999994 
0.00000000099999999946 0.00000000099999999946 0.00000000099999999946 0.00000000099999999946 0.99999999400000005867 0.00000000099999999946 0.00000000099999999946 
0.00000000099999999998 0.85141653392771010633 0.01441826665644603371 0.08631555035853989699 0.01668229465818654028 0.03116735239911733180 0.00000000099999999998 
0.00000000099999999987 0.88077470979282901364 0.00000000099999999987 0.11922528520717115552 0.00000000099999999987 0.00000000099999999987 0.00000000099999999987 
0.00000000099999999985 0.00000000099999999985 0.99999999400000005867 0.00000000099999999985 0.00000000099999999985 0.00000000099999999985 0.00000000099999999985 
0.00000000099999999992 0.89730738255460407160 0.00000000099999999992 0.10269261244539601430 0.00000000099999999992 0.00000000099999999992 0.00000000099999999992 
0.00000000099999999999 0.97016977369929235930 0.00000000099999999999 0.01266800299616668846 0.00000000099999999999 0.01716221930454090577 0.00000000099999999999 
0.00000000099999999957 0.00000000099999999957 0.00000000099999999957 0.99999999400000005867 0.00000000099999999957 0.00000000099999999957 0.00000000099999999957 
0.00000000099999999993 0.89897551180845569618 0.00000000099999999993 0.10102070409144509044 0.00000378010009922645 0.00000000099999999993 0.00000000099999999993 
0.00000000099999999989 0.91294706242173073729 0.00000000099999999989 0.08705293257826939024 0.00000000099999999989 0.00000000099999999989 0.00000000099999999989 
0.00000000099999999994 0.87634961824754409321 0.00000000099999999994 0.08320827906276577479 0.02407497335147485915 0.01636712633821524668 0.00000000099999999994 
0.00000000099999999999 0.00000271676042335524 0.97802743713926132418 0.00000000099999999999 0.00006797462831180346 0.00000000099999999999 0.02190186847200372572 
0.00000000099999999967 0.00000000099999999967 0.00000000099999999967 0.99999999399999994765 0.00000000099999999967 0.00000000099999999967 0.00000000099999999967 
0.00000000099999999972 0.00000000099999999972 0.00000000099999999972 0.99999999399999994765 0.00000000099999999972 0.00000000099999999972 0.00000000099999999972 
0.00000000099999999995 0.95594884464255269751 0.00000000099999999995 0.04405115035744731899 0.00000000099999999995 0.00000000099999999995 0.00000000099999999995 
0.03623580561441574338 0.00000000099999999996 0.07695608166891101942 0.00000000099999999996 0.00000000099999999996 0.00000000099999999996 0.88680810871667337114 
0.00000000099999999990 0.00000000099999999990 0.46666374254731551874 0.00000000099999999990 0.00000000099999999990 0.00000000099999999990 0.53333625245268445614 
0.00000000099999999982 0.00000000099999999982 0.33212079313467496311 0.00000000099999999982 0.00000000099999999982 0.00000000099999999982 0.66787920186532490074 
0.26378059646252838277 0.00000000099999999988 0.00000000099999999988 0.00000000099999999988 0.00000000099999999988 0.00000000099999999988 0.73621939853747153659 
0.27523915722360747793 0.00000000099999999989 0.00000000099999999989 0.00000000099999999989 0.00000000099999999989 0.00000000099999999989 0.72476083777639221939 
0.00000000099999999989 0.82049245104692913877 0.00000000099999999989 0.17848289669875408436 0.00102464825431688132 0.00000000099999999989 0.00000000099999999989 
0.00000000099999999993 0.00000000099999999993 0.47314298479692590282 0.00000000099999999993 0.00000000099999999993 0.00000000099999999993 0.52685701020307396103 
0.00000000099999999996 0.00000000099999999996 0.46778785877915196600 0.00000000099999999996 0.00000000099999999996 0.00437450255010100701 0.52783763467074684694 
0.00000000099999999990 0.00000000099999999990 0.46327311253237357658 0.00000000099999999990 0.00000000099999999990 0.00000000099999999990 0.53672688246762634279 
0.00000000099999999987 0.00000000099999999987 0.47157889104657224610 0.00000000099999999987 0.00000000099999999987 0.00000000099999999987 0.52842110395342778428 
0.00000000099999999982 0.00000000099999999982 0.32306698496348634775 0.00000000099999999982 0.00000000099999999982 0.00000000099999999982 0.67693301003651351611 
0.27374220354356187945 0.00000000099999999988 0.00000000099999999988 0.00000000099999999988 0.00000000099999999988 0.00000000099999999988 0.72625779145643798440 
0.27265400269158152069 0.00000000099999999989 0.00000000099999999989 0.00000000099999999989 0.00000000099999999989 0.00000000099999999989 0.72734599230841834316 
0.00000000099999999991 0.00000000099999999991 0.46878481957302570171 0.00000000099999999991 0.00000000099999999991 0.00000000099999999991 0.53121517542697416214 
0.00000000099999999980 0.00000000099999999980 0.31005911056682838867 0.00000000099999999980 0.00000000099999999980 0.00000000099999999980 0.68994088443317136417 
0.00000000099999999991 0.00000000099999999991 0.47627120220717883425 0.00000000099999999991 0.00000000099999999991 0.00000000099999999991 0.52372879279282102960 
0.00000000099999999996 0.00000000099999999996 0.47320544661439040146 0.00000000099999999996 0.00000000099999999996 0.00000000099999999996 0.52679454838560946239 
0.00000000099999999997 0.00000000099999999997 0.49412284784782456448 0.00000000099999999997 0.00000000099999999997 0.00362960702431496798 0.50224754112786029747 
0.02356726647506867875 0.00000000099999999998 0.05505585818165777828 0.00000000099999999998 0.00000015786127177843 0.00000000099999999998 0.92137671448200186841 
0.00000000099999999994 0.00000000099999999994 0.48039161229904076000 0.00000000099999999994 0.00000000099999999994 0.00000000099999999994 0.51960838270095910385 
0.00000000099999999997 0.00000000099999999997 0.47025250197610701797 0.00000000099999999997 0.00000000099999999997 0.00000000099999999997 0.52974749302389290140 
0.00000000099999999992 0.00000000099999999992 0.45343158774470654349 0.00000000099999999992 0.00000000099999999992 0.00000000099999999992 0.54656840725529343139 
0.00000000099999999986 0.00000000099999999986 0.99999999399999994765 0.00000000099999999986 0.00000000099999999986 0.00000000099999999986 0.00000000099999999986 
0.04627034419451671321 0.00000000099999999999 0.13129615005203831846 0.00000000099999999999 0.00042124582246445071 0.00664721609982189907 0.81536504183115865452 
0.00000000099999999998 0.01344528850034891129 0.80526235526709311063 0.00000000099999999998 0.00190873598080055942 0.04941333671267782862 0.12997028153907966286 
0.10279680684127837087 0.00000000099999999997 0.00965419605296716395 0.00000000099999999997 0.00000000099999999997 0.00435523191326532555 0.88319376219248912907 
0.03303358569245556930 0.00000000099999999998 0.16100157671864523401 0.00000000099999999998 0.01232959761570357957 0.00000000099999999998 0.79363523697319571237 
0.03310381116994724066 0.00000000099999999999 0.16174938990947743123 0.00000000099999999999 0.01545174794036246156 0.00327843073156386259 0.78641661824864894648 
0.00000000099999999997 0.00000000099999999997 0.99143455322080054071 0.00000000099999999997 0.00000000099999999997 0.00856544177919947060 0.00000000099999999997 
0.00000000099999999994 0.00000000099999999994 0.65361110470213579227 0.00000000099999999994 0.00000000099999999994 0.00228516383010980229 0.34410372746775436115 
0.00000000099999999991 0.00000000099999999991 0.97034329917359385398 0.00000000099999999991 0.00000000099999999991 0.00000000099999999991 0.02965669582640629437 
0.19020237203670040116 0.00000000099999999989 0.00000000099999999989 0.00000000099999999989 0.00000000099999999989 0.00000000099999999989 0.80979762296329971250 
0.11629986555502551393 0.00000000099999999997 0.00000000099999999997 0.00000000099999999997 0.00000000099999999997 0.00000000099999999997 0.88370012944497444707 
0.00000000099999999999 0.01077439888981240011 0.80032659054777155472 0.00000000099999999999 0.00000000099999999999 0.04077643100951497401 0.14812257655290117508 
0.06454041969692959901 0.00940782835961830738 0.12446512279437804693 0.00000000100000000000 0.00000000100000000000 0.00307297315200520194 0.79851365399706886183 
0.04414423373182088661 0.00000000099999999999 0.11542306377606199874 0.00000000099999999999 0.00000000099999999999 0.00000000099999999999 0.84043269849211710287 
0.00000000099999999987 0.00000000099999999987 0.30925560629785991962 0.00000000099999999987 0.00000000099999999987 0.00000000099999999987 0.69074438870214005526 
0.20809980617465770325 0.00000000099999999989 0.00000000099999999989 0.00000000099999999989 0.00000000099999999989 0.00000000099999999989 0.79190018882534218836 
0.20213929252420373417 0.00000000099999999987 0.00000000099999999987 0.00000000099999999987 0.00000000099999999987 0.00000000099999999987 0.79786070247579632397 
0.18479755058141131285 0.00000000099999999991 0.00000000099999999991 0.00000000099999999991 0.00000000099999999991 0.00000000099999999991 0.81520244441858857876 
0.08502281219012483571 0.00000000099999999998 0.09034269836309676005 0.00000000099999999998 0.00000000099999999998 0.00555054132262618356 0.81908394512415227950 
0.06881663655546862990 0.00000000099999999999 0.12617937852927677000 0.00000000099999999999 0.00190310263091281748 0.00818597973278726090 0.79491490055155455963 
0.00000000099999999991 0.00000000099999999991 0.44612379783425271107 0.00000000099999999991 0.00000000099999999991 0.00000000099999999991 0.55387619716574709727 
0.04931081218104402947 0.00000000099999999998 0.12601442006621160763 0.00000000099999999998 0.00000000099999999998 0.00792616453546409611 0.81674860021728024062 
0.04000225685354220212 0.00000000099999999998 0.16519269777680123390 0.00000000099999999998 0.00078748355397514707 0.01042238271700555476 0.78359517709867598789 
0.00000000099999999992 0.00000000099999999992 0.99999999399999994765 0.00000000099999999992 0.00000000099999999992 0.00000000099999999992 0.00000000099999999992 
0.00000000099999999983 0.00000000099999999983 0.33925710723721924644 0.00000000099999999983 0.00000000099999999983 0.00000000099999999983 0.66074288776278067292 
0.00000000099999999995 0.00000000099999999995 0.63086991545476733823 0.00000000099999999995 0.00000000099999999995 0.00000000099999999995 0.36913007954523269216 
0.00000000099999999990 0.00000000099999999990 0.99999999399999994765 0.00000000099999999990 0.00000000099999999990 0.00000000099999999990 0.00000000099999999990 
0.19815893931823222451 0.00000000099999999991 0.00000000099999999991 0.00000000099999999991 0.00000000099999999991 0.00000000099999999991 0.80184105568176788914 
0.04869237138174287854 0.00000000099999999998 0.07119758630414718681 0.00000000099999999998 0.00000018293662058292 0.00409537552735502949 0.87601448185013419678 
0.03627433989116492230 0.00000000099999999999 0.23360660964187271449 0.00000000099999999999 0.00167753841367142666 0.00773063059647634016 0.72071087945681466813 
0.00000000099999999994 0.00000000099999999994 0.64833279706116642149 0.00000000099999999994 0.00000000099999999994 0.00003053750993527752 0.35163666142889837829 
0.00000000099999999997 0.00000000099999999997 0.68871666604893666541 0.00000000099999999997 0.00000000099999999997 0.01029597073696848601 0.30098735921409469629 
0.19320828391018823877 0.00000000099999999990 0.00000000099999999990 0.00000000099999999990 0.00000000099999999990 0.00000000099999999990 0.80679171108981162508 
0.10624758669336860362 0.00000000099999999998 0.03546220897035447933 0.00000000099999999998 0.00000000099999999998 0.00087912493816375925 0.85741107639811309227 
0.00896016677182810174 0.43464089570933195361 0.13361604501366922126 0.03355051097479062883 0.01255057845411601015 0.37668180207626400513 0.00000000100000000000 
0.00000000099999999970 0.00000000099999999970 0.00000000099999999970 0.00000000099999999970 0.00000000099999999970 0.99999999400000005867 0.00000000099999999970 
0.01508697298469588791 0.45281548410995531295 0.12930906323118296353 0.01110471414528552137 0.02412499032397106766 0.36755877420490912222 0.00000000100000000000 
0.00000000099999999965 0.00000000099999999965 0.00000000099999999965 0.00000000099999999965 0.00000000099999999965 0.99999999399999994765 0.00000000099999999965 
0.00000000099999999961 0.00000000099999999961 0.00000000099999999961 0.00000000099999999961 0.00000000099999999961 0.99999999400000005867 0.00000000099999999961 
0.00000000099999999956 0.00000000099999999956 0.00000000099999999956 0.00000000099999999956 0.00000000099999999956 0.99999999399999994765 0.00000000099999999956 
0.00289968948205536784 0.46753985719890683859 0.14328483696833491101 0.00016133989893802179 0.01411668714905895371 0.37199758830270607257 0.00000000100000000000 
0.00000000099999999965 0.00000000099999999965 0.00000000099999999965 0.00000000099999999965 0.00000000099999999965 0.99999999399999994765 0.00000000099999999965 
0.00762136068202495104 0.48366842655659408878 0.11806121476849665286 0.00000071626669873284 0.03412520458186859423 0.35652307614431699712 0.00000000099999999999 
0.00000000099999999955 0.00000000099999999955 0.00000000099999999955 0.00000000099999999955 0.00000000099999999955 0.99999999399999994765 0.00000000099999999955 
0.00000000099999999985 0.16611154703414948708 0.00000000099999999985 0.08632192876989719377 0.74756652019595326575 0.00000000099999999985 0.00000000099999999985 
0.00000000099999999995 0.89200198800281271794 0.00000000099999999995 0.10799800699718722918 0.00000000099999999995 0.00000000099999999995 0.00000000099999999995 
0.00000000099999999958 0.00000000099999999958 0.00000000099999999958 0.00000000099999999958 0.99999999399999994765 0.00000000099999999958 0.00000000099999999958 
0.04399416314661411948 0.00000000099999999997 0.06361205488711975387 0.00000000099999999997 0.00000000099999999997 0.00000000099999999997 0.89239377796626606631 
0.00000000099999999992 0.88428877141641604176 0.00000000099999999992 0.11571122358358403026 0.00000000099999999992 0.00000000099999999992 0.00000000099999999992 
0.00000000099999999998 0.92962822281747481412 0.00000000099999999998 0.03745007392389900630 0.00489370081991905449 0.02802799943870721774 0.00000000099999999998 
0.04618661469264655206 0.00000000099999999996 0.03154265599201196840 0.00000000099999999996 0.00000000099999999996 0.00000000099999999996 0.92227072531534148858 
0.99999999400000016969 0.00000000099999999967 0.00000000099999999967 0.00000000099999999967 0.00000000099999999967 0.00000000099999999967 0.00000000099999999967 
0.00000000099999999998 0.98028062021529371872 0.00000000099999999998 0.00000000099999999998 0.00443472379422407432 0.01528465199048227759 0.00000000099999999998 
0.00000000099999999995 0.00000000099999999995 0.68669736185667806794 0.00000000099999999995 0.00000000099999999995 0.00365282265296001029 0.30964981149036197028 
0.02670208317140918344 0.00000000099999999998 0.08988305244954866713 0.00000000099999999998 0.00000000099999999998 0.00000724185260990298 0.88340761952643220845 
0.00000000099999999993 0.00000000099999999993 0.65178899600791551094 0.00000000099999999993 0.00000000099999999993 0.00600106409598384020 0.34220993589610054775 
0.03912253057834329251 0.00000000099999999997 0.05662751885350071623 0.00000000099999999997 0.00854382296120220069 0.00000000099999999997 0.89570612460695386847 
0.00000000099999999996 0.00000000099999999996 0.68170851898878059849 0.00000000099999999996 0.00000000099999999996 0.01459444198247241906 0.30369703502874706436 
0.00000000099999999996 0.97309381129430483348 0.00000000099999999996 0.01221000300282471668 0.00000000099999999996 0.01469618170287062195 0.00000000099999999996 
0.00000000099999999991 0.81250847044034113509 0.00000000099999999991 0.17789708888918698282 0.00959443667047198655 0.00000000099999999991 0.00000000099999999991 
0.00000000099999999993 0.00000000099999999993 0.63099366887808838733 0.00000000099999999993 0.00000000099999999993 0.00000000150197353402 0.36900632561993823577 
0.00000000099999999992 0.00000000099999999992 0.68754720527652279927 0.00000000099999999992 0.00000000099999999992 0.00451288932653508279 0.30793990139694216168 
0.99999999400000016969 0.00000000099999999977 0.00000000099999999977 0.00000000099999999977 0.00000000099999999977 0.00000000099999999977 0.00000000099999999977 
0.02948432982173878475 0.00000000099999999997 0.09144885917024371536 0.00000000099999999997 0.00001838713658286912 0.00000000099999999997 0.87904842087143453266 
0.00000000099999999963 0.00000000099999999963 0.00000000099999999963 0.00000000099999999963 0.00000000099999999963 0.99999999400000005867 0.00000000099999999963 
0.00000000099999999995 0.00000000099999999995 0.93506922595941821541 0.00000000099999999995 0.00000000099999999995 0.06493076904058178722 0.00000000099999999995 
0.00000000099999999959 0.00000000099999999959 0.00000000099999999959 0.00000000099999999959 0.00000000099999999959 0.99999999400000005867 0.00000000099999999959 
0.00000000099999999964 0.00000000099999999964 0.00000000099999999964 0.00000000099999999964 0.00000000099999999964 0.99999999400000005867 0.00000000099999999964 
0.00261444539415165312 0.00180880565322290190 0.93857009143233449677 0.00000000099999999999 0.00000000099999999999 0.05700665452029082120 0.00000000099999999999 
0.00000000099999999979 0.00000000099999999979 0.00000000099999999979 0.00000000099999999979 0.00000000099999999979 0.99999999400000005867 0.00000000099999999979 
0.00000000099999999997 0.00000000099999999997 0.93936472088426692384 0.00000000099999999997 0.00000000099999999997 0.06063527411573295389 0.00000000099999999997 
0.00000000099999999999 0.00805554753131696236 0.94352467443825660531 0.00000992838555547625 0.00000000099999999999 0.04840984664487106570 0.00000000099999999999 
0.00000000099999999989 0.79139799200343985408 0.00000000099999999989 0.20538281879424488685 0.00321918520231523038 0.00000000099999999989 0.00000000099999999989 
0.00000000144171874049 0.95137487784092999998 0.00000000099999999997 0.01508361230997189162 0.00000000099999999997 0.03354150540737931008 0.00000000099999999997 
0.00000000099999999988 0.79295668332766777731 0.00000000099999999988 0.19970560095065614803 0.00733771172167609238 0.00000000099999999988 0.00000000099999999988 
0.00000000099999999994 0.89201958734504638304 0.00000000099999999994 0.10798040765495368898 0.00000000099999999994 0.00000000099999999994 0.00000000099999999994 
0.00000000099999999998 0.92945970008406098017 0.00000000099999999998 0.04550145465621083241 0.00000000099999999998 0.02503884125972815483 0.00000000099999999998 
0.00000000099999999984 0.00000000099999999984 0.99999999399999994765 0.00000000099999999984 0.00000000099999999984 0.00000000099999999984 0.00000000099999999984 
0.00000000099999999990 0.00000000099999999990 0.99999999400000005867 0.00000000099999999990 0.00000000099999999990 0.00000000099999999990 0.00000000099999999990 
0.00000000099999999962 0.00000000099999999962 0.00000000099999999962 0.99999999400000005867 0.00000000099999999962 0.00000000099999999962 0.00000000099999999962 
0.00000000099999999991 0.81966487763451234549 0.00000000099999999991 0.18033511736548768489 0.00000000099999999991 0.00000000099999999991 0.00000000099999999991 
0.00000000099999999960 0.00000000099999999960 0.00000000099999999960 0.99999999399999994765 0.00000000099999999960 0.00000000099999999960 0.00000000099999999960 
0.00000000099999999982 0.00000000099999999982 0.99999999400000005867 0.00000000099999999982 0.00000000099999999982 0.00000000099999999982 0.00000000099999999982 
0.00000000099999999988 0.83215488145169469458 0.00000000099999999988 0.16784511354830541907 0.00000000099999999988 0.00000000099999999988 0.00000000099999999988 
0.00000000099999999997 0.95810727487032587568 0.00000000099999999997 0.02210586692962483030 0.00000000099999999997 0.01978685420004927878 0.00000000099999999997 
0.00000000099999999990 0.88636913906442382771 0.00000000099999999990 0.11363085593557624431 0.00000000099999999990 0.00000000099999999990 0.00000000099999999990 
0.00000000099999999992 0.85554656130506612222 0.00000000099999999992 0.14445343369493399144 0.00000000099999999992 0.00000000099999999992 0.00000000099999999992 
0.99999999400000005867 0.00000000099999999978 0.00000000099999999978 0.00000000099999999978 0.00000000099999999978 0.00000000099999999978 0.00000000099999999978 
0.00000000099999999992 0.85330116363660890588 0.00000000099999999992 0.14039522374667559590 0.00630360861671547777 0.00000000099999999992 0.00000000099999999992 
0.00000000099999999992 0.86041942153966510798 0.00000000099999999992 0.13958057346033500568 0.00000000099999999992 0.00000000099999999992 0.00000000099999999992 
0.99999999400000005867 0.00000000099999999980 0.00000000099999999980 0.00000000099999999980 0.00000000099999999980 0.00000000099999999980 0.00000000099999999980 
0.00000000099999999995 0.85770760394147238515 0.00000000099999999995 0.13659013535185357546 0.00570225670667404930 0.00000000099999999995 0.00000000099999999995 
0.00000000099999999983 0.00000000099999999983 0.99999999400000005867 0.00000000099999999983 0.00000000099999999983 0.00000000099999999983 0.00000000099999999983 
0.00000000099999999993 0.00000000099999999993 0.99999999399999994765 0.00000000099999999993 0.00000000099999999993 0.00000000099999999993 0.00000000099999999993 
0.00000000099999999987 0.00000000099999999987 0.99999999399999994765 0.00000000099999999987 0.00000000099999999987 0.00000000099999999987 0.00000000099999999987 
0.00000000099999999986 0.00000000099999999986 0.99999999400000005867 0.00000000099999999986 0.00000000099999999986 0.00000000099999999986 0.00000000099999999986 
0.00000000099999999988 0.00000000099999999988 0.99999999399999994765 0.00000000099999999988 0.00000000099999999988 0.00000000099999999988 0.00000000099999999988 
0.00000000099999999986 0.00000000099999999986 0.99999999399999994765 0.00000000099999999986 0.00000000099999999986 0.00000000099999999986 0.00000000099999999986 
0.00000000099999999987 0.00000000099999999987 0.99999999400000005867 0.00000000099999999987 0.00000000099999999987 0.00000000099999999987 0.00000000099999999987 
0.00000000099999999987 0.86822039869179479243 0.00000000099999999987 0.13177959630820537673 0.00000000099999999987 0.00000000099999999987 0.00000000099999999987 
0.00000000099999999940 0.00000000099999999940 0.00000000099999999940 0.00000000099999999940 0.99999999400000005867 0.00000000099999999940 0.00000000099999999940 
0.00000000099999999996 0.91912125720371640192 0.00000000099999999996 0.08087873779628379500 0.00000000099999999996 0.00000000099999999996 0.00000000099999999996 
0.00000000099999999988 0.00000000099999999988 0.31987886725371661445 0.00000000099999999988 0.00000000099999999988 0.00000000099999999988 0.68012112774628319389 
0.00000000099999999987 0.00000000099999999987 0.07349386016200332161 0.00000000099999999987 0.00000000099999999987 0.00000000099999999987 0.92650613483799659775 
0.00000000099999999995 0.97079378495416235317 0.00000000099999999995 0.01114496112598169393 0.00000042133531009008 0.01806082958454582887 0.00000000099999999995 
0.00000000099999999989 0.00000000099999999989 0.32955118946247213829 0.00000000099999999989 0.00000000099999999989 0.00000000099999999989 0.67044880553752772556 
0.00000000099999999983 0.00000000099999999983 0.37490188403533186712 0.00000000099999999983 0.00000000099999999983 0.00000000099999999983 0.62509811096466805225 
0.00000000099999999987 0.00000000099999999987 0.99999999400000005867 0.00000000099999999987 0.00000000099999999987 0.00000000099999999987 0.00000000099999999987 
0.00000000099999999985 0.00000000099999999985 0.30075836279971435161 0.00000000099999999985 0.00000000099999999985 0.00000000099999999985 0.69924163220028556776 
0.00000000099999999986 0.00000000099999999986 0.33685215610862490054 0.00000000099999999986 0.00000000099999999986 0.00000000099999999986 0.66314783889137496331 
0.00000000099999999985 0.00000000099999999985 0.31786420684184180097 0.00000000099999999985 0.00000000099999999985 0.00000000099999999985 0.68213578815815800738 
0.00000000099999999992 0.00000000099999999992 0.03859198056011265560 0.00000000099999999992 0.00000000099999999992 0.00000000099999999992 0.96140801443988743724 
0.00000000099999999984 0.00000000099999999984 0.33279483162376927163 0.00000000099999999984 0.00000000099999999984 0.00000000099999999984 0.66720516337623070324 
0.00000000099999999986 0.00000000099999999986 0.33207366443394242816 0.00000000099999999986 0.00000000099999999986 0.00000000099999999986 0.66792633056605743569 
0.00000000099999999983 0.00000000099999999983 0.99999999399999994765 0.00000000099999999983 0.00000000099999999983 0.00000000099999999983 0.00000000099999999983 
0.00000000099999999998 0.97294206160653085025 0.00000000099999999998 0.00000016920391915207 0.00814307617769945494 0.01891469001185062254 0.00000000099999999998 
0.00000000099999999998 0.93659230042003649430 0.00000000099999999998 0.03760397694333735691 0.00441101388806200943 0.02139270574856413226 0.00000000099999999998 
0.00000000099999999938 0.00000000099999999938 0.00000000099999999938 0.00000000099999999938 0.99999999400000005867 0.00000000099999999938 0.00000000099999999938 
0.00000000099999999989 0.00000000099999999989 0.06862734649514612428 0.00000000099999999989 0.00000000099999999989 0.00000000099999999989 0.93137264850485401713 
0.00000000099999999982 0.00000000099999999982 0.32498737423786799861 0.00000000099999999982 0.00000000099999999982 0.00000000099999999982 0.67501262076213208729 
0.00000000099999999985 0.00000000099999999985 0.99999999399999994765 0.00000000099999999985 0.00000000099999999985 0.00000000099999999985 0.00000000099999999985 
0.00000000099999999992 0.00000000099999999992 0.08124323436879370142 0.00000000099999999992 0.00000000099999999992 0.00000000099999999992 0.91875676063120637060 
0.00000000099999999985 0.00000000099999999985 0.32988703429415322521 0.00000000099999999985 0.00000000099999999985 0.00000000099999999985 0.67011296070584658313 
0.00000000099999999987 0.00000000099999999987 0.08932738902712626661 0.00000000099999999987 0.00000000099999999987 0.00000000099999999987 0.91067260597287369439 
0.00000000099999999994 0.00000000099999999994 0.03218541633768227939 0.00000000099999999994 0.00000000099999999994 0.00000000099999999994 0.96781457866231768161 
0.00000000099999999991 0.00000000099999999991 0.03191121594130846145 0.00000000099999999991 0.00000000099999999991 0.00000000099999999991 0.96808877905869161751 
0.00000000099999999995 0.93465350848842410070 0.00000000099999999995 0.04974849555643675453 0.00000117160733385327 0.01559682134780529701 0.00000000099999999995 
0.00000000099999999989 0.00000000099999999989 0.99999999400000005867 0.00000000099999999989 0.00000000099999999989 0.00000000099999999989 0.00000000099999999989 
0.00000000099999999995 0.00000000099999999995 0.03942387579484845500 0.00000000099999999995 0.00000000099999999995 0.00000000099999999995 0.96057611920515162396 
0.00000000099999999986 0.00000000099999999986 0.32246345930111963707 0.00000000099999999986 0.00000000099999999986 0.00000000099999999986 0.67753653569888017127 
0.00000000099999999997 0.95749099789165614816 0.00000000099999999997 0.00000000099999999997 0.04250899710834391693 0.00000000099999999997 0.00000000099999999997 
0.00000000099999999990 0.00000000099999999990 0.99999999399999994765 0.00000000099999999990 0.00000000099999999990 0.00000000099999999990 0.00000000099999999990 
0.00000000099999999994 0.00000000099999999994 0.66338237271252931126 0.00000000099999999994 0.00000000099999999994 0.00000000099999999994 0.33661762228747071912 
0.00000000099999999991 0.00000000099999999991 0.63442870032225240351 0.00000000099999999991 0.00000000099999999991 0.00806942206002011532 0.35750187361772739481 
0.00000000099999999994 0.00000000099999999994 0.61554644262741586846 0.00000000099999999994 0.00000000099999999994 0.00000000099999999994 0.38445355237258421743 
0.00000000099999999993 0.00000000099999999993 0.62400664607867628586 0.00000000099999999993 0.00000000099999999993 0.00000000146114969623 0.37599334846017423706 
0.00000000099999999991 0.00000000099999999991 0.61814880412415940114 0.00000000099999999991 0.00000000099999999991 0.00245879207583390297 0.37939239980000677432 
0.00000000099999999993 0.00000000099999999993 0.63785093688499794329 0.00000000099999999993 0.00000000099999999993 0.00003611150012437673 0.36211294761487755611 
0.00000000099999999996 0.00000000099999999996 0.59593031662544238003 0.00000000099999999996 0.00000000099999999996 0.00393512853186769960 0.40013455084268989559 
0.00000000099999999993 0.00000000099999999993 0.65914067721970459601 0.00000000099999999993 0.00000000099999999993 0.00405648312104406068 0.33680283565925134281 
0.00000000099999999990 0.00000000099999999990 0.63056200261081063463 0.00000000099999999990 0.00000000099999999990 0.00000000099999999990 0.36943799238918950678 
0.00000000099999999991 0.00000000099999999991 0.65514824052077780259 0.00000000099999999991 0.00000000099999999991 0.01138272848921442759 0.33346902699000774417 
0.00000000099999999992 0.85460869598884814380 0.00000000099999999992 0.14539129901115202537 0.00000000099999999992 0.00000000099999999992 0.00000000099999999992 
0.00000000099999999989 0.77850451571825307617 0.00000000099999999989 0.21555419819816076799 0.00594128208358619524 0.00000000099999999989 0.00000000099999999989 
