0.00000000100000000000 0.99589018915172611290 0.00410980984827396569 
0.00000000696667668847 0.99999411597963039355 0.00000587705369289465 
0.00000000099999999999 0.14214904222013852175 0.85785095677986145102 
0.00678771319959771413 0.99321228580040210598 0.00000000100000000000 
0.03780223513318359957 0.96219776386681643565 0.00000000099999999999 
0.04131415149870258652 0.95868584750129726135 0.00000000099999999999 
0.00000000099999999996 0.99999999799999994554 0.00000000099999999996 
0.00000000099999999996 0.99999999800000005656 0.00000000099999999996 
0.00000000099999999996 0.99999999800000005656 0.00000000099999999996 
0.01306567694902624997 0.98693432205097364474 0.00000000099999999999 
0.02410844699360476309 0.97589155200639510213 0.00000000100000000000 
0.04729559504560489763 0.95270440395439515147 0.00000000099999999999 
0.00000000099999999999 0.14756905333904524191 0.85243094566095467535 
0.00000000099999999998 0.99999999799999994554 0.00000000099999999998 
0.00000000099999999996 0.99999999799999994554 0.00000000099999999996 
0.01149557645855778763 0.98850442254144221810 0.00000000099999999998 
0.00000000099999999997 0.99999999799999994554 0.00000000099999999997 
0.02307116351508437316 0.95014581685536514399 0.02678301962955061122 
0.02393602011577457972 0.96114189474932365531 0.01492208513490181007 
0.03396437468459979209 0.95688154912000877861 0.00915407619539149522 
0.00000000099999999990 0.99999999800000005656 0.00000000099999999990 
0.00000000099999999996 0.99999999799999994554 0.00000000099999999996 
0.04115927361772670628 0.95884072538227327342 0.00000000099999999999 
0.00000000099999999993 0.99999999800000005656 0.00000000099999999993 
0.03849330958447694934 0.01071920875045623452 0.95078748166506688033 
0.01416010917250156570 0.97284715891169160074 0.01299273191580673815 
0.00187910880902178185 0.96697369170756530821 0.03114719948341288305 
0.00000000100000000000 0.97386979787922534069 0.02613020112077466331 
0.10466635654743447481 0.89533364245256541469 0.00000000099999999998 
0.00000000099999999996 0.99999999799999994554 0.00000000099999999996 
0.02921940478618396952 0.97078059421381612815 0.00000000099999999999 
0.00000000099999999989 0.99999999800000005656 0.00000000099999999989 
0.00000000099999999998 0.99999999799999994554 0.00000000099999999998 
0.00521705039208896024 0.93599280498984216425 0.05879014461806882086 
0.00738296089398942680 0.96480195326077078377 0.02781508584523966973 
0.01522245550811397036 0.89674998697969121597 0.08802755751219475122 
0.03451446239394036219 0.00000000099999999999 0.96548553660605962445 
0.00000003049154368461 0.97793848291083973479 0.02206148659761655167 
0.04534049851681255100 0.95465950048318737320 0.00000000099999999999 
0.02806171281626823263 0.97193828618373168116 0.00000000099999999999 
0.02701229196610004796 0.00000000099999999999 0.97298770703389991787 
0.11888360214840136553 0.00209551819827484293 0.87902087965332387220 
0.13185435442883086665 0.00717942156162897863 0.86096622400954025967 
0.03347199872746313420 0.00000000100000000000 0.96652800027253693571 
0.07841293900111355464 0.00902926920433308813 0.91255779179455331906 
0.01232999380488694445 0.00000000099999999999 0.98767000519511305434 
0.02711091388969950541 0.00000000099999999998 0.97288908511030047777 
0.07795601753770226017 0.00423328866680615368 0.91781069379549151677 
0.01689972828359541726 0.00000000099999999998 0.98310027071640460061 
0.02592804070487425908 0.00000000099999999999 0.97407195829512571716 
0.06921839443259053537 0.02430475373659159166 0.90647685183081783133 
0.01735063954507421249 0.00000000099999999999 0.98264935945492593028 
0.04560479166126059358 0.93409247042559551133 0.02030273791314402693 
0.06562782637465597313 0.00000000099999999999 0.93437217262534388862 
0.06285485976453666912 0.00000000099999999998 0.93714513923546338692 
0.05981647809893905765 0.00000000099999999999 0.94018352090106105390 
0.05516792016691509509 0.00000000099999999998 0.94483207883308495401 
0.06230149657232782884 0.00000000100000000000 0.93769850242767216475 
0.04847245398502161851 0.00000000099999999999 0.95152754501497827100 
0.02856607941988459354 0.94242400436182083290 0.02900991621829465683 
0.03234008433975779639 0.96765991466024214862 0.00000000099999999999 
0.00039925137185246927 0.98183231002244020225 0.01776843860570737413 
0.00000000099999999999 0.98605829689648016867 0.01394170210351993594 
0.00000000099999999993 0.99999999799999994554 0.00000000099999999993 
0.00000000099999999988 0.99999999799999994554 0.00000000099999999988 
0.00000000099999999997 0.99999999799999994554 0.00000000099999999997 
0.00000000099999999996 0.99999999800000005656 0.00000000099999999996 
0.05874750105034960701 0.94125249794965037964 0.00000000099999999999 
0.00974775031592886067 0.96569094098957408701 0.02456130869449711304 
0.03996735136874852989 0.94736381495798538399 0.01266883367326615203 
0.00000000099999999994 0.99999999800000005656 0.00000000099999999994 
0.02551963181934096755 0.00000000099999999999 0.97448036718065900175 
0.00000000099999999996 0.99999999799999994554 0.00000000099999999996 
0.02645860438751801783 0.97354139364520386746 0.00000000196727817687 
0.00000000099999999988 0.99999999800000005656 0.00000000099999999988 
0.00000000099999999996 0.99999999800000005656 0.00000000099999999996 
0.00000000099999999995 0.99999999800000005656 0.00000000099999999995 
0.00000000099999999998 0.99999999799999994554 0.00000000099999999998 
0.03055422928088191367 0.96944576971911811114 0.00000000099999999998 
0.01132022750002253074 0.01158065466417835566 0.97709911783579916911 
0.00000000099999999991 0.99999999800000005656 0.00000000099999999991 
0.00000000099999999992 0.99999999799999994554 0.00000000099999999992 
0.00542320480810293184 0.99457679419189704006 0.00000000099999999999 
0.00000000099999999999 0.01018402085654120277 0.98981597814345889663 
0.00426204194326247360 0.00000000099999999998 0.99573795705673751044 
0.00000000099999999994 0.00000000099999999994 0.99999999800000005656 
0.00000000099999999998 0.17447133037781406562 0.82552866862218599042 
0.00000000099999999998 0.17590486585470044290 0.82409513314529947436 
0.00000000099999999994 0.99999999799999994554 0.00000000099999999994 
0.00718378425666880201 0.00000000099999999999 0.99281621474333126010 
0.01385699779647033524 0.00000000099999999999 0.98614300120352971213 
0.00967755422310155253 0.00000000099999999998 0.99032244477689845841 
0.00000000099999999996 0.00000000099999999996 0.99999999799999994554 
0.00000000099999999994 0.00000000099999999994 0.99999999800000005656 
0.00000000099999999998 0.18003068261052143639 0.81996931638947845311 
0.00000000099999999998 0.17168535987060554171 0.82831463912939440331 
0.00260430497568365105 0.00000000099999999998 0.99739569402431627054 
0.00000000099999999993 0.00000000099999999993 0.99999999800000005656 
0.00000014933491086646 0.00000000099999999998 0.99999984966508914663 
0.00193940367471424099 0.00000000100000000000 0.99806059532528568212 
0.01515474320826626538 0.00000000100000000000 0.98484525579173365362 
0.00000000099999999999 0.00746381224053455604 0.99253618675946542194 
0.00861997656966901303 0.00000000099999999999 0.99138002243033107597 
0.00459102288522456135 0.00000000100000000000 0.99540897611477552331 
0.00000000099999999998 0.00000000099999999998 0.99999999800000005656 
0.02871490574482581104 0.00000000099999999998 0.97128509325517420336 
0.00410465628825523211 0.02509523929426082933 0.97080010441748387784 
0.08610236587543458608 0.01551896085364964754 0.89837867327091569525 
0.02752829306203066068 0.00000000099999999998 0.97247170593796927740 
0.00000823881538244933 0.05088132631056922761 0.94911043487404833652 
0.00000001162744421425 0.02225123736341691125 0.97774875100913882786 
0.00023196676619539788 0.03246942288176624114 0.96729861035203845709 
0.04801967969001082887 0.00197907137373303562 0.95000124893625603750 
0.02435757769444740414 0.00000000099999999998 0.97564242130555256516 
0.02056222450578693017 0.00000000099999999999 0.97943777449421309811 
0.00000000099999999999 0.11117441098794822452 0.88882558801205191479 
0.00000000100000000000 0.05778786776778437745 0.94221213123221558838 
0.08048326622341503422 0.01159039282693648427 0.90792634094964852487 
0.00545838873000910677 0.03908195743796261112 0.95545965383202835497 
0.00000000099999999999 0.02355959813378629558 0.97644040086621364249 
0.00000000099999999996 0.00000000099999999996 0.99999999799999994554 
0.00000000099999999998 0.13227769452047274945 0.86772230447952714005 
0.00000000099999999999 0.11645462258656162635 0.88354537641343844356 
0.00000000099999999999 0.11504004353509307557 0.88495995546490691108 
0.00784259180913910586 0.03832308044226252070 0.95383432774859844283 
0.00585202975472048480 0.03084415059821473890 0.96330381964706468523 
0.00000000099999999998 0.00000000099999999998 0.99999999800000005656 
0.00325571430701438944 0.02450475900175861851 0.97223952669122704062 
0.00466625137624200517 0.02404168350379134317 0.97129206511996668549 
0.02756059782490444254 0.00000000099999999999 0.97243940117509553023 
0.00000000099999999994 0.00000000099999999994 0.99999999799999994554 
0.02477819706559564877 0.00000000099999999999 0.97522180193440433094 
0.03757606203350744717 0.00000000099999999998 0.96242393696649253254 
0.00000000100000000000 0.11783481144609789237 0.88216518755390205264 
0.00000000100000000000 0.02484740743672921373 0.97515259156327083190 
0.00510411581080957074 0.02172439974678616256 0.97317148444240431093 
0.01911612445750751621 0.00000000099999999999 0.98088387454249237329 
0.03511432044511161171 0.00000000100000000000 0.96488567855488849290 
0.00000000099999999999 0.11946527215656693732 0.88053472684343292443 
0.00000000099999999999 0.05202253031710487446 0.94797746868289511912 
0.39229014511739301874 0.48891164094449957034 0.11879821393810729990 
0.99999999800000005656 0.00000000099999999988 0.00000000099999999988 
0.99999999799999994554 0.00000000099999999990 0.00000000099999999990 
0.38418056223767094171 0.49580949953159475507 0.12000993823073431710 
0.99999999800000005656 0.00000000099999999989 0.00000000099999999989 
0.99999999799999994554 0.00000000099999999987 0.00000000099999999987 
0.99999999800000005656 0.00000000099999999985 0.00000000099999999985 
0.38865500860569845987 0.48190930146730603933 0.12943568992699555631 
0.99999999799999994554 0.00000000099999999989 0.00000000099999999989 
0.38055208829908199197 0.51728390939104662571 0.10216400230987135456 
0.99999999799999994554 0.00000000099999999985 0.00000000099999999985 
0.01509729935630571042 0.95928218484555261014 0.02562051579814178526 
0.00018702281644283002 0.99981290624114504961 0.00000007094241221634 
0.02485848845295278789 0.95599437606257875455 0.01914713548446850266 
0.00000000099999999999 0.01180388345565920941 0.98819611554434072520 
0.00000000099999999996 0.99999999800000005656 0.00000000099999999996 
0.04008669417467514845 0.95991330482532477575 0.00000000099999999999 
0.00000000099999999999 0.01290957438748849620 0.98709042461251150780 
0.03286270042601391328 0.96713729857398600398 0.00000000100000000000 
0.02577693195550504954 0.00000000099999999999 0.97422306704449501691 
0.00214291991939523710 0.00532295304853775460 0.99253412703206711498 
0.02496091385200151225 0.00000000099999999999 0.97503908514799841889 
0.00000000099999999998 0.02616707145507585902 0.97383292754492423171 
0.03658059737050770727 0.00000000100000000000 0.96341940162949235571 
0.03012071480120705885 0.96987928419879299025 0.00000000099999999999 
0.00000000099999999996 0.99999999800000005656 0.00000000099999999996 
0.01684541925889013886 0.00000000099999999998 0.98315457974110975758 
0.02769693841934258230 0.00000000099999999998 0.97230306058065740782 
0.00000000099999999999 0.01331524269477375386 0.98668475630522622932 
0.99999999800000005656 0.00000000099999999988 0.00000000099999999988 
0.13071427787657419195 0.00000000100000000000 0.86928572112342572531 
0.99999999799999994554 0.00000000099999999986 0.00000000099999999986 
0.99999999799999994554 0.00000000099999999988 0.00000000099999999988 
0.12046031201226888030 0.00977774979969846941 0.86976193818803271274 
0.99999999800000005656 0.00000000099999999994 0.00000000099999999994 
0.12636402918340092216 0.00000000401104597513 0.87363596680555322127 
0.99999999799999994554 0.00000000099999999994 0.00000000099999999994 
0.11078420295878560475 0.01005770320056376989 0.87915809384065068954 
0.00000000099999999995 0.99999999799999994554 0.00000000099999999995 
0.00000000099999999995 0.00000000099999999995 0.99999999800000005656 
0.04761406375813100056 0.95238593524186887507 0.00000000099999999999 
0.00000000099999999994 0.99999999800000005656 0.00000000099999999994 
0.00446873553414562155 0.99553126346585441020 0.00000000099999999998 
0.03798796141022116324 0.96201203758977871239 0.00000000099999999999 
0.03561505069984824412 0.00000000099999999998 0.96438494830015175641 
0.06272404933134669014 0.93684862679049896173 0.00042732387815437009 
0.04047856004912474270 0.00000000099999999999 0.95952143895087538272 
0.00000000099999999990 0.99999999800000005656 0.00000000099999999990 
0.00000000099999999995 0.99999999799999994554 0.00000000099999999995 
0.00000000099999999989 0.99999999800000005656 0.00000000099999999989 
0.02358290893255252096 0.00000000099999999998 0.97641709006744736854 
0.00000000099999999995 0.99999999800000005656 0.00000000099999999995 
0.03335521895285804145 0.96664478004714193826 0.00000000099999999999 
0.00000000099999999995 0.99999999799999994554 0.00000000099999999995 
0.00000000099999999997 0.99999999799999994554 0.00000000099999999997 
0.00000000099999999996 0.99999999800000005656 0.00000000099999999996 
0.00000000099999999996 0.99999999800000005656 0.00000000099999999996 
0.00000000099999999998 0.99999999800000005656 0.00000000099999999998 
0.02938969593876057315 0.00000000099999999998 0.97061030306123941003 
0.04275594130373140678 0.00000000099999999999 0.95724405769626863538 
0.02792184966696012113 0.00000000099999999998 0.97207814933303982041 
0.02699009440880399679 0.00000000099999999998 0.97300990459119607312 
0.02541851547394755398 0.00000000099999999998 0.97458148352605256104 
0.02495653413373546264 0.00000000099999999998 0.97504346486626458645 
0.01930887115491933606 0.00000000099999999999 0.98069112784508061242 
0.02586022784268169825 0.00000000099999999998 0.97413977115731842371 
0.00000000099999999995 0.99999999800000005656 0.00000000099999999995 
0.01403329844306398615 0.96348516294431996165 0.02248153861261604700 
0.00000297516825015206 0.99999702383174982057 0.00000000099999999999 
0.00000000099999999996 0.00000000099999999996 0.99999999799999994554 
0.00000000099999999994 0.00000000099999999994 0.99999999799999994554 
0.03150799471980370026 0.96849200428019621700 0.00000000099999999998 
0.00000000099999999997 0.00000000099999999997 0.99999999799999994554 
0.06168296180915400911 0.91067207808596339902 0.02764496010488248431 
0.00000000099999999994 0.00000000099999999994 0.99999999800000005656 
0.02223482250412987804 0.00000000099999999998 0.97776517649587013636 
0.00000000099999999995 0.00000000099999999995 0.99999999799999994554 
0.00000000099999999995 0.00000000099999999995 0.99999999800000005656 
0.00000000099999999995 0.00000000099999999995 0.99999999800000005656 
0.00000000099999999997 0.00000000099999999997 0.99999999800000005656 
0.00000000099999999994 0.00000000099999999994 0.99999999799999994554 
0.00000000099999999995 0.00000000099999999995 0.99999999799999994554 
0.01979176809985904936 0.00000000099999999998 0.98020823090014086443 
0.02932702836826901402 0.97067297063173096916 0.00000000099999999999 
0.03039955619334160433 0.96960044280665835803 0.00000000100000000000 
0.01233173868934535865 0.96812255454441387137 0.01954570676624071274 
0.00000000099999999996 0.00000000099999999996 0.99999999799999994554 
0.00000000099999999994 0.00000000099999999994 0.99999999799999994554 
0.01235832689504641480 0.00000000099999999998 0.98764167210495357185 
0.00000000099999999997 0.00000000099999999997 0.99999999799999994554 
0.00000000099999999995 0.00000000099999999995 0.99999999800000005656 
0.00000000099999999995 0.00000000099999999995 0.99999999800000005656 
0.00000000099999999997 0.00000000099999999997 0.99999999799999994554 
0.00000000099999999997 0.00000000099999999997 0.99999999800000005656 
0.02756729052946474759 0.97243270847053520090 0.00000000099999999999 
0.01781416783240764509 0.00000000100000000000 0.98218583116759239360 
0.02024551387261150706 0.00000000099999999999 0.97975448512738838591 
0.00000000099999999998 0.00000000099999999998 0.99999999799999994554 
0.00000000099999999996 0.00000000099999999996 0.99999999799999994554 
0.00864067170581827269 0.99135932729418163589 0.00000000100000000000 
0.00984595975636365014 0.00000000099999999999 0.99015403924363643018 
0.03208690632477032012 0.00000000099999999998 0.96791309267522973592 
0.01490443933735164858 0.00000000099999999999 0.98509555966264850113 
0.02237471654712904975 0.00000000099999999999 0.97762528245287105833 
0.02622121788032422823 0.00000000099999999999 0.97377878111967575148 
0.02130699195594960155 0.00000000099999999998 0.97869300704405037816 
0.01765659438948950083 0.00000000099999999998 0.98234340461051061766 
0.02075333120860415811 0.00000000099999999998 0.97924666779139579731 
0.02868999823777814220 0.00000000099999999998 0.97131000076222195894 
0.01744166228560903309 0.00000000099999999999 0.98255833671439096744 
0.02356373437164432927 0.00000000099999999998 0.97643626462835564350 
0.00000000099999999995 0.99999999800000005656 0.00000000099999999995 
0.00000000099999999999 0.99999999800000005656 0.00000000099999999999 
0.00000000099999999996 0.99999999800000005656 0.00000000099999999996 
0.00000000099999999994 0.99999999800000005656 0.00000000099999999994 
0.00000000099999999998 0.99999999800000005656 0.00000000099999999998 
0.00000000099999999996 0.99999999800000005656 0.00000000099999999996 
0.00000000099999999994 0.99999999799999994554 0.00000000099999999994 
0.00000000099999999996 0.99999999799999994554 0.00000000099999999996 
0.00000000099999999998 0.99999999800000005656 0.00000000099999999998 
0.00000000099999999994 0.99999999799999994554 0.00000000099999999994 
0.99999999800000005656 0.00000000099999999992 0.00000000099999999992 
0.99999999800000005656 0.00000000099999999990 0.00000000099999999990 
0.99999999799999994554 0.00000000099999999992 0.00000000099999999992 
0.99999999800000005656 0.00000000099999999990 0.00000000099999999990 
0.99999999800000005656 0.00000000099999999991 0.00000000099999999991 
0.99999999799999994554 0.00000000099999999994 0.00000000099999999994 
0.99999999799999994554 0.00000000099999999993 0.00000000099999999993 
0.99999999800000005656 0.00000000099999999988 0.00000000099999999988 
0.99999999799999994554 0.00000000099999999988 0.00000000099999999988 
0.99999999799999994554 0.00000000099999999990 0.00000000099999999990 
0.99999999800000005656 0.00000000099999999991 0.00000000099999999991 
0.99999999800000005656 0.00000000099999999985 0.00000000099999999985 
0.99999999799999994554 0.00000000099999999991 0.00000000099999999991 
0.99999999799999994554 0.00000000099999999987 0.00000000099999999987 
0.99999999799999994554 0.00000000099999999986 0.00000000099999999986 
0.99999999799999994554 0.00000000099999999995 0.00000000099999999995 
0.99999999800000005656 0.00000000099999999991 0.00000000099999999991 
0.99999999799999994554 0.00000000099999999987 0.00000000099999999987 
0.99999999799999994554 0.00000000099999999992 0.00000000099999999992 
0.99999999800000005656 0.00000000099999999996 0.00000000099999999996 
0.00000000099999999998 0.99999999800000005656 0.00000000099999999998 
0.00000000099999999997 0.99999999799999994554 0.00000000099999999997 
0.00867131884850454344 0.99132868015149544494 0.00000000099999999999 
0.00008844149468897997 0.99991155750531113267 0.00000000099999999999 
0.00410226596029288331 0.99589773303970707818 0.00000000099999999999 
0.00000000099999999996 0.99999999799999994554 0.00000000099999999996 
0.00000000099999999997 0.99999999799999994554 0.00000000099999999997 
0.00000000100000000000 0.99999975298944088209 0.00000024601055910392 
0.00000000099999999994 0.99999999799999994554 0.00000000099999999994 
0.00531228952924496251 0.99468770947075491051 0.00000000099999999999 
0.00000000099999999996 0.99999999800000005656 0.00000000099999999996 
0.00000000099999999995 0.99999999799999994554 0.00000000099999999995 
0.00000000099999999996 0.99999999800000005656 0.00000000099999999996 
0.00306342768382653280 0.99693657131617341438 0.00000000099999999999 
0.00000000099999999996 0.99999999800000005656 0.00000000099999999996 
0.00000326345393664006 0.99227343114337074326 0.00772330540269253272 
0.00000000100000000000 0.99999946544141904425 0.00000053355858094621 
0.00000279116086495194 0.99993223683385867862 0.00006497200527627372 
0.05857058232803669107 0.00810794096660929359 0.93332147670535414719 
0.06629213464356670249 0.00000000100000000000 0.93370786435643327028 
0.05687352280091213103 0.02046149532037662422 0.92266498187871126557 
0.05381278494958437186 0.00708959844763493770 0.93909761660278079365 
0.06399071332862102390 0.02107732461195438098 0.91493196205942450838 
0.05299792019090419914 0.01038720309341357832 0.93661487671568210978 
0.04990620434476818190 0.01114315611192465139 0.93895063954330715283 
0.05922024095714174818 0.00000000100000000000 0.94077975804285829398 
0.06061183049883710899 0.00430840651778943273 0.93507976298337347476 
0.04500544847775027335 0.00480708797652979435 0.95018746354571992363 
0.06334953393581548020 0.00428451135510587566 0.93236595470907879246 
0.04847599662176402258 0.00360549021916949618 0.94791851315906638931 
0.08270598077123453296 0.01647582615588712857 0.90081819307287835930 
0.04152523372088276488 0.00000020541684125575 0.95847456086227600380 
0.05176758157175999353 0.00086953629322496142 0.94736288213501496092 
0.09252850170776787120 0.00764771053160890127 0.89982378776062332815 
0.05509981879984872377 0.00000000100000000000 0.94490018020015120737 
0.05821823684382107511 0.00098812903668441367 0.94079363411949445961 
0.06295717139751227931 0.00000442152500584291 0.93703840707748187189 
0.04854017121538577867 0.00531351414949869129 0.94614631463511555953 
0.00000000099999999997 0.00000000099999999997 0.99999999799999994554 
0.00000000099999999998 0.00000000099999999998 0.99999999800000005656 
0.00635533912789618995 0.00000000099999999999 0.99364465987210381925 
0.01186427214244212963 0.01377016599819265961 0.97436556185936529229 
0.00905324629646354732 0.00000000099999999999 0.99094675270353649310 
0.00393595964331680623 0.00000000099999999998 0.99606403935668319516 
0.00070653905935886305 0.00000000099999999999 0.99929345994064122660 
0.00777132169273274821 0.00304214069343469382 0.98918653761383257272 
0.00000000099999999998 0.00000000099999999998 0.99999999800000005656 
0.00351230441314504243 0.00000000099999999999 0.99648769458685493294 
0.01091847736465888577 0.00000000099999999999 0.98908152163534102108 
0.01301254093361940006 0.00000000820176134198 0.98698745086461914244 
0.02195673664236354183 0.00000000099999999998 0.97804326235763650033 
0.01791969771661855101 0.00000000099999999998 0.98208030128338152931 
0.01713942030347101117 0.00000000099999999998 0.98286057869652898589 
0.00432914345650288555 0.00000000099999999998 0.99567085554349721299 
0.01529505312260641750 0.00000000099999999998 0.98470494587739354486 
0.00969181740008894475 0.00000000099999999999 0.99030818159991118588 
0.00532718425798158444 0.00000000099999999999 0.99467281474201840741 
0.00600349215827490363 0.00000000099999999999 0.99399650684172513593 
0.01463888006088877487 0.00000025422548986874 0.98536086571362135889 
0.01529910088266626077 0.00000000099999999999 0.98470089811733374496 
0.00481922884922291080 0.00000000099999999999 0.99518077015077710534 
0.00557305019653413225 0.00000000099999999999 0.99442694880346582664 
0.00474540972089125112 0.00000000099999999997 0.99525458927910870344 
0.00000000099999999996 0.00000000099999999996 0.99999999799999994554 
0.00000000099999999998 0.00000000099999999998 0.99999999799999994554 
0.00021331494005596724 0.00000000099999999998 0.99978668405994397528 
0.01396099973546093519 0.00000000099999999999 0.98603899926453908442 
0.00945260721712012399 0.00000000099999999999 0.99054739178287987134 
0.00290630459021970792 0.00000000099999999999 0.99709369440978024013 
0.00256679128091750119 0.00000000099999999998 0.99743320771908250411 
0.00528283624581224118 0.00000000099999999999 0.99471716275418775588 
0.00720728123763935205 0.00000000099999999999 0.99279271776236055480 
0.00648571980734769134 0.00000000099999999999 0.99351427919265222766 
0.00371266401343766901 0.00000000099999999998 0.99628733498656230072 
0.01105365820724760716 0.00000000099999999999 0.98894634079275234306 
0.00027289902239027540 0.00000000099999999999 0.99972709997760977885 
0.03063719973608415928 0.01058148447260836775 0.95878131579130743134 
0.00000001096548104528 0.00000000099999999999 0.99999998803451894958 
0.01160211071113091338 0.00000000099999999999 0.98839788828886909755 
0.01342456673483145846 0.00000000099999999999 0.98657543226516852819 
0.01664745266261494563 0.00000000099999999999 0.98335254633738511387 
0.01278367308094051184 0.00000000099999999998 0.98721632591905950083 
0.00796796069210336383 0.00002703312982456340 0.99200500617807207959 
0.00010262903455561790 0.00000000099999999999 0.99989736996544442693 
0.01098349809087792971 0.00000000099999999999 0.98901650090912207602 
0.00415496614014768898 0.00000000099999999998 0.99584503285985237486 
0.01710373369918071623 0.00000000099999999999 0.98289626530081930511 
0.02258082005919799864 0.09681063240153696403 0.88060854753926509630 
0.00000000099999999999 0.00000000099999999999 0.99999999800000005656 
0.00000000099999999996 0.00000000099999999996 0.99999999799999994554 
0.00000000099999999997 0.00000000099999999997 0.99999999800000005656 
0.00000000099999999996 0.00000000099999999996 0.99999999799999994554 
0.00000000099999999995 0.00000000099999999995 0.99999999799999994554 
0.00000000099999999996 0.00000000099999999996 0.99999999799999994554 
0.00000000099999999996 0.00000000099999999996 0.99999999800000005656 
0.00000000099999999997 0.00000000099999999997 0.99999999799999994554 
0.00000000099999999997 0.00000000099999999997 0.99999999800000005656 
0.00000000099999999997 0.00000000099999999997 0.99999999799999994554 
0.08457444393228619184 0.00962917532052712591 0.90579638074718671348 
0.08634409172231170826 0.01735377423401172209 0.89630213404367653496 
0.08528802295015422419 0.00486102632710730658 0.90985095072273847183 
0.07632142592790797098 0.01296890599753988856 0.91070966807455211445 
0.09822909348026270804 0.01073379188792783490 0.89103711463180956809 
0.09366730991955403429 0.00837858596312186614 0.89795410411732401457 
0.09962584494001552882 0.01061741263273641329 0.88975674242724811513 
0.09358433003061281119 0.01382134811452887663 0.89259432185485843014 
0.08992911461305327925 0.01458419618783210990 0.89548668919911456054 
0.08889620955893472176 0.01235787801922373988 0.89874591242184143081 
0.00000000099999999991 0.99999999800000005656 0.00000000099999999991 
0.00000000099999999993 0.99999999800000005656 0.00000000099999999993 
0.00000000099999999990 0.99999999800000005656 0.00000000099999999990 
0.00000000099999999992 0.99999999800000005656 0.00000000099999999992 
0.00000000099999999989 0.99999999799999994554 0.00000000099999999989 
0.00000000099999999991 0.99999999799999994554 0.00000000099999999991 
0.00000000099999999990 0.99999999799999994554 0.00000000099999999990 
0.00000000099999999989 0.99999999800000005656 0.00000000099999999989 
0.00000000099999999997 0.99999999799999994554 0.00000000099999999997 
0.00000000099999999989 0.99999999799999994554 0.00000000099999999989 
0.00000000099999999993 0.00000000099999999993 0.99999999800000005656 
0.00319786593469164855 0.00000000099999999998 0.99680213306530840445 
0.00000000099999999995 0.00000000099999999995 0.99999999800000005656 
0.00000000099999999996 0.00000000099999999996 0.99999999799999994554 
0.00000000099999999996 0.00000000099999999996 0.99999999799999994554 
0.00000000099999999993 0.00000000099999999993 0.99999999799999994554 
0.00000000099999999992 0.00000000099999999992 0.99999999799999994554 
0.00000000099999999996 0.00000000099999999996 0.99999999799999994554 
0.00000000099999999993 0.00000000099999999993 0.99999999800000005656 
0.00000000099999999994 0.00000000099999999994 0.99999999800000005656 
0.00000000099999999997 0.99999999799999994554 0.00000000099999999997 
0.00000000099999999996 0.99999999799999994554 0.00000000099999999996 
0.00000000099999999999 0.95326108725640157360 0.04673891174359855183 
0.00000000099999999995 0.99999999799999994554 0.00000000099999999995 
0.00129489805629321949 0.99870509476802249438 0.00000000717568435812 
0.00000000099999999998 0.99999999800000005656 0.00000000099999999998 
0.00000000099999999998 0.99999999800000005656 0.00000000099999999998 
0.00000000099999999997 0.99999999799999994554 0.00000000099999999997 
0.00000000099999999998 0.99999999800000005656 0.00000000099999999998 
0.00000009411422022240 0.98567182022206301095 0.01432808566371663976 
0.00000000099999999996 0.99999999799999994554 0.00000000099999999996 
0.00000000099999999997 0.99999999799999994554 0.00000000099999999997 
0.00000000099999999995 0.99999999800000005656 0.00000000099999999995 
0.00000000099999999994 0.99999999800000005656 0.00000000099999999994 
0.00000000099999999995 0.99999999800000005656 0.00000000099999999995 
0.00000000099999999995 0.99999999799999994554 0.00000000099999999995 
0.00000000099999999995 0.99999999800000005656 0.00000000099999999995 
0.00000000099999999994 0.99999999800000005656 0.00000000099999999994 
0.00000000099999999994 0.99999999800000005656 0.00000000099999999994 
0.00000000099999999994 0.99999999799999994554 0.00000000099999999994 
0.06579417134540758993 0.04280567966035284805 0.89140014899423958283 
0.05984719710834792566 0.00000000099999999999 0.94015280189165206792 
0.07202009012317900361 0.00000000100000000000 0.92797990887682102468 
0.07772693484502550543 0.00000000100000000000 0.92227306415497445347 
0.06225945461283248494 0.00413873827265082758 0.93360180711451679070 
0.08014430195385256750 0.06083943307609532281 0.85901626497005212357 
0.06640183711023084356 0.00000003908240280359 0.93359812380736639792 
0.06064878330902379044 0.00051001806512604355 0.93884119862585024840 
0.07725639149711584219 0.00153110035953003538 0.92121250814335409185 
0.07597774346715092941 0.00000000099999999999 0.92402225553284911275 
0.01229414103934160611 0.98770585796065835105 0.00000000099999999998 
0.01212132708768026527 0.98787867191231981678 0.00000000099999999997 
0.00981467405753782239 0.99018532494246203068 0.00000000099999999998 
0.00185805102132751039 0.99814194797867239473 0.00000000099999999998 
0.01273588747944192148 0.98726411152055804088 0.00000000099999999999 
0.00000000112958279812 0.99999999787041726762 0.00000000099999999999 
0.00165940706798061647 0.99834059193201929450 0.00000000099999999999 
0.00000000099999999998 0.99999999800000005656 0.00000000099999999998 
0.01595726538701616390 0.98216393440450033836 0.00187880020848352224 
0.00000002967846252533 0.99999996932153745188 0.00000000099999999998 
