0.00000000099999999997 0.00000000099999999997 0.00000000099999999997 0.00000000099999999997 0.91581068941418308782 0.00000000099999999997 0.08418930558581703971 
0.00194116736418673691 0.00000000099999999997 0.00000000099999999997 0.00000000099999999997 0.86011295336144977242 0.00000000099999999997 0.13794587527436363850 
0.00000000099999999992 0.00000000099999999992 0.00000000099999999992 0.99999999400000005867 0.00000000099999999992 0.00000000099999999992 0.00000000099999999992 
0.00000000099999999996 0.00319024423770501242 0.00000000099999999996 0.00000000099999999996 0.90786240316778521464 0.00000000099999999996 0.08894734859450972864 
0.01201511541499220362 0.02131860442929634294 0.00000000099999999994 0.00000000099999999994 0.94328977167583127894 0.00000000099999999994 0.02337650547988029404 
0.01578008994290200362 0.02231301816045985070 0.00000000099999999996 0.00000000099999999996 0.96045190458484386298 0.00000000099999999996 0.00145498431179427214 
0.00000000099999999988 0.00000000099999999988 0.00000000099999999988 0.00000000099999999988 0.88114598540373867408 0.00000000099999999988 0.11885400959626141182 
0.00000002416788566758 0.00000000099999999990 0.00000000099999999990 0.00000000099999999990 0.80791084087586784168 0.00000000099999999990 0.19208913095624646772 
0.00000000099999999988 0.00000000099999999988 0.00000000099999999988 0.00000000099999999988 0.86811714530960859548 0.00000000099999999988 0.13188284969039135164 
0.04673382551066056906 0.00000000099999999995 0.00000000099999999995 0.00000000099999999995 0.94037345831946783647 0.00000000099999999995 0.01289271216987163474 
0.00012388716098303470 0.00628925130915022543 0.00000000099999999997 0.00000000099999999997 0.99355685854509689925 0.00000000099999999997 0.00002999998476985113 
0.00000000099999999995 0.02694093361236435391 0.00000000099999999995 0.00000000099999999995 0.97024305387890474872 0.00000000099999999995 0.00281600850873103261 
0.00000000099999999994 0.00000000099999999994 0.08568507275884888752 0.91431492224115107348 0.00000000099999999994 0.00000000099999999994 0.00000000099999999994 
0.00000000151079102266 0.00000000099999999991 0.00000000099999999991 0.00000000099999999991 0.90556973216149927453 0.00000000099999999991 0.09443026232770966588 
0.00561866932927179881 0.00000000099999999989 0.00000000099999999989 0.00000000099999999989 0.82197438807765388358 0.00000000099999999989 0.17240693859307429370 
0.25039368612690010574 0.00000000099999999988 0.00000000099999999988 0.00000000099999999988 0.66927972366205945587 0.00000000099999999988 0.08032658621104055152 
0.00000012251073440715 0.00000000099999999992 0.00000000099999999992 0.00000000099999999992 0.89668949168072131783 0.00000000099999999992 0.10331038180854427988 
0.99999999400000005867 0.00000000099999999945 0.00000000099999999945 0.00000000099999999945 0.00000000099999999945 0.00000000099999999945 0.00000000099999999945 
0.99999999400000005867 0.00000000099999999943 0.00000000099999999943 0.00000000099999999943 0.00000000099999999943 0.00000000099999999943 0.00000000099999999943 
0.00337810039235121205 0.01904606097564617156 0.00000000099999999999 0.00000000099999999999 0.97757315909830722056 0.00000000099999999999 0.00000267653369553428 
0.00000000099999999964 0.00000000099999999964 0.00000000099999999964 0.00000000099999999964 0.00000000099999999964 0.00000000099999999964 0.99999999399999994765 
0.00500652387580213017 0.00000000099999999990 0.00000000099999999990 0.00000000099999999990 0.85743765570770835716 0.00000000099999999990 0.13755581641648959024 
0.01689206099743939885 0.02593042442673316669 0.00000000099999999993 0.00000000099999999993 0.84971497554983532741 0.00000000099999999993 0.10746253602599209476 
0.00000000099999999982 0.00000000099999999982 0.00000000099999999982 0.00000000099999999982 0.74486967237588175283 0.00000000099999999982 0.25513032262411822204 
0.01036354314503275600 0.00000000099999999997 0.00066219366963574892 0.00622859255348583597 0.00000000099999999997 0.98274566763184556528 0.00000000099999999997 
0.01146399146794700730 0.00096048321457397636 0.00943992440762925905 0.00000000099999999999 0.97298697263082434272 0.00000017898108337167 0.00514844829794199130 
0.03455805456973810863 0.00050481561972576814 0.00000016538006215997 0.03021227902431841000 0.75543093820928375326 0.00054899241696395522 0.17874475477990794947 
0.02123638262745556129 0.00000000099999999998 0.02423248971681439545 0.00000000099999999998 0.74318005441640988540 0.00000000099999999998 0.21135107023932014902 
0.01368980725638479883 0.10108933191400273910 0.00000000099999999993 0.00000000099999999993 0.72458395134742037413 0.00000000099999999993 0.16063690648219211554 
0.00000000099999999990 0.00000000099999999990 0.00000000099999999990 0.00000000099999999990 0.84925699094419981883 0.00000000099999999990 0.15074300405580021156 
0.03149671993979313162 0.01430568005442483560 0.00000000099999999997 0.00000000099999999997 0.94117232204978573673 0.00000000099999999997 0.01302527495599624038 
0.00000000099999999957 0.00000000099999999957 0.00000000099999999957 0.00000000099999999957 0.00000000099999999957 0.00000000099999999957 0.99999999399999994765 
0.00000000099999999993 0.00000000099999999993 0.00000000099999999993 0.00000000099999999993 0.88226601852900754519 0.00000000099999999993 0.11773397647099237417 
0.03558157714856007015 0.00002063006601977436 0.00025855052926925871 0.06697344552313053145 0.78518638948417385226 0.00000129133723024260 0.11197811591161629940 
0.03884416666915566779 0.00007453803730624837 0.00000000099999999998 0.03199945230565468673 0.76693817980561895808 0.00000000099999999998 0.16214366118226447577 
0.00000000099999999999 0.00413150620820584586 0.00000147987308458875 0.00000000099999999999 0.79232440765233791424 0.09653075224070613303 0.10701185202566564081 
0.00000000099999999989 0.00000000099999999989 0.00000000099999999989 0.00000000099999999989 0.00000000099999999989 0.99999999400000005867 0.00000000099999999989 
0.01051613282778971446 0.00000000099999999997 0.00000000099999999997 0.02236468896343792034 0.83280712521023370076 0.00000000099999999997 0.13431204999853860182 
0.00882136010319269949 0.03027406692185238488 0.00000000099999999994 0.00000000099999999994 0.88985400139648451745 0.00000000099999999994 0.07105056857847044660 
0.00799657296720592166 0.01234902220025875692 0.00000000099999999995 0.00000000099999999995 0.93534416926980723517 0.00000000099999999995 0.04431023256272816763 
0.00000000099999999996 0.00000000099999999996 0.00000000099999999996 0.00000000099999999996 0.00000000099999999996 0.99999999399999994765 0.00000000099999999996 
0.00000000099999999994 0.04331159136250611885 0.00000000099999999994 0.00000000099999999994 0.00000000099999999994 0.95668840363749385602 0.00000000099999999994 
0.00000000099999999996 0.05630188413350399601 0.00000000099999999996 0.00000000099999999996 0.00000000099999999996 0.94369811086649590948 0.00000000099999999996 
0.00000000099999999998 0.01545978836997706322 0.46817704384013547614 0.00000000099999999998 0.00000000099999999998 0.51636316378988733611 0.00000000099999999998 
0.00000000099999999999 0.04022622820148447770 0.18986611274496911772 0.00335462742339495777 0.00020496696098317631 0.76634806266916821738 0.00000000099999999999 
0.00000000099999999996 0.00000011395864917369 0.60252483699921854932 0.00000000099999999996 0.00000000099999999996 0.39747504504213237997 0.00000000099999999996 
0.00000000099999999994 0.01252861656479324799 0.53894975042588799674 0.00000000099999999994 0.00000000099999999994 0.44852162900931874523 0.00000000099999999994 
0.00000000099999999998 0.03816930122002364784 0.23354775090373000590 0.00000000099999999998 0.00000000099999999998 0.72464801121914956816 0.00363493365709684170 
0.00000000099999999993 0.00452460379525500191 0.57973124663890995834 0.00000000099999999993 0.00000000099999999993 0.41574414556583511038 0.00000000099999999993 
0.00000000099999999996 0.01190501827643685590 0.53899452468906605684 0.00000000099999999996 0.00000000099999999996 0.44910045303449713794 0.00000000099999999996 
0.00724436228962511281 0.03651425452893836132 0.23253715228633034529 0.00000000099999999999 0.01374251203465311384 0.70996171686045306259 0.00000000099999999999 
0.00000000099999999998 0.00944927075097748079 0.59825018323063117176 0.00000000099999999998 0.00000000099999999998 0.39230054201839142936 0.00000000099999999998 
0.99999999400000016969 0.00000000099999999970 0.00000000099999999970 0.00000000099999999970 0.00000000099999999970 0.00000000099999999970 0.00000000099999999970 
0.00000000099999999998 0.04193465866887819554 0.47632723897823642245 0.00000000099999999998 0.00000000099999999998 0.48173809835288533554 0.00000000099999999998 
0.00000000099999999995 0.04250205569652189957 0.50940762166200337369 0.00000000099999999995 0.00000000099999999995 0.44809031864147469415 0.00000000099999999995 
0.00635982037523824366 0.03317465736683737620 0.49524902939530446311 0.00000000099999999997 0.00000000099999999997 0.46521648986261981973 0.00000000099999999997 
0.00000000099999999996 0.03529847513661527048 0.52493040837407001220 0.00000000099999999996 0.00000000099999999996 0.43977111248931466392 0.00000000099999999996 
0.00487621997327836176 0.03635458873822228903 0.48459415100886160666 0.00000000099999999998 0.00000000099999999998 0.47417503727963783433 0.00000000099999999998 
0.00000000099999999996 0.03157849290458360908 0.51692124231076486129 0.00557634699734230622 0.00000000099999999996 0.44592391478730913912 0.00000000099999999996 
0.02071626774801828275 0.01552871473335130405 0.00000000100000000000 0.02372651779472970124 0.93697657261036970677 0.00305191129611288511 0.00000001481741796566 
0.00793666551086678364 0.01439305690077510858 0.00000000099999999994 0.00000000099999999994 0.94855717671610151331 0.00000000099999999994 0.02911309787225647636 
0.78012583253102341097 0.00000000099999999983 0.00000000099999999983 0.00000000099999999983 0.21987416246897670269 0.00000000099999999983 0.00000000099999999983 
0.00000000099999999986 0.00000000099999999986 0.00000000099999999986 0.00000000099999999986 0.00000000099999999986 0.00000000099999999986 0.99999999400000005867 
0.00000000099999999985 0.00000000099999999985 0.00000000099999999985 0.00000000099999999985 0.64286802686534139095 0.00000000099999999985 0.35713196813465869495 
0.00000000099999999951 0.00000000099999999951 0.00000000099999999951 0.00000000099999999951 0.00000000099999999951 0.00000000099999999951 0.99999999400000005867 
0.00000000210569317918 0.00000000099999999993 0.00000000099999999993 0.00000000099999999993 0.87570870657000410286 0.00000000099999999993 0.12429128732430269610 
0.00000000099999999989 0.00000000099999999989 0.00000000099999999989 0.00000000099999999989 0.90099309313487907502 0.00000000099999999989 0.09900690186512089985 
0.01718555157348134257 0.04368799570474352079 0.00000000099999999994 0.00000000099999999994 0.83005835250689330440 0.00000000099999999994 0.10906809721488193443 
0.99999999400000016969 0.00000000099999999944 0.00000000099999999944 0.00000000099999999944 0.00000000099999999944 0.00000000099999999944 0.00000000099999999944 
0.01614047121652680689 0.02575255019409109988 0.00000000099999999998 0.00000000099999999998 0.85448007311404194919 0.01322077647788957866 0.09040612699745051439 
0.00000000099999999984 0.00000000099999999984 0.00000000099999999984 0.00000000099999999984 0.86861134240192738876 0.00000000099999999984 0.13138865259807258612 
0.00000000099999999985 0.00000000099999999985 0.00000000099999999985 0.00000000099999999985 0.00000000099999999985 0.99999999400000005867 0.00000000099999999985 
0.00000000099999999991 0.00000000099999999991 0.00000000099999999991 0.00000000099999999991 0.88378017591574109524 0.00000000099999999991 0.11621981908425892127 
0.00000000099999999997 0.01410270731797573854 0.00000000099999999997 0.00000000099999999997 0.97099874511794448395 0.00000000099999999997 0.01489854356407979349 
0.00000000099999999953 0.00000000099999999953 0.00000000099999999953 0.00000000099999999953 0.00000000099999999953 0.00000000099999999953 0.99999999399999994765 
0.00001355195241913942 0.00000000099999999991 0.00000000099999999991 0.00000000099999999991 0.88764629084408519510 0.00000000099999999991 0.11234015320349569067 
0.00000000099999999986 0.00000000099999999986 0.00000000099999999986 0.00000000099999999986 0.90687150347788658689 0.00000000099999999986 0.09312849152211349901 
0.00290034303150006568 0.00000000099999999995 0.00000000099999999995 0.00000000099999999995 0.88437320975327537997 0.00000000099999999995 0.11272644321522450050 
0.02655265582091048682 0.01201090333679524953 0.00000000099999999991 0.00000000099999999991 0.87940587205351039568 0.00000000099999999991 0.08203056578878378802 
0.00000000099999999997 0.00000000099999999997 0.02976792944745103656 0.00000000099999999997 0.00000000099999999997 0.97023206555254881689 0.00000000099999999997 
0.00000000099999999964 0.00000000099999999964 0.00000000099999999964 0.00000000099999999964 0.00000000099999999964 0.00000000099999999964 0.99999999399999994765 
0.00000000099999999969 0.00000000099999999969 0.00000000099999999969 0.00000000099999999969 0.00000000099999999969 0.00000000099999999969 0.99999999399999994765 
0.00000000099999999995 0.00000000099999999995 0.00000000099999999995 0.00000000099999999995 0.94905425545321464575 0.00000000099999999995 0.05094573954678534300 
0.00000000099999999989 0.00000000099999999989 0.57159365503004067044 0.37263326638061883278 0.00000000099999999989 0.05577307458934040868 0.00000000099999999989 
0.00000000099999999993 0.00000000099999999993 0.75460639899644177397 0.00000000099999999993 0.00000000099999999993 0.24539359600355825641 0.00000000099999999993 
0.00000000099999999985 0.00000000099999999985 0.94481931593451229379 0.00000000099999999985 0.00000000099999999985 0.05518067906548778517 0.00000000099999999985 
0.00000000099999999959 0.00000000099999999959 0.00000000099999999959 0.99999999400000005867 0.00000000099999999959 0.00000000099999999959 0.00000000099999999959 
0.00000000099999999952 0.00000000099999999952 0.00000000099999999952 0.99999999399999994765 0.00000000099999999952 0.00000000099999999952 0.00000000099999999952 
0.00643957915792878807 0.00000000099999999987 0.00000000099999999987 0.00000000099999999987 0.80356532563097171629 0.00000000099999999987 0.18999509121109942056 
0.00000000099999999997 0.00016424437892843647 0.74595080831834792434 0.00000000099999999997 0.00000000099999999997 0.25388494330272359800 0.00000000099999999997 
0.00000000099999999997 0.00718571734441673070 0.64281428820290731352 0.03679512356853474608 0.00000000099999999997 0.31320486788414109158 0.00000000099999999997 
0.00000000099999999995 0.00633491021428484596 0.74871708519542579108 0.00000000099999999995 0.00000000099999999995 0.24494800059028937200 0.00000000099999999995 
0.00000000099999999990 0.00000000099999999990 0.78065396597052716388 0.00000000099999999990 0.00000000099999999990 0.21934602902947286651 0.00000000099999999990 
0.00000000099999999986 0.00000000099999999986 0.94698738442490160150 0.00000000099999999986 0.00000000099999999986 0.05301261057509840113 0.00000000099999999986 
0.00000000099999999950 0.00000000099999999950 0.00000000099999999950 0.99999999399999994765 0.00000000099999999950 0.00000000099999999950 0.00000000099999999950 
0.00000000099999999962 0.00000000099999999962 0.00000000099999999962 0.99999999399999994765 0.00000000099999999962 0.00000000099999999962 0.00000000099999999962 
0.00000000099999999994 0.00000000099999999994 0.74961924207254593266 0.00000000099999999994 0.00000000099999999994 0.25038075292745398670 0.00000000099999999994 
0.00000000099999999984 0.00000000099999999984 0.95937501484394283047 0.00000000099999999984 0.00000000099999999984 0.04062498015605724155 0.00000000099999999984 
0.00000000099999999994 0.00000000099999999994 0.70768824549515518818 0.00000000099999999994 0.00000000099999999994 0.29231174950484484221 0.00000000099999999994 
0.00073553140968631362 0.00000000099999999998 0.66748611243769706558 0.03619618993561968257 0.00000000099999999998 0.29558216321699709583 0.00000000099999999998 
0.00000000099999999999 0.00621192921776761962 0.63373448479706850911 0.03193138732406944347 0.00000000099999999999 0.32812219566109451785 0.00000000099999999999 
0.00000000099999999993 0.00000000099999999993 0.58801769975449180716 0.37270361231422471926 0.00000000099999999993 0.03927868393128344099 0.00000000099999999993 
0.00000000099999999996 0.00199299262795768484 0.63099794929321817438 0.04203090850624997821 0.00000000099999999996 0.32497814657257412252 0.00000000099999999996 
0.00000000099999999998 0.00000000099999999998 0.64075565979017590212 0.04272002686577446029 0.00000000099999999998 0.31652430934404957030 0.00000000099999999998 
0.00000000099999999994 0.00000000099999999994 0.74570800969744455156 0.00000000099999999994 0.00000000099999999994 0.25429198530255536781 0.00000000099999999994 
0.00000000099999999986 0.00000000099999999986 0.00000000099999999986 0.00000000099999999986 0.00000000099999999986 0.99999999399999994765 0.00000000099999999986 
0.00000000099999999994 0.00000000099999999994 0.47621298277917917252 0.38569077800150169955 0.00000000099999999994 0.13809623521931904677 0.00000000099999999994 
0.00565197527675402600 0.04536589642518790155 0.21792756860532833119 0.00001739491640461527 0.01094493240228593990 0.72009223137403910453 0.00000000099999999999 
0.00000000099999999987 0.00000000099999999987 0.00000000099999999987 0.00000000099999999987 0.00000000099999999987 0.99999999400000005867 0.00000000099999999987 
0.00000000099999999993 0.00000000099999999993 0.39800880922473524937 0.57288369855532816910 0.00000000099999999993 0.02910748821993668078 0.00000000099999999993 
0.00000000099999999994 0.00000000099999999994 0.53160747650171913392 0.33902146092891305429 0.00000000099999999994 0.12937105856936767512 0.00000000099999999994 
0.00000000099999999996 0.00000000099999999996 0.52162116533094304849 0.33772762022295765849 0.00000000099999999996 0.14065121044609921186 0.00000000099999999996 
0.00000000099999999996 0.00189068180640272407 0.00001309471171208901 0.00000000099999999996 0.00000000099999999996 0.99809621948188509410 0.00000000099999999996 
0.00000000099999999996 0.00883968748888609192 0.53457641111228082487 0.00000000099999999996 0.00000000099999999996 0.45658389739883309399 0.00000000099999999996 
0.00000000099999999992 0.00000000099999999992 0.05208527449532580900 0.00000000099999999992 0.00000000099999999992 0.94791472050467406874 0.00000000099999999992 
0.00000000099999999970 0.00000000099999999970 0.00000000099999999970 0.99999999399999994765 0.00000000099999999970 0.00000000099999999970 0.00000000099999999970 
0.00000000099999999993 0.00000000099999999993 0.37158943913726821817 0.62643863083073791920 0.00000000099999999993 0.00197192603199392155 0.00000000099999999993 
0.00000000099999999999 0.03960632398817610228 0.20224991763156957569 0.01686631069291353799 0.00563195148989597064 0.73564549419744484915 0.00000000099999999999 
0.00000000099999999997 0.00000000099999999997 0.46376788073591784789 0.40814025305361884000 0.00000000099999999997 0.12809186221046317544 0.00000000099999999997 
0.00000000099999999993 0.00000000099999999993 0.49048247019951579651 0.40486834303083879538 0.00000000099999999993 0.10464918276964532695 0.00000000099999999993 
0.00000000099999999992 0.00000000099999999992 0.93704796839308268641 0.00000000099999999992 0.00000000099999999992 0.06295202660691727459 0.00000000099999999992 
0.00000000099999999982 0.00000000099999999982 0.00000000099999999982 0.99999999400000005867 0.00000000099999999982 0.00000000099999999982 0.00000000099999999982 
0.00000000099999999968 0.00000000099999999968 0.00000000099999999968 0.99999999400000005867 0.00000000099999999968 0.00000000099999999968 0.00000000099999999968 
0.00000000099999999974 0.00000000099999999974 0.00000000099999999974 0.99999999400000005867 0.00000000099999999974 0.00000000099999999974 0.00000000099999999974 
0.00000000099999999993 0.00000000099999999993 0.44238360076122540399 0.45719263192405446006 0.00000000099999999993 0.10042376331472020745 0.00000000099999999993 
0.00000000099999999996 0.00000000099999999996 0.42209048579277935742 0.42965609637309132296 0.00000000099999999996 0.14825341383412921070 0.00000000099999999996 
0.00000000099999999995 0.00000000099999999995 0.77084447292282576303 0.00000000099999999995 0.00000000099999999995 0.22915552207717415634 0.00000000099999999995 
0.00000000099999999993 0.00000000099999999993 0.49491669656512532471 0.38100021836922531859 0.00000000099999999993 0.12408308106564944207 0.00000000099999999993 
0.00000000099999999994 0.00000000099999999994 0.48436447778115770957 0.35987518044395261363 0.00000000099999999994 0.15576033777488967891 0.00000000099999999994 
0.00000000099999999991 0.00000000099999999991 0.00000000099999999991 0.00000000099999999991 0.00000000099999999991 0.99999999400000005867 0.00000000099999999991 
0.00000000099999999987 0.00000000099999999987 0.91394178272083081982 0.00000000099999999987 0.00000000099999999987 0.08605821227916909955 0.00000000099999999987 
0.00000000099999999997 0.00799169036814637197 0.55311769854185666162 0.00000000099999999997 0.00000000099999999997 0.43889060708999699800 0.00000000099999999997 
0.00000000099999999990 0.00000000099999999990 0.00000000099999999990 0.00000000099999999990 0.00000000099999999990 0.99999999399999994765 0.00000000099999999990 
0.00000000099999999973 0.00000000099999999973 0.00000000099999999973 0.99999999400000005867 0.00000000099999999973 0.00000000099999999973 0.00000000099999999973 
0.00000000099999999992 0.00000000099999999992 0.53839866004549641332 0.40790632322909892160 0.00000000099999999992 0.05369501272540456310 0.00000000099999999992 
0.00000000099999999996 0.00000000099999999996 0.52700259100568258575 0.28016468410550143808 0.00000000099999999996 0.19283272088881581174 0.00000000099999999996 
0.00000000099999999995 0.00554450673824418046 0.54223327391708453504 0.00000000099999999995 0.00000000099999999995 0.45222221534467132997 0.00000000099999999995 
0.00000000099999999998 0.01562120714156352459 0.46755096420182373773 0.00000000099999999998 0.00000000099999999998 0.51682782465661258886 0.00000000099999999998 
0.00000000099999999980 0.00000000099999999980 0.00000000099999999980 0.99999999400000005867 0.00000000099999999980 0.00000000099999999980 0.00000000099999999980 
0.00000000099999999992 0.00000000099999999992 0.40423592926814311266 0.54126336670550367902 0.00000000099999999992 0.05450070002635321043 0.00000000099999999992 
0.01614487635135613414 0.37694695754575768820 0.00000000100000000000 0.00101637845271734849 0.44000291915961853295 0.13093480606569157798 0.03495406142485871920 
0.00000000099999999962 0.99999999400000016969 0.00000000099999999962 0.00000000099999999962 0.00000000099999999962 0.00000000099999999962 0.00000000099999999962 
0.00000000099999999970 0.99999999400000005867 0.00000000099999999970 0.00000000099999999970 0.00000000099999999970 0.00000000099999999970 0.00000000099999999970 
0.03290870628315578639 0.36591737266335694345 0.00000000100000000000 0.00000798788952974025 0.45907945377290509947 0.13001091176373050229 0.01207556662732176510 
0.00000000099999999965 0.99999999400000005867 0.00000000099999999965 0.00000000099999999965 0.00000000099999999965 0.00000000099999999965 0.00000000099999999965 
0.00000000099999999960 0.99999999400000005867 0.00000000099999999960 0.00000000099999999960 0.00000000099999999960 0.00000000099999999960 0.00000000099999999960 
0.00000000099999999955 0.99999999400000005867 0.00000000099999999955 0.00000000099999999955 0.00000000099999999955 0.00000000099999999955 0.00000000099999999955 
0.01555398285760290107 0.36955568792383985954 0.00000000100000000000 0.00000000100000000000 0.46940058951120933184 0.14407423546448622220 0.00141550224286162893 
0.00000000099999999965 0.99999999400000005867 0.00000000099999999965 0.00000000099999999965 0.00000000099999999965 0.00000000099999999965 0.00000000099999999965 
0.03730365586502485536 0.35933101844681025749 0.00000000099999999999 0.00000000099999999999 0.48703441279660619756 0.11629342712527554471 0.00003748376628313415 
0.00000000099999999955 0.99999999400000005867 0.00000000099999999955 0.00000000099999999955 0.00000000099999999955 0.00000000099999999955 0.00000000099999999955 
0.76012696576538607562 0.00000000099999999982 0.00000000099999999982 0.00000000099999999982 0.16909490750368350032 0.00000000099999999982 0.07077812273093062045 
0.00000000099999999996 0.00000000099999999996 0.00000000099999999996 0.00000000099999999996 0.87909858511736527209 0.00000000099999999996 0.12090140988263478605 
0.99999999400000005867 0.00000000099999999956 0.00000000099999999956 0.00000000099999999956 0.00000000099999999956 0.00000000099999999956 0.00000000099999999956 
0.00000000099999999991 0.00000000099999999991 0.52648019253941269469 0.41440796593945578019 0.00000000099999999991 0.05911183752113144396 0.00000000099999999991 
0.00000000099999999990 0.00000000099999999990 0.00000000099999999990 0.00000000099999999990 0.86731511959896900876 0.00000000099999999990 0.13268487540103113265 
0.00689149229560606560 0.02408316498319322888 0.00000000099999999997 0.00000000099999999997 0.93476145332227578155 0.00000000099999999997 0.03426388639892487958 
0.00000000099999999992 0.00000000099999999992 0.54635161481998306687 0.43072062106739733567 0.00000000099999999992 0.02292776011261948854 0.00000000099999999992 
0.00525805408615082678 0.01255405444691175959 0.00000000099999999997 0.00000000099999999997 0.98218788746693730385 0.00000000099999999997 0.00000000099999999997 
0.00000000099999999997 0.00767179960463945480 0.48327019548347310840 0.00000000099999999997 0.00000000099999999997 0.50901215964958501647 0.00004584226230244226 
0.00000000099999999992 0.00000000099999999992 0.53093671385013130326 0.39013471584756870270 0.00000000099999999992 0.07892856630229988513 0.00000000099999999992 
0.00000000099999999996 0.00920276300742234668 0.51060235684006727297 0.00000000099999999996 0.00000000099999999996 0.48019487615251049695 0.00000000099999999996 
0.00000000099999999990 0.00000000099999999990 0.56874144960268735449 0.39437379301612246474 0.00000000099999999990 0.03688475338119009267 0.00000000099999999990 
0.00357657152184981744 0.01683304894951651726 0.45211453168715537432 0.00000000099999999998 0.00000000099999999998 0.52747584484147824746 0.00000000099999999998 
0.00000000099999999995 0.00804334226398928896 0.00000000099999999995 0.00000000099999999995 0.97840824951669913556 0.00000000099999999995 0.01354840421931161054 
0.01325025076143015665 0.00000000099999999990 0.00000000099999999990 0.00000000099999999990 0.79299535791422148812 0.00000000099999999990 0.19375438732434832612 
0.00000000099999999996 0.00430438325800452850 0.54547633038669018912 0.01183839938438428774 0.00000000099999999996 0.43838088397092112025 0.00000000099999999996 
0.00000000099999999996 0.01036256795871845840 0.48149714418842837205 0.00000000099999999996 0.00000000099999999996 0.50814028385285314737 0.00000000099999999996 
0.00000000099999999990 0.00000000099999999990 0.60243566658246294754 0.33939951266103302041 0.00000000099999999990 0.05816481675650400640 0.00000000099999999990 
0.00000000099999999962 0.99999999400000005867 0.00000000099999999962 0.00000000099999999962 0.00000000099999999962 0.00000000099999999962 0.00000000099999999962 
0.00000000099999999994 0.05440747830959685033 0.00000000099999999994 0.00000000099999999994 0.00000000099999999994 0.94559251669040311761 0.00000000099999999994 
0.00000000099999999958 0.99999999400000016969 0.00000000099999999958 0.00000000099999999958 0.00000000099999999958 0.00000000099999999958 0.00000000099999999958 
0.00000000099999999962 0.99999999400000005867 0.00000000099999999962 0.00000000099999999962 0.00000000099999999962 0.00000000099999999962 0.00000000099999999962 
0.00000000099999999998 0.05529526656264918683 0.00000000099999999998 0.00000000099999999998 0.00000000099999999998 0.94470472843735076030 0.00000000099999999998 
0.00000000099999999981 0.99999999400000016969 0.00000000099999999981 0.00000000099999999981 0.00000000099999999981 0.00000000099999999981 0.00000000099999999981 
0.00000000099999999995 0.05024182038431556502 0.00000000099999999995 0.00000000099999999995 0.00000000099999999995 0.94975817461568434741 0.00000000099999999995 
0.00000000099999999983 0.99999999400000016969 0.00000000099999999983 0.00000000099999999983 0.00000000099999999983 0.00000000099999999983 0.00000000099999999983 
0.00000000100000000000 0.05125327677702656154 0.00000273584793099832 0.00000005765168097618 0.00000000100000000000 0.94874392672336149701 0.00000000100000000000 
0.00567132532612983457 0.00000000099999999987 0.00000000099999999987 0.00000000099999999987 0.77943300429417861075 0.00000000099999999987 0.21489566637969165219 
0.00000000099999999989 0.00000000099999999989 0.95578819185230812217 0.04421180314769181802 0.00000000099999999989 0.00000000099999999989 0.00000000099999999989 
0.00000000099999999994 0.02641513664804307979 0.00000000099999999994 0.00000000099999999994 0.95968332615491369619 0.00000000099999999994 0.01390153319704326082 
0.00931953349513353450 0.00000000099999999985 0.00000000099999999985 0.00000000099999999985 0.79142596603121317944 0.00000000099999999985 0.19925449647365320316 
0.00000286019649181126 0.00000000099999999992 0.00000000099999999992 0.00000000099999999992 0.87561158429656982261 0.00000000099999999992 0.12438555150693840490 
0.00000000099999999997 0.01828171302958224442 0.00000000099999999997 0.00000000099999999997 0.94372874770404036049 0.00000000099999999997 0.03798953526637732780 
0.00000000099999999984 0.00000000099999999984 0.00000000099999999984 0.00000000099999999984 0.00000000099999999984 0.99999999399999994765 0.00000000099999999984 
0.01733963998387018021 0.04009535051369382541 0.00000000099999999997 0.00000000099999999997 0.94184883766581417586 0.00000000099999999997 0.00071616883662189708 
0.00000000099999999988 0.00000000099999999988 0.00000000099999999988 0.00000000099999999988 0.00000000099999999988 0.99999999399999994765 0.00000000099999999988 
0.00000000099999999959 0.00000000099999999959 0.00000000099999999959 0.00000000099999999959 0.00000000099999999959 0.00000000099999999959 0.99999999399999994765 
0.00000000099999999988 0.00000000099999999988 0.00000000099999999988 0.00000000099999999988 0.80508340642888631677 0.00000000099999999988 0.19491658857111374137 
0.00000000099999999956 0.00000000099999999956 0.00000000099999999956 0.00000000099999999956 0.00000000099999999956 0.00000000099999999956 0.99999999400000005867 
0.00000000099999999983 0.00000000099999999983 0.00817924999399894173 0.00000000099999999983 0.00000000099999999983 0.99182074500600103661 0.00000000099999999983 
0.00000000099999999986 0.00000000099999999986 0.00000000099999999986 0.00000000099999999986 0.82418689534472699965 0.00000000099999999986 0.17581309965527311401 
0.00000000099999999996 0.01572789254339301487 0.00000000099999999996 0.00000000099999999996 0.96676897662981375881 0.00000000099999999996 0.01750312682679317638 
0.00000000099999999989 0.00000000099999999989 0.00000000099999999989 0.00000000099999999989 0.87147954415882955548 0.00000000099999999989 0.12852045084117036389 
0.00000000099999999991 0.00000000099999999991 0.00000000099999999991 0.00000000099999999991 0.84992114707809585106 0.00000000099999999991 0.15007884792190415157 
0.00802392629420021174 0.00000000099999999990 0.00000000099999999990 0.00000000099999999990 0.83977259068299814349 0.00000000099999999990 0.15220347902280167984 
0.00000000099999999991 0.00000000099999999991 0.00000000099999999991 0.00000000099999999991 0.85913923181385032368 0.00000000099999999991 0.14086076318614967895 
0.01403650126238051299 0.00000000099999999994 0.00000000099999999994 0.00000000099999999994 0.83571948715101584959 0.00000000099999999994 0.15024400758660366728 
0.00000000099999999983 0.00000000099999999983 0.00000000099999999983 0.00000000099999999983 0.00000000099999999983 0.99999999399999994765 0.00000000099999999983 
0.00000000099999999992 0.00000000099999999992 0.00000000099999999992 0.00000000099999999992 0.00000000099999999992 0.99999999399999994765 0.00000000099999999992 
0.00000000099999999987 0.00000000099999999987 0.00000000099999999987 0.00000000099999999987 0.00000000099999999987 0.99999999399999994765 0.00000000099999999987 
0.00000000099999999986 0.00000000099999999986 0.00000000099999999986 0.00000000099999999986 0.00000000099999999986 0.99999999400000005867 0.00000000099999999986 
0.00000000099999999989 0.00000000099999999989 0.00000000099999999989 0.00000000099999999989 0.00000000099999999989 0.99999999400000005867 0.00000000099999999989 
0.00000000099999999989 0.00000000099999999989 0.00000000099999999989 0.00000000099999999989 0.00000000099999999989 0.99999999399999994765 0.00000000099999999989 
0.00000000099999999987 0.00000000099999999987 0.00000000099999999987 0.00000000099999999987 0.00000000099999999987 0.99999999400000005867 0.00000000099999999987 
0.00000000099999999984 0.00000000099999999984 0.00000000099999999984 0.00000000099999999984 0.00000000099999999984 0.99999999399999994765 0.00000000099999999984 
0.00000000099999999986 0.00000000099999999986 0.00000000099999999986 0.00000000099999999986 0.85289714998495458342 0.00000000099999999986 0.14710284501504536370 
0.99999999400000016969 0.00000000099999999937 0.00000000099999999937 0.00000000099999999937 0.00000000099999999937 0.00000000099999999937 0.00000000099999999937 
0.00000000099999999995 0.00000000099999999995 0.00000000099999999995 0.00000000099999999995 0.90989326999315223166 0.00000000099999999995 0.09010672500684789588 
0.00000000099999999992 0.00000000099999999992 0.90476376053629115059 0.00000000099999999992 0.00000000099999999992 0.09523623446370883816 0.00000000099999999992 
0.00000000099999999987 0.00000000099999999987 0.95848804904990514419 0.04151194595009483762 0.00000000099999999987 0.00000000099999999987 0.00000000099999999987 
0.00458004213273305923 0.01229345519883484096 0.00000000099999999994 0.00000000099999999994 0.97380413717166469656 0.00000000099999999994 0.00932236249676735886 
0.00000000099999999992 0.00000000099999999992 0.92791601501415310604 0.00000000099999999992 0.00000000099999999992 0.07208397998584692434 0.00000000099999999992 
0.01951477809539061553 0.04165510120066664296 0.00221747071806725413 0.00000000099999999999 0.92031003568066704901 0.01630261230520840127 0.00000000099999999999 
0.00000000099999999988 0.00000000099999999988 0.87198772440826377572 0.00000000099999999988 0.00000000099999999988 0.12801227059173614364 0.00000000099999999988 
0.00000000099999999987 0.00000000099999999987 0.00000000099999999987 0.00000000099999999987 0.00000000099999999987 0.99999999400000005867 0.00000000099999999987 
0.00000000099999999988 0.00000000099999999988 0.94370588394381837993 0.00000000099999999988 0.00000000099999999988 0.05629411105618165045 0.00000000099999999988 
0.00000000099999999992 0.00000000099999999992 0.91685318103263246936 0.00000000099999999992 0.00000000099999999992 0.08314681396736746388 0.00000000099999999992 
0.00000000099999999987 0.00000000099999999987 0.95835536143262034514 0.00000000099999999987 0.00000000099999999987 0.04164463356737966443 0.00000000099999999987 
0.00000000099999999992 0.00000000099999999992 0.94399098753774712822 0.05600900746225286053 0.00000000099999999992 0.00000000099999999992 0.00000000099999999992 
0.00000000099999999986 0.00000000099999999986 0.92969604355604706925 0.00000000099999999986 0.00000000099999999986 0.07030395144395283624 0.00000000099999999986 
0.00000000099999999991 0.00000000099999999991 0.91237026210313965091 0.00000000099999999991 0.00000000099999999991 0.08762973289686025458 0.00000000099999999991 
0.00000000099999999983 0.00000000099999999983 0.00000000099999999983 0.00000000099999999983 0.00000000099999999983 0.99999999400000005867 0.00000000099999999983 
0.00912973482237848522 0.01515334484936643050 0.00000000099999999996 0.00000000099999999996 0.97571691324520481992 0.00000000099999999996 0.00000000408305028435 
0.00657251308795793205 0.01742817327222475482 0.00000000099999999997 0.00000000099999999997 0.93532488293938920165 0.00000000099999999997 0.04067442770042811739 
0.99999999400000016969 0.00000000099999999936 0.00000000099999999936 0.00000000099999999936 0.00000000099999999936 0.00000000099999999936 0.00000000099999999936 
0.00000000099999999990 0.00000000099999999990 0.96013050121710175056 0.03986949378289825902 0.00000000099999999990 0.00000000099999999990 0.00000000099999999990 
0.00000000099999999985 0.00000000099999999985 0.95550613903933523385 0.00000000099999999985 0.00000000099999999985 0.04449385596066483817 0.00000000099999999985 
0.00000000099999999986 0.00000000099999999986 0.00000000099999999986 0.00000000099999999986 0.00000000099999999986 0.99999999399999994765 0.00000000099999999986 
0.00000000099999999993 0.00000000099999999993 0.95824303395676069250 0.04175696104323921992 0.00000000099999999993 0.00000000099999999993 0.00000000099999999993 
0.00000000099999999989 0.00000000099999999989 0.92991939725853822729 0.00000000099999999989 0.00000000099999999989 0.07008059774146160881 0.00000000099999999989 
0.00000000099999999989 0.00000000099999999989 0.95770971099918011937 0.04229028400081980693 0.00000000099999999989 0.00000000099999999989 0.00000000099999999989 
0.00000000099999999994 0.00000000099999999994 0.94941224866281836992 0.05058774633718154945 0.00000000099999999994 0.00000000099999999994 0.00000000099999999994 
0.00000000099999999991 0.00000000099999999991 0.95396231770719042142 0.04603767729280945631 0.00000000099999999991 0.00000000099999999991 0.00000000099999999991 
0.00164575539777830665 0.01151228247790379335 0.00000000099999999994 0.00000000099999999994 0.93534142377264972712 0.00000000099999999994 0.05150053535166813912 
0.00101707252730355428 0.01143830584615381646 0.66932071012379834585 0.00259873031696600341 0.00219969849833879291 0.31342548168743933346 0.00000000099999999999 
0.00000000099999999990 0.00000000099999999990 0.00000000099999999990 0.00000000099999999990 0.00000000099999999990 0.99999999399999994765 0.00000000099999999990 
0.00000000099999999995 0.00000000099999999995 0.96224472541235972489 0.03775526958764021529 0.00000000099999999995 0.00000000099999999995 0.00000000099999999995 
0.00000000099999999989 0.00000000099999999989 0.94786390668658970782 0.00000000099999999989 0.00000000099999999989 0.05213608831341023236 0.00000000099999999989 
0.04057801324339676413 0.00000000099999999995 0.00000000099999999995 0.00000000099999999995 0.95942198175660320381 0.00000000099999999995 0.00000000099999999995 
0.00000000099999999991 0.00000000099999999991 0.00000028633571769670 0.00000000099999999991 0.00000000099999999991 0.99999970866428222749 0.00000000099999999991 
0.00000000099999999993 0.01570018145940586807 0.54652082280069635978 0.00000000099999999993 0.00000000099999999993 0.43777899173989792692 0.00000000099999999993 
0.00000000099999999996 0.00217054013616849433 0.56840140044208220527 0.00000000099999999996 0.00000000099999999996 0.42942805542174938838 0.00000000099999999996 
0.00000000099999999998 0.00996353765076139417 0.57908987171917269965 0.00741686259686240822 0.00000000099999999998 0.40352972503320355679 0.00000000099999999998 
0.00000000099999999995 0.00821626951105244689 0.52961365748895916639 0.00000000099999999995 0.00000000099999999995 0.46217006899998824831 0.00000000099999999995 
0.00000000099999999992 0.00406011952367093046 0.55055624383368728658 0.00000000099999999992 0.00000000099999999992 0.44538363264264169139 0.00000000099999999992 
