0.04657450439418872601 0.00000000099999999994 0.00000000099999999994 0.95216197785206913018 0.00000000099999999994 0.00000000099999999994 0.00000000099999999994 0.00000000099999999994 0.00126350975374214716 0.00000000099999999994 0.00000000099999999994 
0.10175841790053993807 0.00000000099999999992 0.00000000099999999992 0.89333401178203653004 0.00000000099999999992 0.00000000099999999992 0.00000001967716862577 0.00000000099999999992 0.00490754364025497263 0.00000000099999999992 0.00000000099999999992 
0.00000000099999999988 0.00000000099999999988 0.00000000099999999988 0.00000000099999999988 0.00000000099999999988 0.00000000099999999988 0.00000000099999999988 0.00000000099999999988 0.00000000099999999988 0.99999998999999994975 0.00000000099999999988 
0.06942133965472417623 0.00000000099999999990 0.00000000099999999990 0.90899347676498776227 0.00000000099999999990 0.00000000099999999990 0.02158517558028817673 0.00000000099999999990 0.00000000099999999990 0.00000000099999999990 0.00000000099999999990 
0.00989769065559880333 0.00000000099999999992 0.00000000099999999992 0.84853178030042020197 0.00000000099999999992 0.00000000099999999992 0.13193603551439975208 0.00000000099999999992 0.00963448652958139029 0.00000000099999999992 0.00000000099999999992 
0.00000000099999999996 0.00000000099999999996 0.00000000099999999996 0.87449125915508063578 0.00000000099999999996 0.00000000099999999996 0.11592891998133078579 0.00000000099999999996 0.00957981286358855662 0.00000000099999999996 0.00000000099999999996 
0.00000000099999999936 0.99999999000000017180 0.00000000099999999936 0.00000000099999999936 0.00000000099999999936 0.00000000099999999936 0.00000000099999999936 0.00000000099999999936 0.00000000099999999936 0.00000000099999999936 0.00000000099999999936 
0.10034024308991207342 0.00000000099999999981 0.00000000099999999981 0.89235120757389696511 0.00000000099999999981 0.00000000099999999981 0.00730854133619110360 0.00000000099999999981 0.00000000099999999981 0.00000000099999999981 0.00000000099999999981 
0.00000000099999999897 0.00000000099999999897 0.00000000099999999897 0.00000000099999999897 0.00000000099999999897 0.00000000099999999897 0.00000000099999999897 0.00000000099999999897 0.00000000099999999897 0.00000000099999999897 0.99999998999999994975 
0.16817179317308217357 0.00000000099999999984 0.00000000099999999984 0.76180300807818435160 0.00000000099999999984 0.00000000099999999984 0.07002519074873367333 0.00000000099999999984 0.00000000099999999984 0.00000000099999999984 0.00000000099999999984 
0.10153907189537038358 0.00000000099999999979 0.00000000099999999979 0.84329442146962341198 0.00000000099999999979 0.00000000099999999979 0.05516649863500634743 0.00000000099999999979 0.00000000099999999979 0.00000000099999999979 0.00000000099999999979 
0.01137204003008866586 0.00000000099999999989 0.00000000099999999989 0.71445330019242669906 0.00000000099999999989 0.00000000099999999989 0.25356905954676628445 0.00000000099999999989 0.02060559323071848095 0.00000000099999999989 0.00000000099999999989 
0.00000000099999999994 0.00000000099999999994 0.00000000099999999994 0.92732391689539184210 0.00000000099999999994 0.00000000099999999994 0.07042749043083973426 0.00000000099999999994 0.00224858467376857617 0.00000000099999999994 0.00000000099999999994 
0.00000000099999999995 0.00000000099999999995 0.00000000099999999995 0.88775388282067324575 0.00000000099999999995 0.00000000099999999995 0.11224610817932689777 0.00000000099999999995 0.00000000099999999995 0.00000000099999999995 0.00000000099999999995 
0.00000000099999999987 0.00000000099999999987 0.00000000099999999987 0.00000000099999999987 0.09106507164181093517 0.00000000099999999987 0.00000000099999999987 0.00000000099999999987 0.00000000099999999987 0.90893491935818904182 0.00000000099999999987 
0.07066637675798155549 0.00000000099999999983 0.00000000099999999983 0.85491048285277881913 0.00000000099999999983 0.00000000099999999983 0.07442313238923969898 0.00000000099999999983 0.00000000099999999983 0.00000000099999999983 0.00000000099999999983 
0.14606864147443876512 0.00000000099999999980 0.00000000099999999980 0.75456067020503470033 0.00000000099999999980 0.00000000099999999980 0.09836870052380067286 0.00000000099999999980 0.00100198079672605446 0.00000000099999999980 0.00000000099999999980 
0.07000286840980911307 0.00000000099999999977 0.00000000099999999977 0.20540322979285779992 0.00000000099999999977 0.00000000099999999977 0.53529565684740620934 0.00000000099999999977 0.18929823794992683972 0.00000000099999999977 0.00000000099999999977 
0.07140861796723110833 0.00000000099999999987 0.00000000099999999987 0.87803786338196154748 0.00000000099999999987 0.00000000099999999987 0.05055351065080733453 0.00000000099999999987 0.00000000099999999987 0.00000000099999999987 0.00000000099999999987 
0.00000000099999999909 0.00000000099999999909 0.00000000099999999909 0.00000000099999999909 0.00000000099999999909 0.00000000099999999909 0.00000000099999999909 0.00000000099999999909 0.99999999000000006077 0.00000000099999999909 0.00000000099999999909 
0.00000000099999999937 0.99999999000000028282 0.00000000099999999937 0.00000000099999999937 0.00000000099999999937 0.00000000099999999937 0.00000000099999999937 0.00000000099999999937 0.00000000099999999937 0.00000000099999999937 0.00000000099999999937 
0.00000000099999999905 0.00000000099999999905 0.00000000099999999905 0.00000000099999999905 0.00000000099999999905 0.00000000099999999905 0.00000000099999999905 0.00000000099999999905 0.99999998999999994975 0.00000000099999999905 0.00000000099999999905 
0.00000000099999999997 0.00000000099999999997 0.00818569426287722550 0.91760412704219684876 0.00000000099999999997 0.00000000099999999997 0.07420793062764760584 0.00000224106727839587 0.00000000099999999997 0.00000000099999999997 0.00000000099999999997 
0.00000000099999999912 0.99999999000000028282 0.00000000099999999912 0.00000000099999999912 0.00000000099999999912 0.00000000099999999912 0.00000000099999999912 0.00000000099999999912 0.00000000099999999912 0.00000000099999999912 0.00000000099999999912 
0.99999999000000017180 0.00000000099999999940 0.00000000099999999940 0.00000000099999999940 0.00000000099999999940 0.00000000099999999940 0.00000000099999999940 0.00000000099999999940 0.00000000099999999940 0.00000000099999999940 0.00000000099999999940 
0.10606766393001439142 0.00000000099999999982 0.00000000099999999982 0.81647736489520716940 0.00000000099999999982 0.00000000099999999982 0.07745496317477855441 0.00000000099999999982 0.00000000099999999982 0.00000000099999999982 0.00000000099999999982 
0.08318269320388399501 0.00000000099999999990 0.00000000099999999990 0.74475786225667128804 0.00000000099999999990 0.00000000099999999990 0.17194341627786294269 0.00000000099999999990 0.00011602126158169536 0.00000000099999999990 0.00000000099999999990 
0.23202832454611360680 0.00000000099999999969 0.00000000099999999969 0.67022644246570373117 0.00000000099999999969 0.00000000099999999969 0.09774522498818286054 0.00000000099999999969 0.00000000099999999969 0.00000000099999999969 0.00000000099999999969 
0.00000000099999999989 0.00000000099999999989 0.00000000099999999989 0.00000000099999999989 0.01386613964539514660 0.00000000298419566883 0.00000000099999999989 0.95214473722315851045 0.00000000099999999989 0.00000000099999999989 0.03398911314725084482 
0.00000000099999999960 0.81347743447609732748 0.00000000099999999960 0.00000000099999999960 0.00000000099999999960 0.00000000099999999960 0.00000000099999999960 0.00000000099999999960 0.00000000099999999960 0.00000000099999999960 0.18652255652390292706 
0.00000000099999999997 0.00000000099999999997 0.00000000099999999997 0.94122182967352219229 0.01128545741507266768 0.00000000099999999997 0.03568561831309501747 0.00000000099999999997 0.01180708759831008460 0.00000000099999999997 0.00000000099999999997 
0.14592924331779780212 0.00000000099999999990 0.00000000099999999990 0.66330988729130369030 0.00000000099999999990 0.00000000099999999990 0.07219948664003857097 0.00000000099999999990 0.00421334222982240689 0.00000000099999999990 0.11434803452103749211 
0.18044679204330368871 0.00000000099999999998 0.01238017135608269689 0.74664599823991573135 0.01074249109608854322 0.00000000099999999998 0.03035301381629717035 0.00000000099999999998 0.01943152844831214782 0.00000000099999999998 0.00000000099999999998 
0.13997411389310707164 0.00000000099999999996 0.00000000099999999996 0.69394347724450033965 0.00000000099999999996 0.01614332890092103762 0.09448055384841717863 0.03501506540125920441 0.02044345571179516374 0.00000000099999999996 0.00000000099999999996 
0.00000000099999999980 0.93113185779615581517 0.00000000099999999980 0.04445675206870430829 0.00000000099999999980 0.00000000099999999980 0.00000000099999999980 0.00000000099999999980 0.00000000099999999980 0.00000000099999999980 0.02441138213514012015 
0.12561967504254581418 0.00000000099999999983 0.00000000099999999983 0.83160656519652864649 0.00000000099999999983 0.00000000099999999983 0.04277375176092566150 0.00000000099999999983 0.00000000099999999983 0.00000000099999999983 0.00000000099999999983 
0.00000000099999999995 0.00000000099999999995 0.00000000099999999995 0.87351839544683074212 0.00000000099999999995 0.00000000099999999995 0.09060589597118492988 0.00000000099999999995 0.02539931013459642561 0.00000000099999999995 0.01047639144738788004 
0.99999999000000028282 0.00000000099999999929 0.00000000099999999929 0.00000000099999999929 0.00000000099999999929 0.00000000099999999929 0.00000000099999999929 0.00000000099999999929 0.00000000099999999929 0.00000000099999999929 0.00000000099999999929 
0.09072610199250651097 0.00000000099999999986 0.00000000099999999986 0.89211203493939639220 0.00000000099999999986 0.00000000099999999986 0.01716185506809736472 0.00000000099999999986 0.00000000099999999986 0.00000000099999999986 0.00000000099999999986 
0.07324605543302355193 0.01791748254877548185 0.00000000099999999994 0.68247608718595109689 0.00000000099999999994 0.00000000099999999994 0.00000000099999999994 0.00000000099999999994 0.00321142772058066218 0.00000000099999999994 0.22314894111166938551 
0.12954801901833229438 0.00000000099999999983 0.00000000099999999983 0.65247135209218354301 0.00000000099999999983 0.00000000099999999983 0.08828180277652945829 0.00000000099999999983 0.00000000099999999983 0.00000000099999999983 0.12969881911295480514 
0.07746654410009455594 0.00000000099999999995 0.00000000099999999995 0.82795125481425313474 0.00000000099999999995 0.01276974685354568401 0.00000000099999999995 0.08181244723210667757 0.00000000099999999995 0.00000000099999999995 0.00000000099999999995 
0.00000000099999999982 0.00000000099999999982 0.00000000099999999982 0.00000000099999999982 0.00294618607213760226 0.00048043731930076596 0.00000000099999999982 0.99657336860856160499 0.00000000099999999982 0.00000000099999999982 0.00000000099999999982 
0.11314633815270437600 0.00000000099999999994 0.00000000099999999994 0.78122721251770477213 0.00000000099999999994 0.00000000099999999994 0.08271897190339036476 0.00000000099999999994 0.00000000099999999994 0.02290747042620057405 0.00000000099999999994 
0.05128175178379992816 0.00000000099999999993 0.00000000099999999993 0.77821666435492742320 0.00000000099999999993 0.00000000099999999993 0.16964159733128805763 0.00000000099999999993 0.00085997952998455524 0.00000000099999999993 0.00000000099999999993 
0.02802380104336045161 0.00000000099999999990 0.00000000099999999990 0.84761232323744917228 0.00000000099999999990 0.00000000099999999990 0.12435401736692978936 0.00000000099999999990 0.00000985135226070980 0.00000000099999999990 0.00000000099999999990 
0.00000000099999999990 0.00000000099999999990 0.00000000099999999990 0.00000000099999999990 0.00000000099999999990 0.00000000099999999990 0.00000000099999999990 0.99999998999999994975 0.00000000099999999990 0.00000000099999999990 0.00000000099999999990 
0.00000000099999999991 0.00000000099999999991 0.00000000099999999991 0.00000000099999999991 0.00000000099999999991 0.06458204159530887833 0.00052113502836040738 0.93489681537633062547 0.00000000099999999991 0.00000000099999999991 0.00000000099999999991 
0.00000000099999999991 0.00000000099999999991 0.00000000099999999991 0.00000000099999999991 0.00000000099999999991 0.07334538660570993907 0.01486100565691608061 0.91179359973737406087 0.00000000099999999991 0.00000000099999999991 0.00000000099999999991 
0.00000000099999999992 0.00000000099999999992 0.02707792043161748319 0.00000000099999999992 0.28108013160606643011 0.37529370650179882940 0.00000000099999999992 0.31654823446051733038 0.00000000099999999992 0.00000000099999999992 0.00000000099999999992 
0.00000000099999999996 0.00000000099999999996 0.01728342992715783955 0.01245162953468429562 0.07301233358123324080 0.20684634287572023492 0.00000000099999999996 0.69040625808120437146 0.00000000099999999996 0.00000000099999999996 0.00000000099999999996 
0.00000000099999999976 0.00000000099999999976 0.00000000099999999976 0.00000000099999999976 0.11202342674569891467 0.88797656425430127047 0.00000000099999999976 0.00000000099999999976 0.00000000099999999976 0.00000000099999999976 0.00000000099999999976 
0.00000000099999999971 0.00000000099999999971 0.00000000099999999971 0.00000000099999999971 0.00000000099999999971 0.99999999000000017180 0.00000000099999999971 0.00000000099999999971 0.00000000099999999971 0.00000000099999999971 0.00000000099999999971 
0.01040555279026876903 0.00000000099999999995 0.00686543855542759169 0.00000000099999999995 0.15001363158580474644 0.19711551318330158833 0.00000000099999999995 0.63559985788519735017 0.00000000099999999995 0.00000000099999999995 0.00000000099999999995 
0.00000000099999999963 0.00000000099999999963 0.00000000099999999963 0.00000000099999999963 0.00000000099999999963 0.99999999000000006077 0.00000000099999999963 0.00000000099999999963 0.00000000099999999963 0.00000000099999999963 0.00000000099999999963 
0.00000000099999999981 0.00000000099999999981 0.00000000099999999981 0.00000000099999999981 0.00000000099999999981 0.99999999000000006077 0.00000000099999999981 0.00000000099999999981 0.00000000099999999981 0.00000000099999999981 0.00000000099999999981 
0.00000000099999999996 0.00000000099999999996 0.00589367226354097981 0.02280401843231946724 0.17543023370332339050 0.14717922942853389756 0.00000000099999999996 0.64265292955592845381 0.00603991161635381458 0.00000000099999999996 0.00000000099999999996 
0.00000000099999999990 0.00000000099999999990 0.01776587548501718655 0.00000000099999999990 0.24778539348395853259 0.62917259937744141052 0.00000000099999999990 0.10527612465358297811 0.00000000099999999990 0.00000000099999999990 0.00000000099999999990 
0.00000000099999999951 0.00000000099999999951 0.00000000099999999951 0.00000000099999999951 0.00000000099999999951 0.00000000099999999951 0.00000000099999999951 0.00000000099999999951 0.99999999000000006077 0.00000000099999999951 0.00000000099999999951 
0.00000000099999999977 0.00000000099999999977 0.00000000099999999977 0.00000000099999999977 0.00000000099999999977 0.99999999000000017180 0.00000000099999999977 0.00000000099999999977 0.00000000099999999977 0.00000000099999999977 0.00000000099999999977 
0.00000000099999999971 0.00000000099999999971 0.00000000099999999971 0.00000000099999999971 0.00000000099999999971 0.99999999000000006077 0.00000000099999999971 0.00000000099999999971 0.00000000099999999971 0.00000000099999999971 0.00000000099999999971 
0.00000000099999999974 0.00000000099999999974 0.00000000099999999974 0.00000000099999999974 0.00000000099999999974 0.99999999000000017180 0.00000000099999999974 0.00000000099999999974 0.00000000099999999974 0.00000000099999999974 0.00000000099999999974 
0.00000000099999999975 0.00000000099999999975 0.00000000099999999975 0.00000000099999999975 0.00000000099999999975 0.99999999000000017180 0.00000000099999999975 0.00000000099999999975 0.00000000099999999975 0.00000000099999999975 0.00000000099999999975 
0.00000000099999999974 0.00000000099999999974 0.00000000099999999974 0.00000000099999999974 0.00000000099999999974 0.99999999000000017180 0.00000000099999999974 0.00000000099999999974 0.00000000099999999974 0.00000000099999999974 0.00000000099999999974 
0.00000000099999999977 0.00000000099999999977 0.00000000099999999977 0.00000000099999999977 0.00000000099999999977 0.99999999000000006077 0.00000000099999999977 0.00000000099999999977 0.00000000099999999977 0.00000000099999999977 0.00000000099999999977 
0.00000000099999999999 0.00000000099999999999 0.00000000099999999999 0.86955380672240778495 0.00000000099999999999 0.00000000099999999999 0.03617454432525774033 0.00945892615981027210 0.00885924020871302169 0.00000006619995250898 0.07595341138385865165 
0.01040939681543749662 0.00000000099999999989 0.00000000099999999989 0.88111901529649805376 0.00000000099999999989 0.00000000099999999989 0.10847132892785971148 0.00000000099999999989 0.00000025196020490768 0.00000000099999999989 0.00000000099999999989 
0.00000000099999999974 0.00000000099999999974 0.00000000099999999974 0.09220299023744137068 0.00000000099999999974 0.00000000099999999974 0.15428420220194147272 0.00000000099999999974 0.75351279956061711918 0.00000000099999999974 0.00000000099999999974 
0.00000000099999999930 0.00000000099999999930 0.00000000099999999930 0.00000000099999999930 0.00000000099999999930 0.00000000099999999930 0.00000000099999999930 0.00000000099999999930 0.00000000099999999930 0.00000000099999999930 0.99999999000000006077 
0.99999999000000017180 0.00000000099999999975 0.00000000099999999975 0.00000000099999999975 0.00000000099999999975 0.00000000099999999975 0.00000000099999999975 0.00000000099999999975 0.00000000099999999975 0.00000000099999999975 0.00000000099999999975 
0.32839521784005343275 0.00000000099999999976 0.00000000099999999976 0.67160477315994671077 0.00000000099999999976 0.00000000099999999976 0.00000000099999999976 0.00000000099999999976 0.00000000099999999976 0.00000000099999999976 0.00000000099999999976 
0.99999999000000017180 0.00000000099999999920 0.00000000099999999920 0.00000000099999999920 0.00000000099999999920 0.00000000099999999920 0.00000000099999999920 0.00000000099999999920 0.00000000099999999920 0.00000000099999999920 0.00000000099999999920 
0.08720551269185522480 0.01268280745598611425 0.00000000099999999988 0.90011167185215879005 0.00000000099999999988 0.00000000099999999988 0.00000000099999999988 0.00000000099999999988 0.00000000099999999988 0.00000000099999999988 0.00000000099999999988 
0.07174851541826884893 0.00000000099999999983 0.00000000099999999983 0.89564606871462837390 0.00000000099999999983 0.00000000099999999983 0.03260540786710294792 0.00000000099999999983 0.00000000099999999983 0.00000000099999999983 0.00000000099999999983 
0.09407961767463064728 0.00000000099999999995 0.00000000099999999995 0.73268410391357996492 0.00240426830806590676 0.00000000099999999995 0.16072289767889777479 0.00000000099999999995 0.01010910642482566735 0.00000000099999999995 0.00000000099999999995 
0.00000000099999999906 0.00000000099999999906 0.00000000099999999906 0.00000000099999999906 0.00000000099999999906 0.00000000099999999906 0.00000000099999999906 0.00000000099999999906 0.99999999000000006077 0.00000000099999999906 0.00000000099999999906 
0.07499256474641401160 0.00000000099999999995 0.00000000099999999995 0.73886043650640509384 0.00000000099999999995 0.00000000099999999995 0.15416947536940484031 0.02284735587788406727 0.00913016149989200228 0.00000000099999999995 0.00000000099999999995 
0.10650465784225272847 0.00000000099999999974 0.00000000099999999974 0.83500309318043197671 0.00000000099999999974 0.00000000099999999974 0.05849224097731528516 0.00000000099999999974 0.00000000099999999974 0.00000000099999999974 0.00000000099999999974 
0.00000000099999999974 0.00000000099999999974 0.00000000099999999974 0.00000000099999999974 0.00000000099999999974 0.00000000099999999974 0.00000000099999999974 0.99999998999999994975 0.00000000099999999974 0.00000000099999999974 0.00000000099999999974 
0.06689430574346356961 0.00000000099999999983 0.00000000099999999983 0.93310568525653658778 0.00000000099999999983 0.00000000099999999983 0.00000000099999999983 0.00000000099999999983 0.00000000099999999983 0.00000000099999999983 0.00000000099999999983 
0.00000000099999999995 0.00000000099999999995 0.00000000099999999995 0.92715923881632211767 0.00000000099999999995 0.00000000099999999995 0.07284075218367803972 0.00000000099999999995 0.00000000099999999995 0.00000000099999999995 0.00000000099999999995 
0.99999999000000028282 0.00000000099999999924 0.00000000099999999924 0.00000000099999999924 0.00000000099999999924 0.00000000099999999924 0.00000000099999999924 0.00000000099999999924 0.00000000099999999924 0.00000000099999999924 0.00000000099999999924 
0.08167794818751551722 0.00000000099999999986 0.00000000099999999986 0.91421773269044503962 0.00000000099999999986 0.00000000099999999986 0.00000187221236814690 0.00000000099999999986 0.00410243990967137408 0.00000000099999999986 0.00000000099999999986 
0.06670932283512977234 0.00000000099999999977 0.00000000099999999977 0.90107402365911448694 0.00000000099999999977 0.00000000099999999977 0.03221664550575601554 0.00000000099999999977 0.00000000099999999977 0.00000000099999999977 0.00000000099999999977 
0.08079786292158870620 0.00000000099999999990 0.00000000099999999990 0.89138815013219097061 0.00000000099999999990 0.00000000099999999990 0.02774646765239864588 0.00000000099999999990 0.00006751229382178923 0.00000000099999999990 0.00000000099999999990 
0.06671185362120292395 0.00000000099999999983 0.00000000099999999983 0.80059325209632326015 0.00000000099999999983 0.00000000099999999983 0.11242298505651132645 0.00000000099999999983 0.02027190222596255906 0.00000000099999999983 0.00000000099999999983 
0.00000000099999999994 0.00000000099999999994 0.02652036179378600492 0.00000000099999999994 0.00000000099999999994 0.00000000099999999994 0.00000000099999999994 0.97347962920621400329 0.00000000099999999994 0.00000000099999999994 0.00000000099999999994 
0.99999999000000028282 0.00000000099999999940 0.00000000099999999940 0.00000000099999999940 0.00000000099999999940 0.00000000099999999940 0.00000000099999999940 0.00000000099999999940 0.00000000099999999940 0.00000000099999999940 0.00000000099999999940 
0.99999999000000028282 0.00000000099999999950 0.00000000099999999950 0.00000000099999999950 0.00000000099999999950 0.00000000099999999950 0.00000000099999999950 0.00000000099999999950 0.00000000099999999950 0.00000000099999999950 0.00000000099999999950 
0.02702334428985363191 0.00000000099999999988 0.00000000099999999988 0.97181162152287203781 0.00000000099999999988 0.00000000099999999988 0.00116502618727439195 0.00000000099999999988 0.00000000099999999988 0.00000000099999999988 0.00000000099999999988 
0.00000000099999999981 0.00000000099999999981 0.23609064498929005493 0.00000000099999999981 0.37585515857997231493 0.00875835344393163968 0.00000000099999999981 0.02281547952986759734 0.00000000099999999981 0.35648035745693829046 0.00000000099999999981 
0.00000000099999999985 0.00000000099999999985 0.00000000099999999985 0.00000000099999999985 0.83563432118544733740 0.06532171096746121342 0.00000000099999999985 0.09904395984709153666 0.00000000099999999985 0.00000000099999999985 0.00000000099999999985 
0.00000000099999999964 0.00000000099999999964 0.00000000099999999964 0.00000000099999999964 0.99999999000000006077 0.00000000099999999964 0.00000000099999999964 0.00000000099999999964 0.00000000099999999964 0.00000000099999999964 0.00000000099999999964 
0.00000000099999999935 0.00000000099999999935 0.00000000099999999935 0.00000000099999999935 0.00000000099999999935 0.00000000099999999935 0.00000000099999999935 0.00000000099999999935 0.00000000099999999935 0.99999998999999994975 0.00000000099999999935 
0.00000000099999999925 0.00000000099999999925 0.00000000099999999925 0.00000000099999999925 0.00000000099999999925 0.00000000099999999925 0.00000000099999999925 0.00000000099999999925 0.00000000099999999925 0.99999999000000006077 0.00000000099999999925 
0.16906338656046632218 0.00000000099999999979 0.00000000099999999979 0.79579698056461145583 0.00000000099999999979 0.00000000099999999979 0.03199763171964028347 0.00000000099999999979 0.00314199415528209052 0.00000000099999999979 0.00000000099999999979 
0.00000000099999999992 0.00000000099999999992 0.02613636536659190435 0.00000000099999999992 0.81530628853559916625 0.04114401907078381326 0.00000000099999999992 0.11741332002702527249 0.00000000099999999992 0.00000000099999999992 0.00000000099999999992 
0.00000000099999999993 0.00000000099999999993 0.09062558696130276759 0.00000000099999999993 0.60524497487842410237 0.01102998925251220952 0.00000000099999999993 0.25856450201705633019 0.00000000099999999993 0.03453494089070459350 0.00000000099999999993 
0.00000000099999999987 0.00000000099999999987 0.01666569390140827667 0.00000000099999999987 0.81012671964410687409 0.06808178537685685705 0.00000000099999999987 0.10512579407762799588 0.00000000099999999987 0.00000000099999999987 0.00000000099999999987 
0.00000000099999999978 0.00000000099999999978 0.00000000099999999978 0.00000000099999999978 0.91238970597185942157 0.00000000099999999978 0.00000000099999999978 0.08761028502814074970 0.00000000099999999978 0.00000000099999999978 0.00000000099999999978 
0.00000000099999999971 0.00000000099999999971 0.00000000099999999971 0.00000000099999999971 0.99999999000000006077 0.00000000099999999971 0.00000000099999999971 0.00000000099999999971 0.00000000099999999971 0.00000000099999999971 0.00000000099999999971 
0.00000000099999999922 0.00000000099999999922 0.00000000099999999922 0.00000000099999999922 0.00000000099999999922 0.00000000099999999922 0.00000000099999999922 0.00000000099999999922 0.00000000099999999922 0.99999998999999994975 0.00000000099999999922 
0.00000000099999999941 0.00000000099999999941 0.00000000099999999941 0.00000000099999999941 0.00000000099999999941 0.00000000099999999941 0.00000000099999999941 0.00000000099999999941 0.00000000099999999941 0.99999998999999994975 0.00000000099999999941 
0.00000000099999999987 0.00000000099999999987 0.00000000099999999987 0.00000000099999999987 0.86682143711160508648 0.00000000099999999987 0.00000000099999999987 0.13317855388839500153 0.00000000099999999987 0.00000000099999999987 0.00000000099999999987 
0.00000000099999999962 0.00000000099999999962 0.00000000099999999962 0.00000000099999999962 0.99999999000000017180 0.00000000099999999962 0.00000000099999999962 0.00000000099999999962 0.00000000099999999962 0.00000000099999999962 0.00000000099999999962 
0.00000000099999999987 0.00000000099999999987 0.01180971594102550939 0.00000000099999999987 0.79306573866575558185 0.00000000099999999987 0.00000000099999999987 0.19512453739321899970 0.00000000099999999987 0.00000000099999999987 0.00000000099999999987 
0.00000000099999999992 0.00000000099999999992 0.02565415940487241961 0.00000000099999999992 0.74188034447889328327 0.00001759915229958040 0.00000000099999999992 0.19352947078358692656 0.00000000099999999992 0.03891842018034774586 0.00000000099999999992 
0.00000000099999999993 0.00000000099999999993 0.03556568662813287124 0.00000000099999999993 0.63604266629156824830 0.07674657437273070537 0.00000000099999999993 0.21939296327182924995 0.00000000099999999993 0.03225210343573891442 0.00000000099999999993 
0.00000000099999999988 0.00000000099999999988 0.29105628611848033405 0.00000000099999999988 0.35443890685671641805 0.00000000099999999988 0.00000000099999999988 0.00252894413833255199 0.00000000099999999988 0.35197585588647084531 0.00000000099999999988 
0.00000000099999999991 0.00000000099999999991 0.07807086526640408253 0.00000000099999999991 0.62755461082107444337 0.00000228896103419229 0.00000000099999999991 0.25335018820264271211 0.00000000099999999991 0.04102204074884468338 0.00000000099999999991 
0.00000000099999999994 0.00000000099999999994 0.02052678039362523452 0.00000000099999999994 0.69984958723966483873 0.00000000329663106481 0.00000000099999999994 0.23921810028292950223 0.00000000099999999994 0.04040552278714935192 0.00000000099999999994 
0.00000000099999999989 0.00000000099999999989 0.00021892667001721880 0.00000000099999999989 0.80220264218138859214 0.07547410816231160668 0.00000000099999999989 0.12210431598628261607 0.00000000099999999989 0.00000000099999999989 0.00000000099999999989 
0.00000000099999999975 0.00000000099999999975 0.00000000099999999975 0.00000000099999999975 0.00000000099999999975 0.00014018669769642661 0.00000000099999999975 0.99985980430230358973 0.00000000099999999975 0.00000000099999999975 0.00000000099999999975 
0.00000000099999999988 0.00000000099999999988 0.20779653615992993432 0.00000000099999999988 0.26383217869324543381 0.07517515631749425997 0.00000000099999999988 0.08375484079044595576 0.00000000099999999988 0.36944128203888426665 0.00000000099999999988 
0.00000000099999999997 0.00000000099999999997 0.00000000836093104230 0.01896958095252224488 0.13077277589809088720 0.21733670160624490864 0.00085674356852593605 0.62636320965090463986 0.00570097596278029781 0.00000000099999999997 0.00000000099999999997 
0.00000000099999999977 0.00000000099999999977 0.00000000099999999977 0.00000000099999999977 0.00000000099999999977 0.00000000099999999977 0.00000000099999999977 0.99999999000000006077 0.00000000099999999977 0.00000000099999999977 0.00000000099999999977 
0.00000000099999999988 0.00000000099999999988 0.24150158714704000884 0.00000000099999999988 0.18155553636957302843 0.00025501154394826818 0.00000000099999999988 0.02347097358860875810 0.00000000099999999988 0.55321688535082991223 0.00000000099999999988 
0.00000000099999999987 0.00000000099999999987 0.12302477143686854633 0.00000000099999999987 0.39544226855625175254 0.12254897955538893162 0.00000000099999999987 0.02769533826620637282 0.00000000099999999987 0.33128863618528447965 0.00000000099999999987 
0.00000000099999999990 0.00000000099999999990 0.18847467962786693119 0.00000000099999999990 0.30678736340880718991 0.11544416682647244687 0.00000000099999999990 0.06438533685261599304 0.00000000099999999990 0.32490844728423751153 0.00000000099999999990 
0.00000000099999999988 0.00000000099999999988 0.00757237692152636609 0.00000000099999999988 0.00000000099999999988 0.00000000099999999988 0.00000000099999999988 0.99242761407847357447 0.00000000099999999988 0.00000000099999999988 0.00000000099999999988 
0.00000000099999999977 0.00000000099999999977 0.00000000099999999977 0.00000000099999999977 0.00000000099999999977 0.99999999000000017180 0.00000000099999999977 0.00000000099999999977 0.00000000099999999977 0.00000000099999999977 0.00000000099999999977 
0.00000000099999999984 0.00000000099999999984 0.00170093147288844426 0.00000000099999999984 0.04804660114052840963 0.00000000099999999984 0.00000000099999999984 0.95025245938658320366 0.00000000099999999984 0.00000000099999999984 0.00000000099999999984 
0.00000000099999999953 0.00000000099999999953 0.00000000099999999953 0.00000000099999999953 0.00000000099999999953 0.00000000099999999953 0.00000000099999999953 0.00000000099999999953 0.00000000099999999953 0.99999998999999994975 0.00000000099999999953 
0.00000000099999999988 0.00000000099999999988 0.25715558860862158808 0.00000000099999999988 0.13323239048457449774 0.00000000099999999988 0.00000000099999999988 0.00000000856379385299 0.00000000099999999988 0.60961200534300985510 0.00000000099999999988 
0.00000000099999999996 0.00000000099999999996 0.04796260171973677072 0.01380958895473299343 0.05434613586250849893 0.22256518115991319462 0.00000000099999999996 0.64781448870867142098 0.00000000099999999996 0.01350199859443721069 0.00000000099999999996 
0.00000000099999999994 0.00000000099999999994 0.18057547220259187459 0.00000000099999999994 0.30642736074505361188 0.03927723383261669254 0.00000000099999999994 0.08021179714791405735 0.00000000099999999994 0.39350813007182383618 0.00000000099999999994 
0.00000000099999999987 0.00000000099999999987 0.21371914499097088846 0.00000000099999999987 0.28850967027240714824 0.04797455797215456619 0.00000000099999999987 0.06111862618766964600 0.00000000099999999987 0.38867799457679780284 0.00000000099999999987 
0.00000000099999999977 0.00000000099999999977 0.00000000099999999977 0.00000000099999999977 0.91776078855320719629 0.08223920244679282232 0.00000000099999999977 0.00000000099999999977 0.00000000099999999977 0.00000000099999999977 0.00000000099999999977 
0.00000000099999999973 0.00000000099999999973 0.00000000099999999973 0.00000000099999999973 0.00000000099999999973 0.00000000099999999973 0.00000000099999999973 0.00000000099999999973 0.00000000099999999973 0.99999998999999994975 0.00000000099999999973 
0.00000000099999999950 0.00000000099999999950 0.00000000099999999950 0.00000000099999999950 0.00000000099999999950 0.00000000099999999950 0.00000000099999999950 0.00000000099999999950 0.00000000099999999950 0.99999998999999994975 0.00000000099999999950 
0.00000000099999999958 0.00000000099999999958 0.00000000099999999958 0.00000000099999999958 0.00000000099999999958 0.00000000099999999958 0.00000000099999999958 0.00000000099999999958 0.00000000099999999958 0.99999999000000006077 0.00000000099999999958 
0.00000000099999999989 0.00000000099999999989 0.19443066158542288147 0.00000000099999999989 0.26239052681739344353 0.04207322749064649342 0.00000000099999999989 0.05794212128185791816 0.00000000099999999989 0.44316345682467928047 0.00000000099999999989 
0.00000000099999999992 0.00000000099999999992 0.18000835088404079642 0.00000000099999999992 0.27110340710290048438 0.01103845368283864342 0.00000000099999999992 0.11944184041201658109 0.00000000099999999992 0.41840794191820346315 0.00000000099999999992 
0.00000000099999999987 0.00000000099999999987 0.01256499601350213532 0.00000000099999999987 0.78448676620334278908 0.14822784963577892436 0.00000000099999999987 0.05472038114737616532 0.00000000099999999987 0.00000000099999999987 0.00000000099999999987 
0.00000000099999999986 0.00000000099999999986 0.18783244561484990776 0.00000000099999999986 0.28900361309226063611 0.10338714566894642577 0.00000000099999999986 0.05390963664321072463 0.00000000099999999986 0.36586715298073230196 0.00000000099999999986 
0.00000000099999999988 0.00000000099999999988 0.16683992988288376402 0.00000000099999999988 0.30916913833878267859 0.09410571159640575278 0.00000000099999999988 0.08189142053555990841 0.00000000099999999988 0.34799379364636778833 0.00000000099999999988 
0.00000000099999999983 0.00000000099999999983 0.00000000099999999983 0.00000000099999999983 0.00000000099999999983 0.00000000099999999983 0.00000000099999999983 0.99999999000000006077 0.00000000099999999983 0.00000000099999999983 0.00000000099999999983 
0.00000000099999999975 0.00000000099999999975 0.00000000099999999975 0.00000000099999999975 0.99279669321017049999 0.00720329778982956980 0.00000000099999999975 0.00000000099999999975 0.00000000099999999975 0.00000000099999999975 0.00000000099999999975 
0.00000000099999999980 0.00000000099999999980 0.00000000099999999980 0.00000000099999999980 0.00000000099999999980 0.99999999000000006077 0.00000000099999999980 0.00000000099999999980 0.00000000099999999980 0.00000000099999999980 0.00000000099999999980 
0.00000000099999999980 0.00000000099999999980 0.00000000099999999980 0.00000000099999999980 0.00000000099999999980 0.00000000099999999980 0.00000000099999999980 0.99999999000000006077 0.00000000099999999980 0.00000000099999999980 0.00000000099999999980 
0.00000000099999999956 0.00000000099999999956 0.00000000099999999956 0.00000000099999999956 0.00000000099999999956 0.00000000099999999956 0.00000000099999999956 0.00000000099999999956 0.00000000099999999956 0.99999998999999994975 0.00000000099999999956 
0.00000000099999999985 0.00000000099999999985 0.26829926110477186896 0.00000000099999999985 0.23625322059803829933 0.10513874093785020858 0.00000000099999999985 0.00000000099999999985 0.00000000099999999985 0.39030877035933947417 0.00000000099999999985 
0.00000000099999999991 0.00000000099999999991 0.08581571053781196501 0.00000000099999999991 0.44120453496754769018 0.08846934151119989487 0.00000000099999999991 0.10956697351924196693 0.00000000099999999991 0.27494343346419847229 0.00000000099999999991 
0.00000000099999999978 0.00000000099999999978 0.00000000099999999978 0.00000000099999999978 0.00000000099999999978 0.99999999000000006077 0.00000000099999999978 0.00000000099999999978 0.00000000099999999978 0.00000000099999999978 0.00000000099999999978 
0.00000000099999999992 0.00000000099999999992 0.03272851672742870671 0.00000000099999999992 0.24261372373664960578 0.43818513813359888376 0.00000000099999999992 0.28647261440232302254 0.00000000099999999992 0.00000000099999999992 0.00000000099999999992 
0.00000000099999999970 0.00000000099999999970 0.00000000099999999970 0.00000000099999999970 0.00000000099999999970 0.00000000099999999970 0.00000000099999999970 0.00000000099999999970 0.00000000099999999970 0.99999999000000006077 0.00000000099999999970 
0.00000000099999999986 0.00000000099999999986 0.21178306850201614187 0.00000000099999999986 0.21945370921869156167 0.00403967661707448512 0.00000000099999999986 0.03526292364008989239 0.00000000099999999986 0.52946061602212768360 0.00000000099999999986 
0.03330231335903197087 0.00000000099999999969 0.00000000099999999969 0.00000000099999999969 0.00000000099999999969 0.00000000099999999969 0.24491059311602739190 0.00000000099999999969 0.72178708552494075246 0.00000000099999999969 0.00000000099999999969 
0.08697844549931134372 0.00000000099999999989 0.00000000099999999989 0.85590937785341392186 0.00000000099999999989 0.00000000099999999989 0.05711216864727488435 0.00000000099999999989 0.00000000099999999989 0.00000000099999999989 0.00000000099999999989 
0.00000000099999999927 0.00000000099999999927 0.00000000099999999927 0.00000000099999999927 0.00000000099999999927 0.00000000099999999927 0.00000000099999999927 0.00000000099999999927 0.99999999000000006077 0.00000000099999999927 0.00000000099999999927 
0.00000000099999999986 0.00000000099999999986 0.23651931074431081781 0.00000000099999999986 0.33294064192843453309 0.00252509356764873353 0.00000000099999999986 0.03349957087063188538 0.00000000099999999986 0.39451537688897397871 0.00000000099999999986 
0.10290709402915862447 0.00000000099999999984 0.00000000099999999984 0.84204111841107687209 0.00000000099999999984 0.00000000099999999984 0.05505177955976452153 0.00000000099999999984 0.00000000099999999984 0.00000000099999999984 0.00000000099999999984 
0.01405473415251924131 0.00000000099999999995 0.00000000099999999995 0.89509596833760896040 0.00000000099999999995 0.00000000099999999995 0.08255309232210567005 0.00000000099999999995 0.00829619818776629325 0.00000000099999999995 0.00000000099999999995 
0.00000000099999999985 0.00000000099999999985 0.30079651952444980134 0.00000000099999999985 0.23468684066639922126 0.05455372419619747282 0.00000000099999999985 0.00000000099999999985 0.00000000099999999985 0.40996290861295353603 0.00000000099999999985 
0.00000000099999999926 0.99999999000000028282 0.00000000099999999926 0.00000000099999999926 0.00000000099999999926 0.00000000099999999926 0.00000000099999999926 0.00000000099999999926 0.00000000099999999926 0.00000000099999999926 0.00000000099999999926 
0.00000000099999999994 0.00000000099999999994 0.00000000099999999994 0.92878808420085312569 0.00000000099999999994 0.00000000099999999994 0.06813368511659842475 0.00000000099999999994 0.00307822268254843989 0.00000000099999999994 0.00000000099999999994 
0.00000000099999999984 0.00000000099999999984 0.00000000099999999984 0.00000000099999999984 0.27657636795511203465 0.47445629413400347563 0.00000000099999999984 0.24896732991088457720 0.00000000099999999984 0.00000000099999999984 0.00000000099999999984 
