0.00865879830044090706 0.00066313289277327076 0.00000001282936548372 0.00551421086031639134 0.00000000099999999999 0.98516384311710381017 0.00000000099999999999 
0.01427336449460856263 0.00000000099999999999 0.00000022375844363495 0.00000001716856332013 0.00000000099999999999 0.98572639157838437551 0.00000000099999999999 
0.00000000099999999994 0.00000000099999999994 0.00000000099999999994 0.00000001739118505796 0.99999997760881487174 0.00000000099999999994 0.00000000099999999994 
0.00000011913308368687 0.00000000099999999997 0.00448085396252593214 0.00000000099999999997 0.00000000099999999997 0.99551902290439031606 0.00000000099999999997 
0.03818798629631825481 0.00495830500816353114 0.00032502103854199402 0.00000000099999999998 0.00000000099999999998 0.95652868465697626910 0.00000000099999999998 
0.04290127689917899723 0.00349196665440176931 0.01079677210018408981 0.00000000099999999998 0.00000000099999999998 0.94280998134623517082 0.00000000099999999998 
0.00000000099999999964 0.00000000099999999964 0.00000000099999999964 0.00000000099999999964 0.00000000099999999964 0.00000000099999999964 0.99999999400000005867 
0.00000001947287671566 0.00000000099999999990 0.00000000099999999990 0.00000000099999999990 0.00000000099999999990 0.99999997552712316384 0.00000000099999999990 
0.00000000099999999942 0.99999999400000005867 0.00000000099999999942 0.00000000099999999942 0.00000000099999999942 0.00000000099999999942 0.00000000099999999942 
0.00981734629815574425 0.00000000099999999991 0.00000000099999999991 0.00000000099999999991 0.00000000099999999991 0.99018264870184424797 0.00000000099999999991 
0.00521639782021302793 0.00000000099999999988 0.00000000099999999988 0.00000000099999999988 0.00000000099999999988 0.99478359717978703802 0.00000000099999999988 
0.06772184738730212261 0.00173684081687868180 0.00000000099999999997 0.00000000099999999997 0.00000000099999999997 0.93054130779581922805 0.00000000099999999997 
0.02967133034649932846 0.00000000099999999998 0.00607585416129635507 0.00000000099999999998 0.00000000099999999998 0.96425281149220432031 0.00000000099999999998 
0.02596555087221819394 0.00072676394639453778 0.00927529202402297727 0.00000000099999999999 0.00000000099999999999 0.96060459687915011884 0.00342779427821431103 
0.00000000099999999994 0.00000000099999999994 0.00000000099999999994 0.08902279503560758811 0.91097719996439252554 0.00000000099999999994 0.00000000099999999994 
0.01362100530649314190 0.00000000099999999990 0.00000000099999999990 0.00000000099999999990 0.00000000099999999990 0.98637898969350679135 0.00000000099999999990 
0.02166532025353493790 0.00000000099999999987 0.00000000099999999987 0.00000000099999999987 0.00000000099999999987 0.97833467474646496065 0.00000000099999999987 
0.26604824433675233752 0.00000000099999999987 0.00000000099999999987 0.00000000099999999987 0.00000000099999999987 0.73395175066324758184 0.00000000099999999987 
0.01024737378354066350 0.00000000099999999993 0.00000000099999999993 0.00000000099999999993 0.00000000099999999993 0.98975262121645923852 0.00000000099999999993 
0.99999999400000005867 0.00000000099999999946 0.00000000099999999946 0.00000000099999999946 0.00000000099999999946 0.00000000099999999946 0.00000000099999999946 
0.00000000099999999965 0.00000000099999999965 0.00000000099999999965 0.00000000099999999965 0.00000000099999999965 0.00000000099999999965 0.99999999400000005867 
0.99999999400000016969 0.00000000099999999944 0.00000000099999999944 0.00000000099999999944 0.00000000099999999944 0.00000000099999999944 0.00000000099999999944 
0.02047793495381357645 0.00000000099999999999 0.01726939168998718396 0.00693788049727435841 0.00000000099999999999 0.95522385067628368116 0.00009094018264114099 
0.00000000099999999949 0.00000000099999999949 0.00000000099999999949 0.00000000099999999949 0.00000000099999999949 0.00000000099999999949 0.99999999399999994765 
0.00000000099999999973 0.00000000099999999973 0.00000000099999999973 0.00000000099999999973 0.00000000099999999973 0.99999999399999994765 0.00000000099999999973 
0.01388168290017657500 0.00000000099999999990 0.00000000099999999990 0.00000000099999999990 0.00000000099999999990 0.98611831209982336865 0.00000000099999999990 
0.03797841210636143661 0.00000000099999999995 0.00814442972061374913 0.00000000099999999995 0.00000000099999999995 0.95387715417302476606 0.00000000099999999995 
0.00210652873968142276 0.00000000099999999981 0.00000000099999999981 0.00000000099999999981 0.00000000099999999981 0.99789346626031849574 0.00000000099999999981 
0.00000000099999999993 0.03317916225540186448 0.96681439444145744755 0.00000643930314056362 0.00000000099999999993 0.00000000099999999993 0.00000000099999999993 
0.00000000099999999978 0.18651504696130100092 0.00000000099999999978 0.00000000099999999978 0.00000000099999999978 0.00000000099999999978 0.81348494803869897396 
0.03037908419797677798 0.00000050756081639495 0.01392636683574100843 0.00769873632764911820 0.00000000099999999999 0.94799530307781665339 0.00000000099999999999 
0.02194329927844239012 0.11566185458801112040 0.00000000099999999994 0.00000000099999999994 0.00000000099999999994 0.86239484213354644648 0.00000000099999999994 
0.02239216029213651760 0.00000000099999999999 0.00000003076055173323 0.02591940472372575993 0.00000000099999999999 0.95168838904843122695 0.00000001317515478950 
0.03545867490469459260 0.00000000099999999997 0.05295625455627864936 0.00259959826368108635 0.00000000099999999997 0.90898546927534562556 0.00000000099999999997 
0.00048797827090653150 0.02661133905458769669 0.00000000099999999989 0.00000000099999999989 0.00000000099999999989 0.04063073362981181602 0.93226994604469393124 
0.00000001013256792788 0.00000000099999999992 0.00000000099999999992 0.00000000099999999992 0.00000000099999999992 0.99999998486743202353 0.00000000099999999992 
0.04687965666715332436 0.01328332740934998028 0.00619568744656607238 0.00000000099999999999 0.00000000099999999999 0.93364132547693068354 0.00000000099999999999 
0.00000000099999999972 0.00000000099999999972 0.00000000099999999972 0.00000000099999999972 0.00000000099999999972 0.99999999400000005867 0.00000000099999999972 
0.00120861404045502952 0.00000000099999999993 0.00000000099999999993 0.00000000099999999993 0.00000000099999999993 0.99879138095954500542 0.00000000099999999993 
0.00412118687612438896 0.22644231845043541473 0.00000000099999999997 0.00000000099999999997 0.00000000099999999997 0.74753005137228600852 0.02190644030115415988 
0.01833965620939574659 0.13158570533300242844 0.00000000099999999990 0.00000000099999999990 0.00000000099999999990 0.85007463445760178544 0.00000000099999999990 
0.00000000099999999997 0.00000000099999999997 0.10256222821061543315 0.00141802031802945074 0.00000000099999999997 0.89601974747135504362 0.00000000099999999997 
0.00000000099999999987 0.00000000099999999987 0.99999988723809030144 0.00000010776190976078 0.00000000099999999987 0.00000000099999999987 0.00000000099999999987 
0.01698259937663267050 0.00000000099999999997 0.00000000099999999997 0.00000000099999999997 0.02501344442356896736 0.95800395219979839201 0.00000000099999999997 
0.03777443730753520662 0.00000000099999999998 0.00757254786386241628 0.00000000099999999998 0.00000000099999999998 0.95455827639561074971 0.00009473543299160848 
0.03970055179626781616 0.00000000099999999997 0.00000008469654369326 0.00000000099999999997 0.00000000099999999997 0.96029935950718847693 0.00000000099999999997 
0.00000000099999999995 0.00000000099999999995 0.99999999399999994765 0.00000000099999999995 0.00000000099999999995 0.00000000099999999995 0.00000000099999999995 
0.00000000099999999993 0.00000000099999999993 0.99999999399999994765 0.00000000099999999993 0.00000000099999999993 0.00000000099999999993 0.00000000099999999993 
0.00000000099999999996 0.00000000099999999996 0.99999998933930112077 0.00000000099999999996 0.00000000099999999996 0.00000000566069882610 0.00000000099999999996 
0.00000000099999999995 0.00000000099999999995 0.53311252553784838071 0.46688746946215159417 0.00000000099999999995 0.00000000099999999995 0.00000000099999999995 
0.00008823273265249914 0.00000000099999999997 0.80311048066904655585 0.18678697713438105477 0.00076274761950041639 0.00925155984441932387 0.00000000099999999997 
0.00000000099999999993 0.00000000099999999993 0.40098897659972759788 0.59901101840027248802 0.00000000099999999993 0.00000000099999999993 0.00000000099999999993 
0.00000000099999999991 0.00000000099999999991 0.46343113621899889587 0.53656885878100113452 0.00000000099999999991 0.00000000099999999991 0.00000000099999999991 
0.00277554740471041639 0.00000000099999999997 0.75473161539453748059 0.23958045185981868830 0.00000000099999999997 0.00291238234093352082 0.00000000099999999997 
0.00000000099999999988 0.00000000099999999988 0.42111101791486316159 0.57888897708513686879 0.00000000099999999988 0.00000000099999999988 0.00000000099999999988 
0.00000000099999999993 0.00000000099999999993 0.47002086996799080643 0.52997912503200927947 0.00000000099999999993 0.00000000099999999993 0.00000000099999999993 
0.00546406250463549788 0.00000000099999999997 0.74264950516679373305 0.23030672994140310994 0.00000000099999999997 0.02157969938716768066 0.00000000099999999997 
0.00000000099999999996 0.00000000099999999996 0.41833703692673401831 0.58166295807326595657 0.00000000099999999996 0.00000000099999999996 0.00000000099999999996 
0.99999999400000016969 0.00000000099999999971 0.00000000099999999971 0.00000000099999999971 0.00000000099999999971 0.00000000099999999971 0.00000000099999999971 
0.01034090788191750765 0.00000006807152337563 0.49985738661891693235 0.48980163442764212967 0.00000000099999999999 0.00000000099999999999 0.00000000099999999999 
0.00029270777898598690 0.00000000099999999997 0.46869669651351109074 0.53101058140224566273 0.00000001130525728575 0.00000000099999999997 0.00000000099999999997 
0.01120056006646309027 0.00297743935142682093 0.48537765446774128186 0.50044434311436869489 0.00000000099999999998 0.00000000099999999998 0.00000000099999999998 
0.00000000099999999998 0.00000002149450760386 0.46455344402108006419 0.53544653048441237519 0.00000000099999999998 0.00000000099999999998 0.00000000099999999998 
0.00843911140736836735 0.00000000099999999998 0.49201469992664109698 0.49954618466599060023 0.00000000099999999998 0.00000000099999999998 0.00000000099999999998 
0.00000000099999999996 0.00000000099999999996 0.46600093760460770120 0.53368465113398944055 0.00031440726140297647 0.00000000099999999996 0.00000000099999999996 
0.02864104904065861712 0.07791941265037621855 0.01628517074310631071 0.00000000100000000000 0.00491762553450659015 0.87070666905094507015 0.00153007198040713550 
0.03418136922736890460 0.00023551751805866525 0.00365112266457301307 0.00000000099999999998 0.00000000099999999998 0.96193198758999942655 0.00000000099999999998 
0.80324444914999415523 0.00000000099999999982 0.00000000099999999982 0.00000000099999999982 0.00000000099999999982 0.19675554585000587515 0.00000000099999999982 
0.00000000099999999961 0.99999999400000016969 0.00000000099999999961 0.00000000099999999961 0.00000000099999999961 0.00000000099999999961 0.00000000099999999961 
0.00000000099999999993 0.00000000099999999993 0.01408748586182674567 0.00000000099999999993 0.00000000099999999993 0.98591250913817329860 0.00000000099999999993 
0.00000000099999999984 0.00000000099999999984 0.00000000099999999984 0.00000000099999999984 0.00000000099999999984 0.99999999399999994765 0.00000000099999999984 
0.00000000099999999968 0.00000000099999999968 0.00000000099999999968 0.00000000099999999968 0.00000000099999999968 0.99999999399999994765 0.00000000099999999968 
0.00367022148267709099 0.00000000099999999994 0.00000000099999999994 0.00000000099999999994 0.00000000099999999994 0.98150049098398217673 0.01482928353334080768 
0.00017791804812953546 0.00000000099999999994 0.00000000099999999994 0.00000000099999999994 0.00000000099999999994 0.99982207695187041985 0.00000000099999999994 
0.04882416124309551381 0.00000000099999999997 0.02113204792958216921 0.00000000099999999997 0.00000000099999999997 0.93004378682732236072 0.00000000099999999997 
0.99999999400000005867 0.00000000099999999945 0.00000000099999999945 0.00000000099999999945 0.00000000099999999945 0.00000000099999999945 0.00000000099999999945 
0.04588256401934730916 0.00000000099999999996 0.03421483800617351745 0.00000000099999999996 0.00000000099999999996 0.91990259397447915468 0.00000000099999999996 
0.00026768222973709701 0.00000000099999999985 0.00000000099999999985 0.00000000099999999985 0.00000000099999999985 0.99973231277026297636 0.00000000099999999985 
0.00000000099999999982 0.00000000099999999982 0.99999999400000005867 0.00000000099999999982 0.00000000099999999982 0.00000000099999999982 0.00000000099999999982 
0.00421114069290160972 0.00000000099999999991 0.00000000099999999991 0.00000000099999999991 0.00000000099999999991 0.99578885430709840332 0.00000000099999999991 
0.01307144054047699143 0.00323058446375604994 0.00851465525100282040 0.00000103697628951558 0.00000000100000000000 0.97518227866687279271 0.00000000310160186469 
0.00000000099999999968 0.00000000099999999968 0.00000000099999999968 0.00000000099999999968 0.00000000099999999968 0.99999999399999994765 0.00000000099999999968 
0.01014619558749353320 0.00000000099999999993 0.00000000099999999993 0.00000000099999999993 0.00000000099999999993 0.98985379941250650759 0.00000000099999999993 
0.00665715285302884759 0.00000000099999999987 0.00000000099999999987 0.00000000099999999987 0.00000000099999999987 0.99334284214697110560 0.00000000099999999987 
0.01255681706250462090 0.00007523003160260340 0.00000000099999999997 0.00000000099999999997 0.00000000099999999997 0.98736794890589285600 0.00000000099999999997 
0.05069416790415184892 0.00000000099999999993 0.00000000099999999993 0.00000000099999999993 0.00000000099999999993 0.94930582709584820922 0.00000000099999999993 
0.00000000099999999997 0.00000000099999999997 0.98170898971429054747 0.01829100528570944822 0.00000000099999999997 0.00000000099999999997 0.00000000099999999997 
0.00000000099999999975 0.00000000099999999975 0.00000000099999999975 0.00000000099999999975 0.00000000099999999975 0.99999999400000005867 0.00000000099999999975 
0.00000000099999999977 0.00000000099999999977 0.00000000099999999977 0.00000000099999999977 0.00000000099999999977 0.99999999400000005867 0.00000000099999999977 
0.00000534594861858992 0.00000000099999999995 0.00000000099999999995 0.00000000099999999995 0.00000000099999999995 0.99999464905138135684 0.00000000099999999995 
0.00000000099999999988 0.00000000099999999988 0.06594734548355526971 0.56738698311091040338 0.36666566740553430126 0.00000000099999999988 0.00000000099999999988 
0.00000000099999999991 0.00000000099999999991 0.24943292220712048879 0.75056707279287948609 0.00000000099999999991 0.00000000099999999991 0.00000000099999999991 
0.00000000099999999982 0.00000000099999999982 0.05541554788956835204 0.94458444711043176856 0.00000000099999999982 0.00000000099999999982 0.00000000099999999982 
0.00000000099999999963 0.00000000099999999963 0.00000000099999999963 0.00000000099999999963 0.99999999399999994765 0.00000000099999999963 0.00000000099999999963 
0.00000000099999999957 0.00000000099999999957 0.00000000099999999957 0.00000000099999999957 0.99999999400000005867 0.00000000099999999957 0.00000000099999999957 
0.01580853156639968476 0.00000000099999999987 0.00000000099999999987 0.00000000099999999987 0.00000000099999999987 0.98419146343360042195 0.00000000099999999987 
0.00000000099999999993 0.00000000099999999993 0.25337136495095724520 0.74662863004904278519 0.00000000099999999993 0.00000000099999999993 0.00000000099999999993 
0.00000000099999999996 0.00000000099999999996 0.33653119607736226016 0.62542868106140914186 0.03804011886122847519 0.00000000099999999996 0.00000000099999999996 
0.00000000099999999992 0.00000000099999999992 0.24931174397599678572 0.75068825102400316140 0.00000000099999999992 0.00000000099999999992 0.00000000099999999992 
0.00000000099999999988 0.00000000099999999988 0.22071060749929438671 0.77928938750070553265 0.00000000099999999988 0.00000000099999999988 0.00000000099999999988 
0.00000000099999999984 0.00000000099999999984 0.05429363838163446532 0.94570635661836555119 0.00000000099999999984 0.00000000099999999984 0.00000000099999999984 
0.00000000099999999955 0.00000000099999999955 0.00000000099999999955 0.00000000099999999955 0.99999999400000005867 0.00000000099999999955 0.00000000099999999955 
0.00000000099999999966 0.00000000099999999966 0.00000000099999999966 0.00000000099999999966 0.99999999399999994765 0.00000000099999999966 0.00000000099999999966 
0.00000000099999999993 0.00000000099999999993 0.25888437538432085283 0.74111561961567906653 0.00000000099999999993 0.00000000099999999993 0.00000000099999999993 
0.00000000099999999982 0.00000000099999999982 0.04868945327631038489 0.95131054172368956223 0.00000000099999999982 0.00000000099999999982 0.00000000099999999982 
0.00000000099999999993 0.00000000099999999993 0.30238098559920478792 0.69761900940079535349 0.00000000099999999993 0.00000000099999999993 0.00000000099999999993 
0.00000000099999999995 0.00000000099999999995 0.29090883594768301990 0.67335335321660605423 0.03573780683571095573 0.00000000099999999995 0.00000000099999999995 
0.00000000099999999996 0.00000000099999999996 0.33841988660719612980 0.63020511854589389422 0.03137499084690981849 0.00000000099999999996 0.00000000099999999996 
0.00000000099999999992 0.00000000099999999992 0.04557139963534497656 0.58765091550646808560 0.36677768085818684973 0.00000000099999999992 0.00000000099999999992 
0.00000000099999999994 0.00000000099999999994 0.33173824419988973133 0.62632553387733014283 0.04193621792278004468 0.00000000099999999994 0.00000000099999999994 
0.00000000099999999997 0.00000000099999999997 0.32587220783930970214 0.63333942479375393564 0.04078836336693631576 0.00000000099999999997 0.00000000099999999997 
0.00000000099999999993 0.00000000099999999993 0.26747723243846305285 0.73252276256153703304 0.00000000099999999993 0.00000000099999999993 0.00000000099999999993 
0.00000000099999999983 0.00000000099999999983 0.99999999400000005867 0.00000000099999999983 0.00000000099999999983 0.00000000099999999983 0.00000000099999999983 
0.00000000099999999992 0.00000000099999999992 0.14623481077921671178 0.47451472152809814897 0.37925046369268516910 0.00000000099999999992 0.00000000099999999992 
0.00660362643180356819 0.00000000099999999997 0.75412585862171965800 0.22101321207578619732 0.00000000099999999997 0.01825729987069053470 0.00000000099999999997 
0.00000000099999999984 0.00000000099999999984 0.99999999400000005867 0.00000000099999999984 0.00000000099999999984 0.00000000099999999984 0.00000000099999999984 
0.00000000099999999992 0.00000000099999999992 0.03508902876104263296 0.39849858967948303956 0.56641237755947426713 0.00000000099999999992 0.00000000099999999992 
0.00000000099999999992 0.00000000099999999992 0.13734366851261253784 0.53028566750805561369 0.33237065997933196160 0.00000000099999999992 0.00000000099999999992 
0.00000000099999999993 0.00000000099999999993 0.14644567943641711993 0.52185458558446806698 0.33169973097911464865 0.00000000099999999993 0.00000000099999999993 
0.00000000099999999993 0.00000000099999999993 0.99999602217510519253 0.00000397282489472739 0.00000000099999999993 0.00000000099999999993 0.00000000099999999993 
0.00000000099999999994 0.00000000099999999994 0.47748303740442527010 0.52251695759557470478 0.00000000099999999994 0.00000000099999999994 0.00000000099999999994 
0.00000000099999999989 0.00000000099999999989 0.95188480212728610041 0.04811519287271385364 0.00000000099999999989 0.00000000099999999989 0.00000000099999999989 
0.00000000099999999971 0.00000000099999999971 0.00000000099999999971 0.00000000099999999971 0.99999999400000005867 0.00000000099999999971 0.00000000099999999971 
0.00000000099999999992 0.00000000099999999992 0.00845620050255236309 0.36654113761829842932 0.62500265787914921489 0.00000000099999999992 0.00000000099999999992 
0.00000000099999999997 0.00000000099999999997 0.77026282294997405753 0.20324545207904201605 0.01521689111317837441 0.01127483085780542349 0.00000000099999999997 
0.00000000099999999996 0.00000000099999999996 0.13493830892184241477 0.46385149194263253225 0.40121019513552519387 0.00000000099999999996 0.00000000099999999996 
0.00000000099999999991 0.00000000099999999991 0.11358575871847002847 0.48756076980529799991 0.39885346747623195984 0.00000000099999999991 0.00000000099999999991 
0.00000000099999999987 0.00000000099999999987 0.06412994404443235485 0.93587005095556763390 0.00000000099999999987 0.00000000099999999987 0.00000000099999999987 
0.00000000099999999983 0.00000000099999999983 0.00000000099999999983 0.00000000099999999983 0.99999999399999994765 0.00000000099999999983 0.00000000099999999983 
0.00000000099999999970 0.00000000099999999970 0.00000000099999999970 0.00000000099999999970 0.99999999400000005867 0.00000000099999999970 0.00000000099999999970 
0.00000000099999999974 0.00000000099999999974 0.00000000099999999974 0.00000000099999999974 0.99999999400000005867 0.00000000099999999974 0.00000000099999999974 
0.00000000099999999993 0.00000000099999999993 0.10483400116932412027 0.44450435541626026614 0.45066163941441556018 0.00000000099999999993 0.00000000099999999993 
0.00000000099999999995 0.00000000099999999995 0.15312603416359274466 0.42118842347101737023 0.42568553836538980395 0.00000000099999999995 0.00000000099999999995 
0.00000000099999999993 0.00000000099999999993 0.22882745977548027416 0.77117253522451978398 0.00000000099999999993 0.00000000099999999993 0.00000000099999999993 
0.00000000099999999991 0.00000000099999999991 0.13155620394554592978 0.49523590200116873739 0.37320789005328541821 0.00000000099999999991 0.00000000099999999991 
0.00000000099999999992 0.00000000099999999992 0.16029011314821198231 0.48539743760080666934 0.35431244525098137821 0.00000000099999999992 0.00000000099999999992 
0.00000000099999999990 0.00000000099999999990 0.99999999399999994765 0.00000000099999999990 0.00000000099999999990 0.00000000099999999990 0.00000000099999999990 
0.00000000099999999984 0.00000000099999999984 0.08624213670142136245 0.91375785829857858467 0.00000000099999999984 0.00000000099999999984 0.00000000099999999984 
0.00000000099999999994 0.00000000099999999994 0.45289374453638281404 0.54710625046361727186 0.00000000099999999994 0.00000000099999999994 0.00000000099999999994 
0.00000000099999999987 0.00000000099999999987 0.99999999399999994765 0.00000000099999999987 0.00000000099999999987 0.00000000099999999987 0.00000000099999999987 
0.00000000099999999973 0.00000000099999999973 0.00000000099999999973 0.00000000099999999973 0.99999999399999994765 0.00000000099999999973 0.00000000099999999973 
0.00000000099999999990 0.00000000099999999990 0.06045914870408071462 0.53735042572653957116 0.40219042156937973020 0.00000000099999999990 0.00000000099999999990 
0.00000000099999999994 0.00000000099999999994 0.20336018173246042662 0.52240030474964072038 0.27423950951789888286 0.00000000099999999994 0.00000000099999999994 
0.00000000099999999994 0.00000000099999999994 0.46632867256993587590 0.53367132243006398795 0.00000000099999999994 0.00000000099999999994 0.00000000099999999994 
0.00000000099999999997 0.00000000099999999997 0.53621686845623639517 0.46378312654376352420 0.00000000099999999997 0.00000000099999999997 0.00000000099999999997 
0.00000000099999999981 0.00000000099999999981 0.00000000099999999981 0.00000000099999999981 0.99999999400000005867 0.00000000099999999981 0.00000000099999999981 
0.00000000099999999991 0.00000000099999999991 0.05866565564233561236 0.40264340026120315486 0.53869094009646123489 0.00000000099999999991 0.00000000099999999991 
0.77615650329417285036 0.00000000099999999979 0.00000000099999999979 0.00000000099999999979 0.00000000099999999979 0.22384349170582718003 0.00000000099999999979 
0.01074479611916015834 0.00000000099999999995 0.00166026902104863725 0.00000000099999999995 0.00000000099999999995 0.98759493085979110916 0.00000000099999999995 
0.99999999400000005867 0.00000000099999999957 0.00000000099999999957 0.00000000099999999957 0.00000000099999999957 0.00000000099999999957 0.00000000099999999957 
0.00000000099999999991 0.00000000099999999991 0.06747940111852809841 0.52785270756199664799 0.40466788731947528346 0.00000000099999999991 0.00000000099999999991 
0.00511822748852293428 0.00000000099999999991 0.00000000099999999991 0.00000000099999999991 0.00000000099999999991 0.99488176751147705534 0.00000000099999999991 
0.03561200977568308723 0.00000000099999999998 0.01406638438167067025 0.00000000099999999998 0.00000000099999999998 0.95032160184264624636 0.00000000099999999998 
0.00000000099999999990 0.00000000099999999990 0.03383352078864891588 0.54043507789791145335 0.42573139731343950798 0.00000000099999999990 0.00000000099999999990 
0.00000000099999999959 0.00000000099999999959 0.00000000099999999959 0.00000000099999999959 0.00000000099999999959 0.00000000099999999959 0.99999999399999994765 
0.03584813976488368525 0.00000000099999999998 0.01358655007718905655 0.00000000099999999998 0.00000000099999999998 0.95056530615792722561 0.00000000099999999998 
0.00000000099999999992 0.00000000099999999992 0.51336942664145457371 0.48663056835854529014 0.00000000099999999992 0.00000000099999999992 0.00000000099999999992 
0.00000000099999999990 0.00000000099999999990 0.09090015955231769973 0.52801181321790713330 0.38108802322977508581 0.00000000099999999990 0.00000000099999999990 
0.00000000099999999992 0.00000000099999999992 0.49200845838121476383 0.50799153661878526655 0.00000000099999999992 0.00000000099999999992 0.00000000099999999992 
0.00000000099999999987 0.00000000099999999987 0.03946254016920205943 0.57069253288977650485 0.38984492294102157661 0.00000000099999999987 0.00000000099999999987 
0.00325708744898180235 0.00000000099999999995 0.54055336949076748798 0.45618953906025067058 0.00000000099999999995 0.00000000099999999995 0.00000000099999999995 
0.01830330499165775185 0.00000000099999999997 0.00209273025473475423 0.00000000099999999997 0.00000000099999999997 0.97960396075360745005 0.00000000099999999997 
0.02376918442624313677 0.00000000099999999989 0.00000000099999999989 0.00000000099999999989 0.00000000099999999989 0.97623081057375693526 0.00000000099999999989 
0.00000000099999999993 0.00000000099999999993 0.45601830460457332128 0.53424844359736289867 0.00973324779806384113 0.00000000099999999993 0.00000000099999999993 
0.00000000099999999991 0.00000000099999999991 0.51677679802775389195 0.48322319697224613844 0.00000000099999999991 0.00000000099999999991 0.00000000099999999991 
0.00000000099999999968 0.00000000099999999968 0.00000000099999999968 0.00000000099999999968 0.00000000099999999968 0.00000000099999999968 0.99999999400000005867 
0.00000000099999999987 0.00000000099999999987 0.05821501411845070306 0.60548259287324390776 0.33630238900830533577 0.00000000099999999987 0.00000000099999999987 
0.00000000099999999995 0.00000000099999999995 0.99999999400000005867 0.00000000099999999995 0.00000000099999999995 0.00000000099999999995 0.00000000099999999995 
0.00158221435836811315 0.00000000099999999999 0.99521942211279346147 0.00000000099999999999 0.00000000099999999999 0.00318238263239661824 0.00001597789644182147 
0.00000000099999999996 0.00000000099999999996 0.99999999399999994765 0.00000000099999999996 0.00000000099999999996 0.00000000099999999996 0.00000000099999999996 
0.00000000226009268422 0.00000000099999999999 0.99730500129136234744 0.00000019839067309449 0.00000000099999999999 0.00269479505787193190 0.00000000099999999999 
0.01853054252523752415 0.00000000099999999986 0.00000000099999999986 0.00000000099999999986 0.00000000099999999986 0.98146945247476236052 0.00000000099999999986 
0.00000000099999999989 0.00000000099999999989 0.00000000099999999989 0.95870559547973688286 0.04129439952026322386 0.00000000099999999989 0.00000000099999999989 
0.02040386354619779657 0.00334215315878457018 0.01336512432367228248 0.00000000099999999998 0.00000000099999999998 0.96088359455976424250 0.00200526241158111625 
0.02504140379082072515 0.00000000099999999984 0.00000000099999999984 0.00000000099999999984 0.00000000099999999984 0.97495859120917915952 0.00000000099999999984 
0.00395799734492073563 0.00000000099999999991 0.00000000099999999991 0.00000000099999999991 0.00000000099999999991 0.99604199765507916986 0.00000000099999999991 
0.01039497479623027049 0.00000000099999999998 0.01193939845465334139 0.00000000099999999998 0.00000000099999999998 0.97766562274911639197 0.00000000099999999998 
0.00000000099999999980 0.00000000099999999980 0.99999999400000005867 0.00000000099999999980 0.00000000099999999980 0.00000000099999999980 0.00000000099999999980 
0.04698174884652043387 0.00000000099999999998 0.03235152118140673799 0.00000000099999999998 0.00000000099999999998 0.92066672597207288575 0.00000000099999999998 
0.00000000099999999987 0.00000000099999999987 0.99999999399999994765 0.00000000099999999987 0.00000000099999999987 0.00000000099999999987 0.00000000099999999987 
0.00000000099999999974 0.00000000099999999974 0.00000000099999999974 0.00000000099999999974 0.00000000099999999974 0.99999999399999994765 0.00000000099999999974 
0.00406544191804848482 0.00000000099999999991 0.00000000099999999991 0.00000000099999999991 0.00000000099999999991 0.99593455308195155684 0.00000000099999999991 
0.00000000099999999972 0.00000000099999999972 0.00000000099999999972 0.00000000099999999972 0.00000000099999999972 0.99999999400000005867 0.00000000099999999972 
0.00000000099999999981 0.00000000099999999981 0.98639828669838314212 0.01360170830161685357 0.00000000099999999981 0.00000000099999999981 0.00000000099999999981 
0.00000030749227311241 0.00000000099999999987 0.00000000099999999987 0.00000000099999999987 0.00000000099999999987 0.99999968750772683102 0.00000000099999999987 
0.01734461135750070895 0.00150312592045472016 0.00036593611698594852 0.00000000099999999999 0.00000000099999999999 0.98078632360505868526 0.00000000099999999999 
0.01054227094989340988 0.00000000099999999991 0.00000000099999999991 0.00000000099999999991 0.00000000099999999991 0.98945772405010656847 0.00000000099999999991 
0.00000000099999999994 0.00000000099999999994 0.00000000099999999994 0.00000000099999999994 0.00000000099999999994 0.99999999400000005867 0.00000000099999999994 
0.00000000099999999968 0.00000000099999999968 0.00000000099999999968 0.00000000099999999968 0.00000000099999999968 0.00000000099999999968 0.99999999399999994765 
0.02089611639426254552 0.00000000099999999991 0.00000000099999999991 0.00000000099999999991 0.00000000099999999991 0.97910387860573733221 0.00000000099999999991 
0.00000000099999999992 0.00000000099999999992 0.00000000099999999992 0.00000000099999999992 0.00000000099999999992 0.99999999399999994765 0.00000000099999999992 
0.00000000099999999972 0.00000000099999999972 0.00000000099999999972 0.00000000099999999972 0.00000000099999999972 0.00000000099999999972 0.99999999400000005867 
0.02405262094680376064 0.00000000099999999993 0.00000000099999999993 0.00000000099999999993 0.00000000099999999993 0.97594737405319609280 0.00000000099999999993 
0.00000000099999999980 0.00000000099999999980 0.99999999399999994765 0.00000000099999999980 0.00000000099999999980 0.00000000099999999980 0.00000000099999999980 
0.00000000099999999989 0.00000000099999999989 0.99999999399999994765 0.00000000099999999989 0.00000000099999999989 0.00000000099999999989 0.00000000099999999989 
0.00000000099999999984 0.00000000099999999984 0.99999999400000005867 0.00000000099999999984 0.00000000099999999984 0.00000000099999999984 0.00000000099999999984 
0.00000000099999999983 0.00000000099999999983 0.99999999400000005867 0.00000000099999999983 0.00000000099999999983 0.00000000099999999983 0.00000000099999999983 
0.00000000099999999986 0.00000000099999999986 0.99999999399999994765 0.00000000099999999986 0.00000000099999999986 0.00000000099999999986 0.00000000099999999986 
0.00000000099999999985 0.00000000099999999985 0.99999999400000005867 0.00000000099999999985 0.00000000099999999985 0.00000000099999999985 0.00000000099999999985 
0.00000000099999999984 0.00000000099999999984 0.99999999399999994765 0.00000000099999999984 0.00000000099999999984 0.00000000099999999984 0.00000000099999999984 
0.00000000099999999980 0.00000000099999999980 0.99999999399999994765 0.00000000099999999980 0.00000000099999999980 0.00000000099999999980 0.00000000099999999980 
0.00000000099999999986 0.00000000099999999986 0.00000000099999999986 0.00000000099999999986 0.00000000099999999986 0.99999999400000005867 0.00000000099999999986 
0.99999999400000005867 0.00000000099999999938 0.00000000099999999938 0.00000000099999999938 0.00000000099999999938 0.00000000099999999938 0.00000000099999999938 
0.00674769673194411390 0.00000000099999999997 0.00000000099999999997 0.00000000099999999997 0.00000000099999999997 0.99325229826805572220 0.00000000099999999997 
0.00000000099999999990 0.00000000099999999990 0.10258710792228173392 0.89741288707771815769 0.00000000099999999990 0.00000000099999999990 0.00000000099999999990 
0.00000000099999999988 0.00000000099999999988 0.00000000099999999988 0.96056104655532148495 0.03943894844467837196 0.00000000099999999988 0.00000000099999999988 
0.03609413943676982595 0.00000000099999999997 0.00000000099999999997 0.00000000099999999997 0.00000000099999999997 0.96390585556323005179 0.00000000099999999997 
0.00000000099999999990 0.00000000099999999990 0.07872194070677074329 0.92127805429322928710 0.00000000099999999990 0.00000000099999999990 0.00000000099999999990 
0.04760951125396169908 0.00677777610119643676 0.05392658692835137352 0.00122784461143206998 0.00000000100000000000 0.88528249680047366166 0.00517578330458463680 
0.00000000099999999985 0.00000000099999999985 0.12577062564232438513 0.87422936935767570077 0.00000000099999999985 0.00000000099999999985 0.00000000099999999985 
0.00000000099999999984 0.00000000099999999984 0.99999999400000005867 0.00000000099999999984 0.00000000099999999984 0.00000000099999999984 0.00000000099999999984 
0.00000000099999999987 0.00000000099999999987 0.06716064547386320360 0.93283934952613667413 0.00000000099999999987 0.00000000099999999987 0.00000000099999999987 
0.00000000099999999991 0.00000000099999999991 0.09385526540266569961 0.90614472959733438628 0.00000000099999999991 0.00000000099999999991 0.00000000099999999991 
0.00000000099999999983 0.00000000099999999983 0.04588734087053589900 0.95411265412946399955 0.00000000099999999983 0.00000000099999999983 0.00000000099999999983 
0.00000000099999999993 0.00000000099999999993 0.00000000099999999993 0.94650343850399754064 0.05349655649600248974 0.00000000099999999993 0.00000000099999999993 
0.00000000099999999983 0.00000000099999999983 0.07360129649669085172 0.92639869850330924805 0.00000000099999999983 0.00000000099999999983 0.00000000099999999983 
0.00000000099999999988 0.00000000099999999988 0.08520346223246484663 0.91479653276753514213 0.00000000099999999988 0.00000000099999999988 0.00000000099999999988 
0.00000000099999999980 0.00000000099999999980 0.99999999399999994765 0.00000000099999999980 0.00000000099999999980 0.00000000099999999980 0.00000000099999999980 
0.03545150553826850043 0.00000000099999999998 0.00847108962693150953 0.00000000099999999998 0.00000000099999999998 0.95607737429862560408 0.00000002753617427747 
0.02874747528058946983 0.00000000099999999998 0.01122022852580754730 0.00000000099999999998 0.00000000099999999998 0.96003229219360286528 0.00000000099999999998 
0.99999999400000016969 0.00000000099999999936 0.00000000099999999936 0.00000000099999999936 0.00000000099999999936 0.00000000099999999936 0.00000000099999999936 
0.00000000099999999989 0.00000000099999999989 0.00000000099999999989 0.96348015480734161553 0.03651984019265828302 0.00000000099999999989 0.00000000099999999989 
0.00000000099999999982 0.00000000099999999982 0.04672340999398087030 0.95327658500601919478 0.00000000099999999982 0.00000000099999999982 0.00000000099999999982 
0.00000000099999999984 0.00000000099999999984 0.99999999400000005867 0.00000000099999999984 0.00000000099999999984 0.00000000099999999984 0.00000000099999999984 
0.00000000099999999992 0.00000000099999999992 0.00000000099999999992 0.96235540582302681045 0.03764458917697317136 0.00000000099999999992 0.00000000099999999992 
0.00000000099999999986 0.00000000099999999986 0.07531124636887499835 0.92468874863112515694 0.00000000099999999986 0.00000000099999999986 0.00000000099999999986 
0.00000000099999999989 0.00000000099999999989 0.00000000099999999989 0.95914960684585404138 0.04085038815414594043 0.00000000099999999989 0.00000000099999999989 
0.00000000099999999993 0.00000000099999999993 0.00000000099999999993 0.95853449059318474035 0.04146550440681523453 0.00000000099999999993 0.00000000099999999993 
0.00000000099999999991 0.00000000099999999991 0.00000000099999999991 0.95771035428885997742 0.04228964071113997664 0.00000000099999999991 0.00000000099999999991 
0.02799719554259594984 0.00000000099999999996 0.00189931595625075582 0.00000000099999999996 0.00000000099999999996 0.97010348450115335694 0.00000000099999999996 
0.00114814194616216542 0.00991729079978124865 0.33359987912944311095 0.65533422088606296807 0.00000046523855051695 0.00000000099999999999 0.00000000099999999999 
0.00000000099999999988 0.00000000099999999988 0.99999999399999994765 0.00000000099999999988 0.00000000099999999988 0.00000000099999999988 0.00000000099999999988 
0.00000000099999999995 0.00000000099999999995 0.00000000099999999995 0.96090963509004034826 0.03909035990995969601 0.00000000099999999995 0.00000000099999999995 
0.00000000099999999986 0.00000000099999999986 0.06292459385555336515 0.93707540114444665136 0.00000000099999999986 0.00000000099999999986 0.00000000099999999986 
0.07156043836939063318 0.00183911724686197501 0.00000000099999999998 0.00004060234706426039 0.00000000099999999998 0.92655983903668304169 0.00000000099999999998 
0.00000000099999999989 0.00000000099999999989 0.99999998555433289305 0.00000000944566717932 0.00000000099999999989 0.00000000099999999989 0.00000000099999999989 
0.00000000099999999991 0.00000000099999999991 0.43525189739629416286 0.56474809760370581202 0.00000000099999999991 0.00000000099999999991 0.00000000099999999991 
0.00000000099999999994 0.00000000099999999994 0.44200622707401926448 0.55799376792598076591 0.00000000099999999994 0.00000000099999999994 0.00000000099999999994 
0.00000000099999999997 0.00000000099999999997 0.46906163534090389300 0.53025477255180608616 0.00068358810728995237 0.00000000099999999997 0.00000000099999999997 
0.00000000099999999990 0.00000000099999999990 0.41460703768745454934 0.58539295731254548105 0.00000000099999999990 0.00000000099999999990 0.00000000099999999990 
0.00000000099999999989 0.00000000099999999989 0.45732403567716523041 0.54267595932283474447 0.00000000099999999989 0.00000000099999999989 0.00000000099999999989 
0.00000000099999999988 0.00000000099999999988 0.46409137576900377775 0.53590861923099619712 0.00000000099999999988 0.00000000099999999988 0.00000000099999999988 
0.00000000099999999993 0.00000000099999999993 0.46967421164564460145 0.53032578335435531791 0.00000000099999999993 0.00000000099999999993 0.00000000099999999993 
0.00000000099999999996 0.00000000099999999996 0.42928227236482985330 0.56355021388258130788 0.00716750975258891292 0.00000000099999999996 0.00000000099999999996 
0.00000000099999999990 0.00000000099999999990 0.46008979198323601834 0.53991020301676395654 0.00000000099999999990 0.00000000099999999990 0.00000000099999999990 
0.00000000099999999992 0.00000000099999999992 0.44526489812042713279 0.55473509687957289760 0.00000000099999999992 0.00000000099999999992 0.00000000099999999992 
