0.03462665006789159700 0.96360242022933528805 0.00000000099999999995 0.00000000099999999995 0.00000000099999999995 0.00000000099999999995 0.00177092370277315302 0.00000000099999999995 0.00000000099999999995 
0.08449471117789884855 0.91178471301850283481 0.00000000099999999994 0.00000000099999999994 0.00000000099999999994 0.00000000099999999994 0.00372056980359846984 0.00000000099999999994 0.00000000099999999994 
0.00000000099999999990 0.00000000099999999990 0.00000000099999999990 0.00000000099999999990 0.00000000099999999990 0.00000000099999999990 0.00000000099999999990 0.99999999200000000421 0.00000000099999999990 
0.05706770165450357479 0.90711598445552221737 0.00000000099999999993 0.00000000099999999993 0.03581630788997426651 0.00000000099999999993 0.00000000099999999993 0.00000000099999999993 0.00000000099999999993 
0.01194212186137972795 0.71122188441217637500 0.00000000099999999993 0.00000000099999999993 0.27683598772644402164 0.00000000099999999993 0.00000000099999999993 0.00000000099999999993 0.00000000099999999993 
0.00000000099999999996 0.74803933500481767371 0.00000000099999999996 0.00000000099999999996 0.25196065799518241324 0.00000000099999999996 0.00000000099999999996 0.00000000099999999996 0.00000000099999999996 
0.00000000099999999959 0.00000000099999999959 0.00000000099999999959 0.00000000099999999959 0.00000000099999999959 0.99999999200000000421 0.00000000099999999959 0.00000000099999999959 0.00000000099999999959 
0.08577824773688989823 0.89209860290811371364 0.00000000099999999986 0.00000000099999999986 0.02212314335499659945 0.00000000099999999986 0.00000000099999999986 0.00000000099999999986 0.00000000099999999986 
0.00000000099999999944 0.00000000099999999944 0.00000000099999999944 0.00000000099999999944 0.00000000099999999944 0.99999999200000011523 0.00000000099999999944 0.00000000099999999944 0.00000000099999999944 
0.15706925003603536273 0.79076864038850358529 0.00000000099999999988 0.00000000099999999988 0.05216210357546111759 0.00000000099999999988 0.00000000099999999988 0.00000000099999999988 0.00000000099999999988 
0.09181989484901707799 0.85358896231441316882 0.00000000099999999985 0.00000000099999999985 0.05459113683656983962 0.00000000099999999985 0.00000000099999999985 0.00000000099999999985 0.00000000099999999985 
0.01178797836891500896 0.61955624658664298909 0.00000000099999999991 0.00000000099999999991 0.35342296364109188067 0.00000000099999999991 0.01523280640335007360 0.00000000099999999991 0.00000000099999999991 
0.00000000099999999996 0.84178991352585053054 0.00000000099999999996 0.00000000099999999996 0.15821007947414969519 0.00000000099999999996 0.00000000099999999996 0.00000000099999999996 0.00000000099999999996 
0.00000000099999999995 0.75031480867617950103 0.00000000099999999995 0.00000000099999999995 0.24968518432382064143 0.00000000099999999995 0.00000000099999999995 0.00000000099999999995 0.00000000099999999995 
0.00000000099999999990 0.00000000099999999990 0.08975626348235433982 0.00000000099999999990 0.00000000099999999990 0.00000000099999999990 0.00000000099999999990 0.91024372951764553896 0.00000000099999999990 
0.05980575136648518669 0.84830620429710146269 0.00000000099999999988 0.00000000099999999988 0.09188803833641356889 0.00000000099999999988 0.00000000099999999988 0.00000000099999999988 0.00000000099999999988 
0.13632823165819563105 0.76366388511477434342 0.00000000099999999985 0.00000000099999999985 0.09785329540513600100 0.00000000099999999985 0.00215458282189412258 0.00000000099999999985 0.00000000099999999985 
0.07217020700780772680 0.19983801178676666166 0.00000000099999999982 0.00000000099999999982 0.53525855658891052791 0.00000000099999999982 0.19273321961651490586 0.00000000099999999982 0.00000000099999999982 
0.05842218750615287698 0.88089276275609629252 0.00000000099999999990 0.00000000099999999990 0.06068504365054652044 0.00000000099999999990 0.00000000108720444720 0.00000000099999999990 0.00000000099999999990 
0.00000000099999999927 0.00000000099999999927 0.00000000099999999927 0.00000000099999999927 0.00000000099999999927 0.00000000099999999927 0.99999999199999989319 0.00000000099999999927 0.00000000099999999927 
0.00000000099999999956 0.00000000099999999956 0.00000000099999999956 0.00000000099999999956 0.00000000099999999956 0.99999999200000011523 0.00000000099999999956 0.00000000099999999956 0.00000000099999999956 
0.00000000099999999925 0.00000000099999999925 0.00000000099999999925 0.00000000099999999925 0.00000000099999999925 0.00000000099999999925 0.99999999199999989319 0.00000000099999999925 0.00000000099999999925 
0.00000000099999999998 0.80333825995492602612 0.00000000099999999998 0.00174896964498107480 0.18677835518058499842 0.00000000099999999998 0.00000000099999999998 0.00000000099999999998 0.00813441021950796032 
0.00000000099999999945 0.00000000099999999945 0.00000000099999999945 0.00000000099999999945 0.00000000099999999945 0.99999999200000000421 0.00000000099999999945 0.00000000099999999945 0.00000000099999999945 
0.99999999200000011523 0.00000000099999999953 0.00000000099999999953 0.00000000099999999953 0.00000000099999999953 0.00000000099999999953 0.00000000099999999953 0.00000000099999999953 0.00000000099999999953 
0.09664175114950192269 0.84907911382238410170 0.00000000099999999987 0.00000000099999999987 0.05357175224615855214 0.00000000099999999987 0.00070737778195550873 0.00000000099999999987 0.00000000099999999987 
0.08803553325958357600 0.60566568445321522507 0.00000000099999999989 0.00000000099999999989 0.30629877628720142413 0.00000000099999999989 0.00000000099999999989 0.00000000099999999989 0.00000000099999999989 
0.22365700345832142948 0.67565287315849720251 0.00000000099999999977 0.00000000099999999977 0.10069011738318141280 0.00000000099999999977 0.00000000099999999977 0.00000000099999999977 0.00000000099999999977 
0.00000000099999999992 0.00000000099999999992 0.01585006495583244149 0.95273154612014532283 0.00000000099999999992 0.03141838292402226313 0.00000000099999999992 0.00000000099999999992 0.00000000099999999992 
0.00000000099999999967 0.00000000099999999967 0.00000000099999999967 0.00000000099999999967 0.00000000099999999967 0.99999999200000000421 0.00000000099999999967 0.00000000099999999967 0.00000000099999999967 
0.00000000099999999999 0.79415537861816476450 0.01138816275054915957 0.00000000099999999999 0.19127236434852584734 0.00000000099999999999 0.00318408928276026591 0.00000000099999999999 0.00000000099999999999 
0.13303453351678978800 0.67411881279733421035 0.00000000099999999993 0.00000000099999999993 0.05743311512751277798 0.12426614331791124846 0.01114739124045212304 0.00000000099999999993 0.00000000099999999993 
0.16694789168894588749 0.76650899378899217673 0.01287599784988204682 0.00000000099999999998 0.02072242937893168865 0.00000000099999999998 0.02169183716924387439 0.00000000099999999998 0.01125284712400436045 
0.13196113482653978877 0.68700598002998713998 0.00586565790144951815 0.04528369073992455363 0.10919217824502804037 0.00000000099999999998 0.02069135525707095635 0.00000000099999999998 0.00000000099999999998 
0.00000000099999999984 0.06360797295566462950 0.00000000099999999984 0.00000000099999999984 0.00000000099999999984 0.93639202004433541582 0.00000000099999999984 0.00000000099999999984 0.00000000099999999984 
0.11522365515946615677 0.85795554292048414879 0.00000000099999999987 0.00000000099999999987 0.02682079592004987800 0.00000000099999999987 0.00000000099999999987 0.00000000099999999987 0.00000000099999999987 
0.00000000099999999997 0.75893410021401852550 0.00000000099999999997 0.00000000099999999997 0.21587455412204978322 0.00939851283750632246 0.01579282782642544777 0.00000000099999999997 0.00000000099999999997 
0.99999999200000011523 0.00000000099999999944 0.00000000099999999944 0.00000000099999999944 0.00000000099999999944 0.00000000099999999944 0.00000000099999999944 0.00000000099999999944 0.00000000099999999944 
0.07763705423648160908 0.89545866659185924252 0.00000000099999999990 0.00000000099999999990 0.02690427317165936666 0.00000000099999999990 0.00000000099999999990 0.00000000099999999990 0.00000000099999999990 
0.05599233309427508604 0.68982231224702750261 0.00000000099999999997 0.00000000099999999997 0.00000000099999999997 0.24669425807360587100 0.00749109158509158983 0.00000000099999999997 0.00000000099999999997 
0.11597946890199493930 0.65312349602586539099 0.00000000099999999989 0.00000000099999999989 0.08750007299258150129 0.13907097011368121930 0.00432598796587709087 0.00000000099999999989 0.00000000099999999989 
0.06678222600397033804 0.83203701760172676938 0.00002323400424003615 0.09831126232485187799 0.00284624944657314556 0.00000000099999999997 0.00000000099999999997 0.00000000099999999997 0.00000000761863796581 
0.00000000099999999984 0.00000000099999999984 0.00206922081974741890 0.99793077218025272312 0.00000000099999999984 0.00000000099999999984 0.00000000099999999984 0.00000000099999999984 0.00000000099999999984 
0.10436761222880808209 0.78262982953925896989 0.00000000099999999996 0.00000000099999999996 0.08991517277126159779 0.00000000099999999996 0.00000000099999999996 0.02308738046067160612 0.00000000099999999996 
0.05568062184678423954 0.63490190991561268330 0.00000000099999999991 0.00000000099999999991 0.30941746223760330237 0.00000000099999999991 0.00000000099999999991 0.00000000099999999991 0.00000000099999999991 
0.02650361435709741587 0.72237644801335476608 0.00000000099999999992 0.00000000099999999992 0.25111993162954798775 0.00000000099999999992 0.00000000099999999992 0.00000000099999999992 0.00000000099999999992 
0.00000000099999999992 0.00000000099999999992 0.00000000099999999992 0.99999999200000011523 0.00000000099999999992 0.00000000099999999992 0.00000000099999999992 0.00000000099999999992 0.00000000099999999992 
0.00000000099999999993 0.00000000099999999993 0.00000000099999999993 0.99580260156389377446 0.00419739143610623529 0.00000000099999999993 0.00000000099999999993 0.00000000099999999993 0.00000000099999999993 
0.00000000099999999993 0.00000000099999999993 0.00000000099999999993 0.98274261783053429298 0.01725737516946571418 0.00000000099999999993 0.00000000099999999993 0.00000000099999999993 0.00000000099999999993 
0.00000000099999999996 0.00000000519834989064 0.54021373909182002215 0.43461433954545347635 0.00000000099999999996 0.00000000099999999996 0.00000000099999999996 0.00000000099999999996 0.02517191116437663551 
0.00000000099999999998 0.01451685467256410254 0.21683011778918720447 0.75841251604944959208 0.00000000099999999998 0.00000000099999999998 0.00000000099999999998 0.00000003670447236608 0.01024047078432689488 
0.00000000099999999990 0.00000000099999999990 0.75048837013588731715 0.24951162286411263103 0.00000000099999999990 0.00000000099999999990 0.00000000099999999990 0.00000000099999999990 0.00000000099999999990 
0.00000000099999999989 0.00000000099999999989 0.70509406279483843871 0.29490593020516170375 0.00000000099999999989 0.00000000099999999989 0.00000000099999999989 0.00000000099999999989 0.00000000099999999989 
0.01264380828325610724 0.00000000099999999997 0.29026431616459075213 0.69398766316959514810 0.00000000099999999997 0.00000000099999999997 0.00000000099999999997 0.00000000099999999997 0.00310420738255814781 
0.00000000099999999985 0.00000000099999999985 0.74894559799479942797 0.25105439500520043694 0.00000000099999999985 0.00000000099999999985 0.00000000099999999985 0.00000000099999999985 0.00000000099999999985 
0.00000000099999999991 0.00000000099999999991 0.68114888874329015955 0.31885110425670987189 0.00000000099999999991 0.00000000099999999991 0.00000000099999999991 0.00000000099999999991 0.00000000099999999991 
0.00000000099999999998 0.02291432897127347948 0.27504285361113434139 0.68794041780432102495 0.00000000099999999998 0.00000000099999999998 0.00633102396722978397 0.00000000099999999998 0.00777137164604155186 
0.00000000099999999995 0.00000000099999999995 0.70057856800782969398 0.29207931787310742466 0.00000000099999999995 0.00000000099999999995 0.00000000099999999995 0.00000000099999999995 0.00734210811906292789 
0.00000000099999999961 0.00000000099999999961 0.00000000099999999961 0.00000000099999999961 0.00000000099999999961 0.00000000099999999961 0.99999999199999989319 0.00000000099999999961 0.00000000099999999961 
0.00000000099999999992 0.00000000099999999992 0.66001066361419147288 0.31365589560842432881 0.02633343477738412167 0.00000000099999999992 0.00000000099999999992 0.00000000099999999992 0.00000000099999999992 
0.00000000099999999990 0.00000000099999999990 0.71277755371172546450 0.26753928494821888062 0.01968315534005578640 0.00000000099999999990 0.00000000099999999990 0.00000000099999999990 0.00000000099999999990 
0.00000000099999999992 0.00000000099999999992 0.69080366601968379303 0.27961769078281745182 0.02957863719749862647 0.00000000099999999992 0.00000000099999999992 0.00000000099999999992 0.00000000099999999992 
0.00000000099999999992 0.00000000099999999992 0.72352724738380080893 0.26417029962288396394 0.01230244699331517651 0.00000000099999999992 0.00000000099999999992 0.00000000099999999992 0.00000000099999999992 
0.00000000099999999991 0.00000000099999999991 0.68311611527283366829 0.29275129205822408851 0.02413258666894233309 0.00000000099999999991 0.00000000099999999991 0.00000000099999999991 0.00000000099999999991 
0.00000000099999999993 0.00000000099999999993 0.69722521688432570475 0.28971941732375966483 0.01305535979191454511 0.00000000099999999993 0.00000000099999999993 0.00000000099999999993 0.00000000099999999993 
0.00000000099999999999 0.77137576512178673838 0.00000000099999999999 0.01106674116030491491 0.13326989969096686428 0.07816029310092775795 0.00246617867377844609 0.00366111925223543567 0.00000000099999999999 
0.00849474502542254747 0.74956384815223064955 0.00000000099999999991 0.00000000099999999991 0.24194140082234699696 0.00000000099999999991 0.00000000099999999991 0.00000000099999999991 0.00000000099999999991 
0.00000000099999999981 0.08951304443488887486 0.00000000099999999981 0.00000000099999999981 0.15946573516402884341 0.00000000099999999981 0.75102121440108227102 0.00000000099999999981 0.00000000099999999981 
0.00000000099999999962 0.00000000099999999962 0.00000000099999999962 0.00000000099999999962 0.00000000099999999962 0.99999999200000000421 0.00000000099999999962 0.00000000099999999962 0.00000000099999999962 
0.99999999200000011523 0.00000000099999999980 0.00000000099999999980 0.00000000099999999980 0.00000000099999999980 0.00000000099999999980 0.00000000099999999980 0.00000000099999999980 0.00000000099999999980 
0.31415431272819721586 0.68584568027180281558 0.00000000099999999983 0.00000000099999999983 0.00000000099999999983 0.00000000099999999983 0.00000000099999999983 0.00000000099999999983 0.00000000099999999983 
0.99999999200000022626 0.00000000099999999938 0.00000000099999999938 0.00000000099999999938 0.00000000099999999938 0.00000000099999999938 0.00000000099999999938 0.00000000099999999938 0.00000000099999999938 
0.07583050315769175598 0.91112049967934283234 0.00000000099999999991 0.00000000099999999991 0.00000000099999999991 0.01304899116296555014 0.00000000099999999991 0.00000000099999999991 0.00000000099999999991 
0.06117346749779216386 0.88966889341419219672 0.00000000099999999988 0.00000000099999999988 0.04915763308801566339 0.00000000099999999988 0.00000000099999999988 0.00000000099999999988 0.00000000099999999988 
0.10168816120069698594 0.57093788312312265809 0.00000000099999999992 0.00000000099999999992 0.32737394967618044239 0.00000000099999999992 0.00000000099999999992 0.00000000099999999992 0.00000000099999999992 
0.00000000099999999926 0.00000000099999999926 0.00000000099999999926 0.00000000099999999926 0.00000000099999999926 0.00000000099999999926 0.99999999200000000421 0.00000000099999999926 0.00000000099999999926 
0.07722703436041623848 0.62432579844131352864 0.00000000099999999996 0.01735906106595777945 0.28108810113231252892 0.00000000099999999996 0.00000000099999999996 0.00000000099999999996 0.00000000099999999996 
0.09800511796101255002 0.83426494728589872807 0.00000000099999999980 0.00000000099999999980 0.06772992875308896099 0.00000000099999999980 0.00000000099999999980 0.00000000099999999980 0.00000000099999999980 
0.00000000099999999978 0.00000000099999999978 0.00000000099999999978 0.99999999200000011523 0.00000000099999999978 0.00000000099999999978 0.00000000099999999978 0.00000000099999999978 0.00000000099999999978 
0.04650757957910892082 0.95349241342089119389 0.00000000099999999987 0.00000000099999999987 0.00000000099999999987 0.00000000099999999987 0.00000000099999999987 0.00000000099999999987 0.00000000099999999987 
0.00000000099999999996 0.82836199083363259987 0.00000000099999999996 0.00000000099999999996 0.17163800216636751483 0.00000000099999999996 0.00000000099999999996 0.00000000099999999996 0.00000000099999999996 
0.99999999200000022626 0.00000000099999999941 0.00000000099999999941 0.00000000099999999941 0.00000000099999999941 0.00000000099999999941 0.00000000099999999941 0.00000000099999999941 0.00000000099999999941 
0.06795777377592750190 0.93116117640176421233 0.00000000099999999989 0.00000000099999999989 0.00000000099999999989 0.00000000099999999989 0.00088104382230850750 0.00000000099999999989 0.00000000099999999989 
0.05554199937817704685 0.90617427629766333919 0.00000000099999999983 0.00000000099999999983 0.03828371832415978365 0.00000000099999999983 0.00000000099999999983 0.00000000099999999983 0.00000000099999999983 
0.06630104363194802564 0.91778287255055934768 0.00000000099999999993 0.00000000099999999993 0.01307959817534903174 0.00000000099999999993 0.00283648064214350000 0.00000000099999999993 0.00000000099999999993 
0.06650873447581578946 0.67691788175432510144 0.00000000099999999987 0.00000000099999999987 0.24483073363249266419 0.00000000099999999987 0.01174264513736645969 0.00000000099999999987 0.00000000099999999987 
0.00000000099999999996 0.00000000099999999996 0.00000000099999999996 0.96773466140212083264 0.00000000099999999996 0.00000000099999999996 0.00000000099999999996 0.00000000099999999996 0.03226533159787923349 
0.99999999200000011523 0.00000000099999999953 0.00000000099999999953 0.00000000099999999953 0.00000000099999999953 0.00000000099999999953 0.00000000099999999953 0.00000000099999999953 0.00000000099999999953 
0.99999999200000022626 0.00000000099999999961 0.00000000099999999961 0.00000000099999999961 0.00000000099999999961 0.00000000099999999961 0.00000000099999999961 0.00000000099999999961 0.00000000099999999961 
0.01546678601684191127 0.96805597957056488401 0.00000000099999999992 0.00000000099999999992 0.01647722841259334145 0.00000000099999999992 0.00000000099999999992 0.00000000099999999992 0.00000000099999999992 
0.00000000099999999984 0.00000000099999999984 0.37276851579404107762 0.01544908641363779492 0.00000000099999999984 0.00000000099999999984 0.00000000099999999984 0.35724735607352742228 0.25453503671879351700 
0.00000000099999999988 0.00000000099999999988 0.89021857774243107198 0.10978141525756897334 0.00000000099999999988 0.00000000099999999988 0.00000000099999999988 0.00000000099999999988 0.00000000099999999988 
0.00000000099999999974 0.00000000099999999974 0.99999999035128406266 0.00000000099999999974 0.00000000099999999974 0.00000000099999999974 0.00000000099999999974 0.00000000099999999974 0.00000000264871605416 
0.00000000099999999947 0.00000000099999999947 0.00000000099999999947 0.00000000099999999947 0.00000000099999999947 0.00000000099999999947 0.00000000099999999947 0.99999999200000000421 0.00000000099999999947 
0.00000000099999999938 0.00000000099999999938 0.00000000099999999938 0.00000000099999999938 0.00000000099999999938 0.00000000099999999938 0.00000000099999999938 0.99999999199999989319 0.00000000099999999938 
0.15942358876177217808 0.82957096992864454155 0.00000000099999999984 0.00000000099999999984 0.00607353618715286789 0.00000000099999999984 0.00493190012243044634 0.00000000099999999984 0.00000000099999999984 
0.00000000099999999994 0.00000000099999999994 0.82596310453689081310 0.12010064894066618812 0.00000000099999999994 0.00000000099999999994 0.00082610380013206500 0.00000000099999999994 0.05311013772231094887 
0.00000000099999999994 0.00000000099999999994 0.59234058656672705645 0.25159543801921641082 0.00000000099999999994 0.00000000099999999994 0.00000000099999999994 0.03681265510863364343 0.11925131530542291969 
0.00000000099999999990 0.00000000099999999990 0.84365966000025682803 0.11524477086196498188 0.00000000099999999990 0.00000000099999999990 0.00000000099999999990 0.00000000099999999990 0.04109556313777824182 
0.00000000099999999984 0.00000000099999999984 0.90711268288909208124 0.08735603185961410277 0.00000000099999999984 0.00000000099999999984 0.00000000099999999984 0.00000000099999999984 0.00553127925129391455 
0.00000000099999999978 0.00000000099999999978 0.97793387762999139934 0.00000000099999999978 0.00000000099999999978 0.00000000099999999978 0.00000000099999999978 0.00000000099999999978 0.02206611537000875353 
0.00000000099999999936 0.00000000099999999936 0.00000000099999999936 0.00000000099999999936 0.00000000099999999936 0.00000000099999999936 0.00000000099999999936 0.99999999199999989319 0.00000000099999999936 
0.00000000099999999951 0.00000000099999999951 0.00000000099999999951 0.00000000099999999951 0.00000000099999999951 0.00000000099999999951 0.00000000099999999951 0.99999999199999989319 0.00000000099999999951 
0.00000000099999999991 0.00000000099999999991 0.85042266461939775013 0.12624580130416104828 0.00000000099999999991 0.00000000099999999991 0.00000000099999999991 0.00128234245572805741 0.02204918662071313554 
0.00000000099999999972 0.00000000099999999972 0.99999999200000000421 0.00000000099999999972 0.00000000099999999972 0.00000000099999999972 0.00000000099999999972 0.00000000099999999972 0.00000000099999999972 
0.00000000099999999991 0.00000000099999999991 0.76808384026274090228 0.18627223823836758232 0.00000000099999999991 0.00000000099999999991 0.00000000099999999991 0.00000000099999999991 0.04564391549889154631 
0.00000000099999999995 0.00000000099999999995 0.72501786590852301817 0.18468825425225560144 0.00000000099999999995 0.00000000099999999995 0.00000000099999999995 0.03841039958886735550 0.05188347525035413160 
0.00000000099999999995 0.00000000099999999995 0.67628417204487123460 0.23281190608837806777 0.00000000099999999995 0.00000000099999999995 0.00000000099999999995 0.03282449054852258630 0.05807942631822807927 
0.00000000099999999990 0.00000000099999999990 0.31684130742365779199 0.01159663450366137799 0.00000000099999999990 0.00000000099999999990 0.00000000099999999990 0.35194760594274754339 0.31961444712993331008 
0.00000000099999999992 0.00000000099999999992 0.60514026190388525706 0.24365072538132265256 0.00000000099999999992 0.00000000099999999992 0.00000000099999999992 0.04206510893819849495 0.10914389877659361194 
0.00000000099999999996 0.00000000099999999996 0.67969780480503705355 0.22826203079411030994 0.00000000099999999996 0.00000000099999999996 0.00000000099999999996 0.04290920252364181092 0.04913095687721096005 
0.00000000099999999991 0.00000000099999999991 0.83997867613512144924 0.13033701303086991929 0.00000000099999999991 0.00000000099999999991 0.00000000099999999991 0.00000000099999999991 0.02968430483400875952 
0.00000000099999999979 0.00000000099999999979 0.00000000099999999979 0.99999999200000000421 0.00000000099999999979 0.00000000099999999979 0.00000000099999999979 0.00000000099999999979 0.00000000099999999979 
0.00000000099999999991 0.00000000099999999991 0.30918916651248246064 0.10411576668574562543 0.00000000099999999991 0.00000000099999999991 0.00000000099999999991 0.36965127537794795209 0.21704378642382385345 
0.00000000099999999998 0.02157778034566297520 0.27343890501943074467 0.69980047871770945100 0.00027072871860562908 0.00000000099999999998 0.00491207231732634225 0.00000000099999999998 0.00000003188126501093 
0.00000000099999999981 0.00000000099999999981 0.00000000099999999981 0.99999999200000000421 0.00000000099999999981 0.00000000099999999981 0.00000000099999999981 0.00000000099999999981 0.00000000099999999981 
0.00000000099999999990 0.00000000099999999990 0.17565864788908108762 0.01896056761753087821 0.00000000099999999990 0.00000000099999999990 0.00000000099999999990 0.55304497116915374288 0.25233580832423441187 
0.00000000099999999990 0.00000000099999999990 0.47983315027522455143 0.05817321378461595693 0.00000000099999999990 0.00000000099999999990 0.00000000099999999990 0.33157882081339623559 0.13041481012676339746 
0.00000000099999999993 0.00000000099999999993 0.38901576384447489332 0.09206663069615161898 0.00000000099999999993 0.00000000099999999993 0.00000000099999999993 0.32497612555756832942 0.19394147490180510540 
0.00000000099999999990 0.00000000099999999990 0.00000000099999999990 0.98872244247465512768 0.00000000099999999990 0.00000000099999999990 0.00000000099999999990 0.00000000099999999990 0.01127755052534492632 
0.00000000099999999993 0.00000000099999999993 0.66817320437637373054 0.33182678862362635641 0.00000000099999999993 0.00000000099999999993 0.00000000099999999993 0.00000000099999999993 0.00000000099999999993 
0.00000000099999999987 0.00000000099999999987 0.03705670604872497026 0.95023382179240067913 0.00000000099999999987 0.00000000099999999987 0.00000000099999999987 0.00000000099999999987 0.01270946615887460704 
0.00000000099999999961 0.00000000099999999961 0.00000000099999999961 0.00000000099999999961 0.00000000099999999961 0.00000000099999999961 0.00000000099999999961 0.99999999199999989319 0.00000000099999999961 
0.00000000099999999990 0.00000000099999999990 0.11681593627037908933 0.00515188563577447401 0.00000000099999999990 0.00000000099999999990 0.00000000099999999990 0.60980717319863342318 0.26822499989521286778 
0.00000000099999999997 0.01567252392300859040 0.20110538225226176623 0.72792953243314373335 0.00000000099999999997 0.00000000099999999997 0.00000000099999999997 0.01271381435925849138 0.04257874303232744156 
0.00000000099999999995 0.00000000099999999995 0.32427993465193261091 0.08770170805733078223 0.00000000099999999995 0.00000000099999999995 0.00000000099999999995 0.39310554662917712720 0.19491280566155935738 
0.00000000099999999989 0.00000000099999999989 0.31930734966917412310 0.06898219100669507331 0.00000000099999999989 0.00000000099999999989 0.00000000099999999989 0.38873899920995796942 0.22297145511417287844 
0.00000000099999999981 0.00000000099999999981 0.99584995034256229562 0.00000000099999999981 0.00000000099999999981 0.00000000099999999981 0.00000000099999999981 0.00000000099999999981 0.00415004265743778526 
0.00000000099999999977 0.00000000099999999977 0.00000000099999999977 0.00000000099999999977 0.00000000099999999977 0.00000000099999999977 0.00000000099999999977 0.99999999200000000421 0.00000000099999999977 
0.00000000099999999959 0.00000000099999999959 0.00000000099999999959 0.00000000099999999959 0.00000000099999999959 0.00000000099999999959 0.00000000099999999959 0.99999999199999989319 0.00000000099999999959 
0.00000000099999999966 0.00000000099999999966 0.00000000099999999966 0.00000000099999999966 0.00000000099999999966 0.00000000099999999966 0.00000000099999999966 0.99999999199999989319 0.00000000099999999966 
0.00000000099999999990 0.00000000099999999990 0.28827862645625684790 0.06608756824401196273 0.00000000099999999990 0.00000000099999999990 0.00000000099999999990 0.44271517831775430984 0.20291862198197674338 
0.00000000099999999993 0.00000000099999999993 0.26895260150557170897 0.11677385617601933332 0.00000000099999999993 0.00000000099999999993 0.00000000099999999993 0.41871960058289958706 0.19555393673550924838 
0.00000000099999999990 0.00000000099999999990 0.87445364262376767961 0.09007363931365808263 0.00000000099999999990 0.00000000099999999990 0.00000000099999999990 0.00000000099999999990 0.03547271206257428255 
0.00000000099999999989 0.00000000099999999989 0.36316967471082106655 0.07754788340745949471 0.00000000099999999989 0.00000000099999999989 0.00000000099999999989 0.36636907032524024252 0.19291336655647914333 
0.00000000099999999990 0.00000000099999999990 0.37396156338128710983 0.10374332166568032976 0.00000000099999999990 0.00000000099999999990 0.00000000099999999990 0.34803640685779391184 0.17425870309523849855 
0.00000000099999999986 0.00000000099999999986 0.00000000099999999986 0.99999999200000011523 0.00000000099999999986 0.00000000099999999986 0.00000000099999999986 0.00000000099999999986 0.00000000099999999986 
0.00000000099999999981 0.00000000099999999981 0.99999998330846473493 0.00000000099999999981 0.00000000099999999981 0.00000000099999999981 0.00000000099999999981 0.00000000099999999981 0.00000000969153527275 
0.00000000099999999993 0.00000000099999999993 0.69407566500647632779 0.30592432799352364814 0.00000000099999999993 0.00000000099999999993 0.00000000099999999993 0.00000000099999999993 0.00000000099999999993 
0.00000000099999999984 0.00000000099999999984 0.00000000099999999984 0.99999999200000011523 0.00000000099999999984 0.00000000099999999984 0.00000000099999999984 0.00000000099999999984 0.00000000099999999984 
0.00000000099999999964 0.00000000099999999964 0.00000000099999999964 0.00000000099999999964 0.00000000099999999964 0.00000000099999999964 0.00000000099999999964 0.99999999200000000421 0.00000000099999999964 
0.00000000099999999988 0.00000000099999999988 0.31747224435000809262 0.01848573164678922118 0.00000000099999999988 0.00000000099999999988 0.00000000099999999988 0.39079609249270269578 0.27324592651049989245 
0.00000000099999999993 0.00000000099999999993 0.49861212908817453826 0.12994424002906915239 0.00000000099999999993 0.00000000099999999993 0.00000000099999999993 0.27508214766468636059 0.09636147821807010405 
0.00000000099999999991 0.00000000099999999991 0.68373872642748390049 0.31626126657251601992 0.00000000099999999991 0.00000000099999999991 0.00000000099999999991 0.00000000099999999991 0.00000000099999999991 
0.00000000099999999997 0.00000000099999999997 0.55325596682698430229 0.42467087886352816728 0.00000000099999999997 0.00000000099999999997 0.00000000099999999997 0.00000000099999999997 0.02207314830948757522 
0.00000000099999999975 0.00000000099999999975 0.00000000099999999975 0.00000000099999999975 0.00000000099999999975 0.00000000099999999975 0.00000000099999999975 0.99999999200000000421 0.00000000099999999975 
0.00000000099999999988 0.00000000099999999988 0.21745603678725380914 0.03127533320037897968 0.00000000099999999988 0.00000000099999999988 0.00000000099999999988 0.53011609327108899503 0.22115253174127808000 
0.04009027306769502585 0.00000000099999999976 0.00000000099999999976 0.00000000099999999976 0.24177709330212734939 0.00000000099999999976 0.71813262763017760015 0.00000000099999999976 0.00000000099999999976 
0.07580428386378583461 0.87231426763098529609 0.00000000099999999992 0.00000000099999999992 0.05188144250522903206 0.00000000099999999992 0.00000000099999999992 0.00000000099999999992 0.00000000099999999992 
0.00000000099999999942 0.00000000099999999942 0.00000000099999999942 0.00000000099999999942 0.00000000099999999942 0.00000000099999999942 0.99999999199999989319 0.00000000099999999942 0.00000000099999999942 
0.00000000099999999988 0.00000000099999999988 0.32643149744462240935 0.02692598520766139453 0.00000000099999999988 0.00000000099999999988 0.00000000099999999988 0.39398853030977809553 0.25265398203793804077 
0.08744616150953450628 0.86640443565887959032 0.00000000099999999988 0.00000000099999999988 0.04614939683158609390 0.00000000099999999988 0.00000000099999999988 0.00000000099999999988 0.00000000099999999988 
0.01656281946573771521 0.74725266077640772888 0.00000000099999999996 0.00000000099999999996 0.23618451375785470825 0.00000000099999999996 0.00000000099999999996 0.00000000099999999996 0.00000000099999999996 
0.00000000099999999988 0.00000000099999999988 0.27977702599335479983 0.00052034769555487845 0.00000000099999999988 0.00000000099999999988 0.00000000099999999988 0.41055272556841526654 0.30914989574267509598 
0.00000000099999999948 0.00000000099999999948 0.00000000099999999948 0.00000000099999999948 0.00000000099999999948 0.99999999200000011523 0.00000000099999999948 0.00000000099999999948 0.00000000099999999948 
0.00000000099999999995 0.76529546670786385842 0.00000000099999999995 0.00000000099999999995 0.23470452629213636730 0.00000000099999999995 0.00000000099999999995 0.00000000099999999995 0.00000000099999999995 
0.00000000099999999992 0.00000000099999999992 0.61588976344457457834 0.38411022955542534207 0.00000000099999999992 0.00000000099999999992 0.00000000099999999992 0.00000000099999999992 0.00000000099999999992 
0.00000000099999999988 0.00000000099999999988 0.27966125410729575362 0.05550273807785377489 0.00000000099999999988 0.00000000099999999988 0.00000000099999999988 0.36513957669246888127 0.29969642612238128754 
0.00000000099999999993 0.00000000099999999993 0.63568022317026939838 0.36431976982973052204 0.00000000099999999993 0.00000000099999999993 0.00000000099999999993 0.00000000099999999993 0.00000000099999999993 
0.00000000099999999985 0.00000000099999999985 0.40143381672986228059 0.00000000099999999985 0.00000000099999999985 0.00000000099999999985 0.00000000099999999985 0.38231317274402476514 0.21625300452611287416 
0.00000000099999999996 0.00000000099999999996 0.55188303620535816840 0.43638269661670597843 0.00012274911834937751 0.00000000099999999996 0.00434480820029782295 0.00000000099999999996 0.00726670585928868799 
0.00000000099999999992 0.77677708129409384075 0.00000000099999999992 0.00000000099999999992 0.22322291170590641274 0.00000000099999999992 0.00000000099999999992 0.00000000099999999992 0.00000000099999999992 
0.16072585578936907091 0.78617163620943042446 0.00000000099999999986 0.00000000099999999986 0.04000111990582199545 0.00000000099999999986 0.01310138309537860549 0.00000000099999999986 0.00000000099999999986 
0.00000000099999999991 0.00000000099999999991 0.67235119129954956652 0.31776339976012218935 0.00000000099999999991 0.00000000099999999991 0.00000000099999999991 0.00988540294032846066 0.00000000099999999991 
0.00000000099999999989 0.00000000099999999989 0.60749339227854348700 0.39250660072145654444 0.00000000099999999989 0.00000000099999999989 0.00000000099999999989 0.00000000099999999989 0.00000000099999999989 
0.00000000099999999967 0.00000000099999999967 0.00000000099999999967 0.00000000099999999967 0.00000000099999999967 0.99999999200000000421 0.00000000099999999967 0.00000000099999999967 0.00000000099999999967 
0.00000000099999999985 0.00000000099999999985 0.43186886812095121035 0.00018807559518480393 0.00000000099999999985 0.00000000099999999985 0.00000000099999999985 0.32826282893288488696 0.23968022235097896644 
0.00000000099999999993 0.00000000099999999993 0.00000000099999999993 0.99999999200000011523 0.00000000099999999993 0.00000000099999999993 0.00000000099999999993 0.00000000099999999993 0.00000000099999999993 
0.00000000099999999995 0.00000000099999999995 0.00164655835767029530 0.97490107800281278205 0.02345235763951684232 0.00000000099999999995 0.00000000099999999995 0.00000000099999999995 0.00000000099999999995 
0.00000000099999999995 0.00000000099999999995 0.00000000099999999995 0.99999087185390866939 0.00000912114609134286 0.00000000099999999995 0.00000000099999999995 0.00000000099999999995 0.00000000099999999995 
0.00000000099999999998 0.00000000099999999998 0.00025273287312757868 0.98692644479866364904 0.01282081632820901256 0.00000000099999999998 0.00000000099999999998 0.00000000099999999998 0.00000000099999999998 
0.18042846155039973799 0.74341950366769593561 0.00000000099999999983 0.00000000099999999983 0.07114791582478462162 0.00000000099999999983 0.00500411395711970047 0.00000000099999999983 0.00000000099999999983 
0.00000000099999999979 0.00000000099999999979 0.06275079947105027811 0.00000000099999999979 0.00000000099999999979 0.00000000099999999979 0.00000000099999999979 0.00000000099999999979 0.93724919352894964231 
0.00000022873186651248 0.74412207706192667889 0.00000000099999999993 0.00000000099999999993 0.25587768820620698795 0.00000000099999999993 0.00000000099999999993 0.00000000099999999993 0.00000000099999999993 
0.16565653810799951806 0.72632041552618986646 0.00000000099999999981 0.00000000099999999981 0.10115583334571665031 0.00000000099999999981 0.00686720802009397474 0.00000000099999999981 0.00000000099999999981 
0.08749340631345230157 0.87233992413594674264 0.00000000099999999987 0.00000000099999999987 0.04016666355060104915 0.00000000099999999987 0.00000000099999999987 0.00000000099999999987 0.00000000099999999987 
0.02419831893398140601 0.78905541050135474812 0.00000000099999999996 0.00000000099999999996 0.18674626456466406066 0.00000000099999999996 0.00000000099999999996 0.00000000099999999996 0.00000000099999999996 
0.00000000099999999976 0.00000000099999999976 0.00000000099999999976 0.99999999200000000421 0.00000000099999999976 0.00000000099999999976 0.00000000099999999976 0.00000000099999999976 0.00000000099999999976 
0.00000000099999999996 0.65726974785342873187 0.00000000099999999996 0.00000000099999999996 0.34273024514657141060 0.00000000099999999996 0.00000000099999999996 0.00000000099999999996 0.00000000099999999996 
0.00000000099999999983 0.00000000099999999983 0.00000000099999999983 0.99999999200000000421 0.00000000099999999983 0.00000000099999999983 0.00000000099999999983 0.00000000099999999983 0.00000000099999999983 
0.99999999200000011523 0.00000000099999999947 0.00000000099999999947 0.00000000099999999947 0.00000000099999999947 0.00000000099999999947 0.00000000099999999947 0.00000000099999999947 0.00000000099999999947 
0.14950150968300268683 0.81580883457469122177 0.00000000099999999986 0.00000000099999999986 0.03468964974230615700 0.00000000099999999986 0.00000000099999999986 0.00000000099999999986 0.00000000099999999986 
0.99999999200000022626 0.00000000099999999943 0.00000000099999999943 0.00000000099999999943 0.00000000099999999943 0.00000000099999999943 0.00000000099999999943 0.00000000099999999943 0.00000000099999999943 
0.00000000099999999977 0.00000000099999999977 0.01786326779868245215 0.98213672520131756194 0.00000000099999999977 0.00000000099999999977 0.00000000099999999977 0.00000000099999999977 0.00000000099999999977 
0.14462933995828422540 0.76728929689959279870 0.00000000099999999983 0.00000000099999999983 0.08808135714212313172 0.00000000099999999983 0.00000000099999999983 0.00000000099999999983 0.00000000099999999983 
0.00000084752505769317 0.82251515296106902930 0.00000000099999999995 0.00000000099999999995 0.17748399351387345035 0.00000000099999999995 0.00000000099999999995 0.00000000099999999995 0.00000000099999999995 
0.09033456247742324696 0.83866935014839294471 0.00000000099999999987 0.00000000099999999987 0.07099608137418406129 0.00000000099999999987 0.00000000099999999987 0.00000000099999999987 0.00000000099999999987 
0.11683845550377446043 0.84872948512293300283 0.00000000099999999989 0.00000000099999999989 0.03443205337329263704 0.00000000099999999989 0.00000000099999999989 0.00000000099999999989 0.00000000099999999989 
0.00000000099999999968 0.00000000099999999968 0.00000000099999999968 0.00000000099999999968 0.00000000099999999968 0.99999999200000011523 0.00000000099999999968 0.00000000099999999968 0.00000000099999999968 
0.11684011054759874115 0.85124826889130200680 0.00000000099999999988 0.00000000099999999988 0.02384721248965061477 0.00000000099999999988 0.00806440307144883767 0.00000000099999999988 0.00000000099999999988 
0.10824194694945329931 0.89175804605054698193 0.00000000099999999988 0.00000000099999999988 0.00000000099999999988 0.00000000099999999988 0.00000000099999999988 0.00000000099999999988 0.00000000099999999988 
0.00000000099999999971 0.00000000099999999971 0.00000000099999999971 0.00000000099999999971 0.00000000099999999971 0.99999999200000011523 0.00000000099999999971 0.00000000099999999971 0.00000000099999999971 
