0.00000000099999999997 0.03169657192688069003 0.00000000099999999997 0.96830342407311942310 0.00000000099999999997 0.00000000099999999997 
0.00000000099999999997 0.09434301408071553430 0.00000000099999999997 0.90565698191928445393 0.00000000099999999997 0.00000000099999999997 
0.00000000099999999994 0.00000000099999999994 0.00000000099999999994 0.00000000099999999994 0.99999999500000003039 0.00000000099999999994 
0.00000000099999999997 0.03325589953671940352 0.00334364072064464741 0.96340045674263596887 0.00000000099999999997 0.00000000099999999997 
0.00000000099999999994 0.00915698624742475667 0.02489995899476645652 0.96594305175780881267 0.00000000099999999994 0.00000000099999999994 
0.00000000099999999996 0.00007698236446278836 0.02609458004388741717 0.97382843459164980526 0.00000000099999999996 0.00000000099999999996 
0.00000000099999999989 0.05721722109480634200 0.00000000099999999989 0.94278277490519357684 0.00000000099999999989 0.00000000099999999989 
0.00000000099999999990 0.14606376583090946442 0.00000000099999999990 0.85393623016909059320 0.00000000099999999990 0.00000000099999999990 
0.00000000099999999988 0.07827643729927794003 0.00000000099999999988 0.92172355870072208983 0.00000000099999999988 0.00000000099999999988 
0.00000000099999999996 0.03170772543506367169 0.00210770473485436980 0.96618456683008202557 0.00000000099999999996 0.00000000099999999996 
0.00000000099999999997 0.00000040576216462311 0.00829020846281293931 0.99170938277502240776 0.00000000099999999997 0.00000000099999999997 
0.00000000099999999996 0.00000000498185001661 0.02935811904550603493 0.97064187297264403753 0.00000000099999999996 0.00000000099999999996 
0.00000000179742120429 0.00000000099999999995 0.00000000099999999995 0.00000000099999999995 0.91432742405508971029 0.08567257114748914881 
0.00000000099999999991 0.05477575526559159275 0.00000000099999999991 0.94522424073440836079 0.00000000099999999991 0.00000000099999999991 
0.00000000099999999988 0.12663476995458528007 0.00000000099999999988 0.87336522604541477754 0.00000000099999999988 0.00000000099999999988 
0.00000000099999999994 0.31671792839849532974 0.00523132060453079372 0.67805074799697373500 0.00000000099999999994 0.00000000099999999994 
0.00000000099999999991 0.04826598242676101436 0.00000000099999999991 0.95173401357323894612 0.00000000099999999991 0.00000000099999999991 
0.00000000099999999991 0.99999999500000003039 0.00000000099999999991 0.00000000099999999991 0.00000000099999999991 0.00000000099999999991 
0.00000000099999999989 0.99999999500000014141 0.00000000099999999989 0.00000000099999999989 0.00000000099999999989 0.00000000099999999989 
0.00008188651453618202 0.00000034446008525889 0.02169793917519581561 0.97821982479618196926 0.00000000099999999999 0.00000000405400081851 
0.00000000099999999972 0.99999999500000003039 0.00000000099999999972 0.00000000099999999972 0.00000000099999999972 0.00000000099999999972 
0.00000000099999999989 0.10023516724868344885 0.00000000099999999989 0.89976482875131658101 0.00000000099999999989 0.00000000099999999989 
0.00000000099999999993 0.07942055370610656695 0.02737499694086328525 0.89320444635303009040 0.00000000099999999993 0.00000000099999999993 
0.00000000099999999982 0.20081710781354195072 0.00000000099999999982 0.79918288818645799587 0.00000000099999999982 0.00000000099999999982 
0.98313792858704640576 0.00604779671392899863 0.00000000099999999998 0.00000000099999999998 0.00858137182120529730 0.00223290087781929459 
0.00011397141315826011 0.00022457154373013938 0.00361031251187547047 0.98613173931375153192 0.00000000099999999999 0.00991940421748468450 
0.00028404608657139478 0.17035340487465591708 0.00079664957936324702 0.79869809887593978814 0.02986135482139922956 0.00000644576207050748 
0.00000023668435040261 0.18625086707371205086 0.00000000099999999998 0.79044674768935963005 0.00000000099999999998 0.02330214655257787162 
0.00000000099999999993 0.13325511517284518992 0.09983634295346768828 0.76690853887368704012 0.00000000099999999993 0.00000000099999999993 
0.00000000099999999990 0.09768044666134494125 0.00000000099999999990 0.90231954933865499147 0.00000000099999999990 0.00000000099999999990 
0.00000000099999999998 0.02078779614438795720 0.01832723421273482756 0.96088496664287714744 0.00000000099999999998 0.00000000099999999998 
0.00000000099999999961 0.99999999500000003039 0.00000000099999999961 0.00000000099999999961 0.00000000099999999961 0.00000000099999999961 
0.00000000099999999993 0.05971210924273512299 0.00000000099999999993 0.94028788675726493462 0.00000000099999999993 0.00000000099999999993 
0.00024515386649402596 0.11831335848439852865 0.00046302385096957146 0.81316354075755259423 0.06771006556064929072 0.00010485747993593243 
0.00000000099999999998 0.15760987340461918293 0.00077909645500599735 0.80988527555251321743 0.03172575258786165808 0.00000000099999999998 
0.09642006099810684905 0.04544872553847015273 0.00422349078339253562 0.85378488466956992120 0.00000000099999999999 0.00012283701046041212 
0.99999519681808746174 0.00000000099999999991 0.00000000099999999991 0.00000000099999999991 0.00000000099999999991 0.00000479918191276288 
0.00000000099999999997 0.10330529365965390731 0.00000000099999999997 0.87487864373294532694 0.02181605960740086447 0.00000000099999999997 
0.00000000099999999994 0.04166676893198542619 0.03166413936955916192 0.92666908869845532326 0.00000000099999999994 0.00000000099999999994 
0.00000000099999999995 0.01891133237715783566 0.01464235145365976043 0.96644631316918250263 0.00000000099999999995 0.00000000099999999995 
0.99996632339703361847 0.00000000099999999997 0.00000000099999999997 0.00000000099999999997 0.00000000099999999997 0.00003367260296649134 
0.95667749300929694201 0.00000000099999999995 0.04332250299070321276 0.00000000099999999995 0.00000000099999999995 0.00000000099999999995 
0.94372252005851975376 0.00000000099999999997 0.05627747594148028304 0.00000000099999999997 0.00000000099999999997 0.00000000099999999997 
0.51642687976421941531 0.00000000099999999999 0.01543640775077911344 0.00000000099999999999 0.00000000099999999999 0.46813670948500146762 
0.76618948471398728994 0.00000000100000000000 0.04019118577083550387 0.00031095979039363826 0.00330282347135948213 0.19000554525342416845 
0.39745609780341223383 0.00000000099999999997 0.00002515748888938056 0.00000000099999999997 0.00000000099999999997 0.60251874170769836869 
0.44835399647875007201 0.00000000099999999995 0.01257453913071613673 0.00000000099999999995 0.00000000099999999995 0.53907146139053374601 
0.72472022389877954751 0.00315059681363906007 0.03834096533575195864 0.00000000099999999999 0.00000000099999999999 0.23378821195182952764 
0.41579272654599103154 0.00000000099999999994 0.00444696646344028973 0.00000000099999999994 0.00000000099999999994 0.57976030399056854847 
0.44908857187694023461 0.00000000099999999997 0.01189075853603207590 0.00000000099999999997 0.00000000099999999997 0.53902066658702751933 
0.71001534640254893027 0.00069140804839975341 0.03707116151305858698 0.01880997957391552372 0.00000000099999999999 0.23341210346207719173 
0.39203114455583570885 0.00000000099999999999 0.00947233974890753991 0.00000000099999999999 0.00000000170600565712 0.59849651198925113427 
0.00000000099999999997 0.97576641182420187359 0.02423358417579822219 0.00000000099999999997 0.00000000099999999997 0.00000000099999999997 
0.48183726406838162104 0.00000000099999999998 0.04197429982807446974 0.00000000099999999998 0.00000000099999999998 0.47618843310354402876 
0.44816833127550226301 0.00000000099999999996 0.04260956960195887155 0.00000000099999999996 0.00000000103517213404 0.50922209608736668240 
0.46788813983929172791 0.00000000099999999998 0.03539989666647448685 0.00000000099999999998 0.00000000099999999998 0.49671196049423377294 
0.43966141140757869499 0.00000000099999999997 0.03543563700055870486 0.00000000099999999997 0.00000000099999999997 0.52490294859186259480 
0.47581735484530007785 0.00000000099999999999 0.03798823239192360146 0.00000000099999999999 0.00000000099999999999 0.48619440976277622513 
0.44560225125349667286 0.00000000099999999997 0.03173745430350438657 0.00000000099999999997 0.00541229301952383252 0.51724799942347499115 
0.00313785415745910113 0.00000649205722330900 0.01830598970004532894 0.95174109993972744181 0.02680856314554494468 0.00000000100000000000 
0.00000000099999999995 0.00418341165545225036 0.01710411228235293041 0.97871247306219477657 0.00000000099999999995 0.00000000099999999995 
0.00000000099999999997 0.70674356994702192125 0.00000000099999999997 0.29325642605297808085 0.00000000099999999997 0.00000000099999999997 
0.00000000099999999992 0.99999999500000003039 0.00000000099999999992 0.00000000099999999992 0.00000000099999999992 0.00000000099999999992 
0.00000000099999999985 0.29893836891380470844 0.00000000099999999985 0.70106162708619534918 0.00000000099999999985 0.00000000099999999985 
0.00000000099999999961 0.99999999500000003039 0.00000000099999999961 0.00000000099999999961 0.00000000099999999961 0.00000000099999999961 
0.00000000099999999992 0.07594457429909498569 0.00000000099999999992 0.92405542170090493315 0.00000000099999999992 0.00000000099999999992 
0.00000000099999999990 0.03762635346771970452 0.00000000099999999990 0.96237364253228030453 0.00000000099999999990 0.00000000099999999990 
0.00000000099999999994 0.08474544153547015901 0.04499114633942173647 0.87026340912510824488 0.00000000099999999994 0.00000000099999999994 
0.00000000099999999987 0.99999999500000003039 0.00000000099999999987 0.00000000099999999987 0.00000000099999999987 0.00000000099999999987 
0.01410797439569983457 0.06489391732683706671 0.02689774336706701394 0.89410036291039618472 0.00000000099999999998 0.00000000099999999998 
0.00000000099999999984 0.07529051613922017883 0.00000000099999999984 0.92470947986077978165 0.00000000099999999984 0.00000000099999999984 
0.99999998874352924449 0.00000000099999999988 0.00000000099999999988 0.00000000099999999988 0.00000000099999999988 0.00000000725647081366 
0.00000000099999999991 0.07576241099662783807 0.00000000099999999991 0.92423758500337227506 0.00000000099999999991 0.00000000099999999991 
0.00000000099999999998 0.00000040777817724302 0.01497436207276575670 0.98502522714905693668 0.00000000099999999998 0.00000000099999999998 
0.00000000099999999962 0.99999999500000014141 0.00000000099999999962 0.00000000099999999962 0.00000000099999999962 0.00000000099999999962 
0.00000000099999999990 0.07163140219719081603 0.00000000099999999990 0.92836859380280922771 0.00000000099999999990 0.00000000099999999990 
0.00000000099999999987 0.04860700096941845960 0.00000000099999999987 0.95139299503058161189 0.00000000099999999987 0.00000000099999999987 
0.00000000099999999995 0.06807429470093273594 0.00000000099999999995 0.93192570129906726617 0.00000000099999999995 0.00000000099999999995 
0.00000000099999999991 0.06859314528916674036 0.01510289620086230356 0.91630395550997090215 0.00000000099999999991 0.00000000099999999991 
0.97009478102639512542 0.00000000099999999997 0.00000000099999999997 0.00000000099999999997 0.00000000099999999997 0.02990521497360488709 
0.00000000099999999972 0.99999999500000014141 0.00000000099999999972 0.00000000099999999972 0.00000000099999999972 0.00000000099999999972 
0.00000000099999999976 0.99999999500000003039 0.00000000099999999976 0.00000000099999999976 0.00000000099999999976 0.00000000099999999976 
0.00000000099999999996 0.00760449474222384906 0.00000000653410488356 0.99239549572367136143 0.00000000099999999996 0.00000000099999999996 
0.05569944085711459048 0.00000000099999999992 0.00000000099999999992 0.00000000099999999992 0.37262944997051739016 0.57167110617236793768 
0.24534939849181711113 0.00000000099999999995 0.00000000099999999995 0.00000000099999999995 0.00000000099999999995 0.75465059750818286322 
0.05512335562742788631 0.00000000099999999988 0.00000000099999999988 0.00000000099999999988 0.00000000099999999988 0.94487664037257201866 
0.00000000099999999965 0.00000000099999999965 0.00000000099999999965 0.00000000099999999965 0.99999999500000003039 0.00000000099999999965 
0.00000000099999999960 0.00000000099999999960 0.00000000099999999960 0.00000000099999999960 0.99999999499999991937 0.00000000099999999960 
0.00000000099999999986 0.14756855979488153752 0.00000000099999999986 0.85243143620511852010 0.00000000099999999986 0.00000000099999999986 
0.25376355082381452100 0.00000000099999999997 0.00027902867643349565 0.00000000099999999997 0.00000000099999999997 0.74595741749975197354 
0.31312351957917172740 0.00000000099999999998 0.00715057905409136399 0.00000000099999999998 0.03678730194196793563 0.64293859742476877628 
0.24496288039302949180 0.00000000099999999996 0.00633120971594277031 0.00000000099999999996 0.00000000099999999996 0.74870590689102756166 
0.21931717093435543209 0.00000000099999999992 0.00000000099999999992 0.00000000099999999992 0.00000000099999999992 0.78068282506564468104 
0.05292572564076272051 0.00000000099999999989 0.00000000099999999989 0.00000000099999999989 0.00000000099999999989 0.94707427035923730241 
0.00000000099999999958 0.00000000099999999958 0.00000000099999999958 0.00000000099999999958 0.99999999499999991937 0.00000000099999999958 
0.00000000099999999968 0.00000000099999999968 0.00000000099999999968 0.00000000099999999968 0.99999999499999991937 0.00000000099999999968 
0.25037732913716076455 0.00000000099999999996 0.00000000099999999996 0.00000000099999999996 0.00000000099999999996 0.74962266686283918204 
0.04059379911714345451 0.00000000099999999987 0.00000000099999999987 0.00000000099999999987 0.00000000099999999987 0.95940619688285644351 
0.29225813588885068972 0.00000000099999999996 0.00000000099999999996 0.00000000099999999996 0.00000000776288681472 0.70774185334826233973 
0.29610315058006475564 0.00000171554396689978 0.00000000099999999999 0.00000000099999999999 0.03646190595121875239 0.66743322592474951804 
0.32820537067934324460 0.00000000099999999999 0.00615710323751842304 0.00000000099999999999 0.03192885962588207921 0.63370866445725615446 
0.03921294999500785777 0.00000000099999999995 0.00000000099999999995 0.00000000099999999995 0.37271634230814948419 0.58807070469684263880 
0.32486951366535543606 0.00000000099999999997 0.00202437855502304994 0.00000000099999999997 0.04204283835347453341 0.63106326742614704539 
0.31638679224805282830 0.00000000099999999999 0.00000000099999999999 0.00000000099999999999 0.04267376795996930677 0.64093943679197784569 
0.25426686087467614827 0.00000000099999999996 0.00000000099999999996 0.00000000099999999996 0.00000000099999999996 0.74573313512532368730 
0.99999999500000014141 0.00000000099999999989 0.00000000099999999989 0.00000000099999999989 0.00000000099999999989 0.00000000099999999989 
0.13804321206808059519 0.00000000099999999996 0.00000000099999999996 0.00000000099999999996 0.38567125743102798063 0.47628552750089142576 
0.72079863688493350793 0.00000000100000000000 0.04599817137116381238 0.01436909592571333424 0.00048837052240632828 0.21834572429578291697 
0.99999999478348222670 0.00000000099999999991 0.00000000099999999991 0.00000000099999999991 0.00000000099999999991 0.00000000121651785912 
0.02909804770826266915 0.00000000099999999995 0.00000000099999999995 0.00000000099999999995 0.57285864154376164858 0.39804330774797563874 
0.12949635774460341309 0.00000000099999999995 0.00000000099999999995 0.00000000099999999995 0.33900468684323431523 0.53149895241216216224 
0.14063707951912940430 0.00000000099999999997 0.00000000099999999997 0.00000000099999999997 0.33769079843038252164 0.52167211905048793685 
0.99706777048640815586 0.00000000099999999997 0.00215551236316406832 0.00000000099999999997 0.00000000099999999997 0.00077671415042794741 
0.45660683921059941337 0.00000000099999999997 0.00873161488318568643 0.00000000099999999997 0.00000000099999999997 0.53466154290621492606 
0.94789103160700527440 0.00000000099999999994 0.00000000099999999994 0.00000000099999999994 0.00000000099999999994 0.05210896439299484567 
0.00000000099999999976 0.00000000099999999976 0.00000000099999999976 0.00000000099999999976 0.99999999499999991937 0.00000000099999999976 
0.00314001804370104848 0.00000000099999999995 0.00000000099999999995 0.00000000099999999995 0.62633453477693656897 0.37052544417936250642 
0.73557705003745532668 0.00000000100000000000 0.03959180361149121363 0.00558797246846703434 0.01681267280351941493 0.20243050007906701615 
0.12816825482205965181 0.00000000099999999998 0.00000000099999999998 0.00000000099999999998 0.40813904663343986146 0.46369269554450043280 
0.10455326677645322697 0.00000000099999999995 0.00000000099999999995 0.00000000099999999995 0.40486145394283679089 0.49058527628071002535 
0.06288877603348819179 0.00000000099999999994 0.00000000099999999994 0.00000000099999999994 0.00000000099999999994 0.93711121996651181032 
0.00000000099999999986 0.00000000099999999986 0.00000000099999999986 0.00000000099999999986 0.99999999500000003039 0.00000000099999999986 
0.00000000099999999974 0.00000000099999999974 0.00000000099999999974 0.00000000099999999974 0.99999999500000003039 0.00000000099999999974 
0.00000000099999999979 0.00000000099999999979 0.00000000099999999979 0.00000000099999999979 0.99999999500000003039 0.00000000099999999979 
0.10036821610537365046 0.00000000099999999995 0.00000000099999999995 0.00000000099999999995 0.45719212829517941188 0.44243965259944684210 
0.14829845240540648343 0.00000000099999999997 0.00000000099999999997 0.00000000099999999997 0.42962971181274911547 0.42207183278184440267 
0.22913093239627721487 0.00000000099999999996 0.00000000099999999996 0.00000000099999999996 0.00000001723845254828 0.77086904736527028792 
0.12401680999992194254 0.00000000099999999995 0.00000000099999999995 0.00000000099999999995 0.38099424790135349994 0.49498893909872443420 
0.15577115309739203441 0.00000000099999999996 0.00000000099999999996 0.00000000099999999996 0.35986026465963022458 0.48436857924297771483 
0.99999999483550650048 0.00000000099999999994 0.00000000099999999994 0.00000000099999999994 0.00000000099999999994 0.00000000116449363225 
0.08603021377356566413 0.00000000099999999990 0.00000000099999999990 0.00000000099999999990 0.00000000099999999990 0.91396978222643443512 
0.43884704600539964359 0.00000000099999999998 0.00800483166046948511 0.00000000099999999998 0.00000000099999999998 0.55314811933413077227 
0.99999999500000003039 0.00000000099999999992 0.00000000099999999992 0.00000000099999999992 0.00000000099999999992 0.00000000099999999992 
0.00000000099999999978 0.00000000099999999978 0.00000000099999999978 0.00000000099999999978 0.99999999500000003039 0.00000000099999999978 
0.05365389808100794883 0.00000000099999999994 0.00000000099999999994 0.00000000099999999994 0.40791356018973312647 0.53843253872925889159 
0.19279337185226627649 0.00000000099999999998 0.00000006852704587945 0.00000000099999999998 0.28014545805936286182 0.52706109956132485284 
0.45207795499967057262 0.00000000099999999997 0.00563013013756068822 0.00000000099999999997 0.00000000099999999997 0.54229191186276870518 
0.51688711637720552439 0.00000000099999999998 0.01562782601503267740 0.00000000099999999998 0.00000000099999999998 0.46748505460776190734 
0.00000000099999999985 0.00000000099999999985 0.00000000099999999985 0.00000000099999999985 0.99999999500000003039 0.00000000099999999985 
0.05450389023011702888 0.00000000099999999994 0.00000000099999999994 0.00000000099999999994 0.54125101589027324600 0.40424509087960980303 
0.13176055483055670869 0.03293203602808870284 0.37797949903582434006 0.45526762613136656510 0.00205978931329682275 0.00000049466086677722 
0.00000000099999999968 0.00000000099999999968 0.99999999500000003039 0.00000000099999999968 0.00000000099999999968 0.00000000099999999968 
0.00000000099999999976 0.00000000099999999976 0.99999999499999991937 0.00000000099999999976 0.00000000099999999976 0.00000000099999999976 
0.13265167778182540559 0.02643150783717783739 0.36837848621390661963 0.47064166231693316256 0.00189595017771942835 0.00000071567243760439 
0.00000000099999999970 0.00000000099999999970 0.99999999500000003039 0.00000000099999999970 0.00000000099999999970 0.00000000099999999970 
0.00000000099999999966 0.00000000099999999966 0.99999999499999991937 0.00000000099999999966 0.00000000099999999966 0.00000000099999999966 
0.00000000099999999962 0.00000000099999999962 0.99999999500000003039 0.00000000099999999962 0.00000000099999999962 0.00000000099999999962 
0.14641935964406824211 0.00721199447812384976 0.37106606450539392217 0.47526423837668996253 0.00000021824992867458 0.00003812474579526184 
0.00000000099999999971 0.00000000099999999971 0.99999999500000003039 0.00000000099999999971 0.00000000099999999971 0.00000000099999999971 
0.12040617625517056888 0.00989066171404385033 0.36232089338855827387 0.50738226664222740858 0.00000000099999999999 0.00000000099999999999 
0.00000000099999999962 0.00000000099999999962 0.99999999499999991937 0.00000000099999999962 0.00000000099999999962 0.00000000099999999962 
0.00000000099999999999 0.72140357607014859997 0.00897610955572412765 0.26962031137412745263 0.00000000099999999999 0.00000000099999999999 
0.00000000099999999996 0.07835478501124794326 0.00000000099999999996 0.92164521098875207272 0.00000000099999999996 0.00000000099999999996 
0.00000000099999999993 0.99999999500000003039 0.00000000099999999993 0.00000000099999999993 0.00000000099999999993 0.00000000099999999993 
0.05909008293403446993 0.00000000099999999994 0.00000000099999999994 0.00000000099999999994 0.41441924851251998874 0.52649066555344548046 
0.00000000099999999989 0.06950395843062505408 0.00000000099999999989 0.93049603756937504517 0.00000000099999999989 0.00000000099999999989 
0.00000000099999999997 0.00186172506604557727 0.02687554738832876808 0.97126272454562567749 0.00000000099999999997 0.00000000099999999997 
0.02279867928597935703 0.00000000099999999994 0.00000000099999999994 0.00000000099999999994 0.43070998072520877420 0.54649133698881180443 
0.00000000099999999997 0.00000000957404418290 0.01605486343140425515 0.98394512399455147378 0.00000000099999999997 0.00000000099999999997 
0.50907591803887297655 0.00005148347497832252 0.00750722088601257168 0.00000000099999999997 0.00000000099999999997 0.48336537560013603798 
0.07887820640499484948 0.00000000099999999995 0.00000000099999999995 0.00000000099999999995 0.39010992265791943900 0.53101186793708554656 
0.48035038620481274041 0.00000000099999999997 0.00913589388507159844 0.00000000099999999997 0.00000000099999999997 0.51051371691011560028 
0.03683598734800358487 0.00000000099999999993 0.00000000099999999993 0.00000000099999999993 0.39435564621692081877 0.56880836343507568120 
0.52864733446334244427 0.00000000099999999999 0.01839372095789865158 0.00000452686116439119 0.00001746579974194908 0.45293695091785263207 
0.00000000099999999995 0.00000174757432352949 0.01244345079391406469 0.98755479863176243160 0.00000000099999999995 0.00000000099999999995 
0.00000000099999999989 0.16269032407932312867 0.00000000099999999989 0.83730967192067684568 0.00000000099999999989 0.00000000099999999989 
0.43826680024065439722 0.00000000099999999997 0.00433927152600805614 0.00000000099999999997 0.01179732506754996996 0.54559660116578767575 
0.50821082427846930862 0.00000000099999999997 0.01029199056138694300 0.00000000099999999997 0.00000000099999999997 0.48149718216014369965 
0.05810952553513276664 0.00000000099999999992 0.00000000099999999992 0.00000000099999999992 0.33939259449513897726 0.60249787696972834095 
0.00000000099999999968 0.00000000099999999968 0.99999999499999991937 0.00000000099999999968 0.00000000099999999968 0.00000000099999999968 
0.94558389089727734600 0.00000000099999999995 0.05441610510272260753 0.00000000099999999995 0.00000000099999999995 0.00000000099999999995 
0.00000000099999999965 0.00000000099999999965 0.99999999500000003039 0.00000000099999999965 0.00000000099999999965 0.00000000099999999965 
0.00000000099999999968 0.00000000099999999968 0.99999999499999991937 0.00000000099999999968 0.00000000099999999968 0.00000000099999999968 
0.94468115665238461265 0.00000000099999999999 0.05531883521231959616 0.00000000099999999999 0.00000000099999999999 0.00000000513529589626 
0.00000000099999999984 0.00000000099999999984 0.99999999500000003039 0.00000000099999999984 0.00000000099999999984 0.00000000099999999984 
0.94967806297546131233 0.00000000099999999996 0.05032193302453874528 0.00000000099999999996 0.00000000099999999996 0.00000000099999999996 
0.00000000099999999985 0.00000000099999999985 0.99999999500000003039 0.00000000099999999985 0.00000000099999999985 0.00000000099999999985 
0.94824450940501803231 0.00000025671424586745 0.05119408792509008710 0.00000095941295277915 0.00000507490905984960 0.00055511163363342487 
0.00000000099999999986 0.16640522353135578371 0.00000000099999999986 0.83359477246864421840 0.00000000099999999986 0.00000000099999999986 
0.00000000099999999992 0.00000000099999999992 0.00000000099999999992 0.00000000099999999992 0.04418469020186221313 0.95581530579813789306 
0.00000000099999999995 0.00000002059945135167 0.02916446088686545576 0.97083551551368307830 0.00000000099999999995 0.00000000099999999995 
0.00000000099999999984 0.14837228289879242360 0.00000000099999999984 0.85162771310120755075 0.00000000099999999984 0.00000000099999999984 
0.00000000099999999992 0.08063630294686273403 0.00000000099999999992 0.91936369305313736522 0.00000000099999999992 0.00000000099999999992 
0.00000000099999999997 0.00080265973335703444 0.01989154452216218213 0.97930579274448081861 0.00000000099999999997 0.00000000099999999997 
0.99999999500000014141 0.00000000099999999988 0.00000000099999999988 0.00000000099999999988 0.00000000099999999988 0.00000000099999999988 
0.00000000971857787025 0.00000590463025603938 0.04549580893317386326 0.95449827471799231215 0.00000000099999999998 0.00000000099999999998 
0.99999999500000003039 0.00000000099999999991 0.00000000099999999991 0.00000000099999999991 0.00000000099999999991 0.00000000099999999991 
0.00000000099999999968 0.99999999500000003039 0.00000000099999999968 0.00000000099999999968 0.00000000099999999968 0.00000000099999999968 
0.00000000099999999988 0.14643563434915202182 0.00000000099999999988 0.85356436165084792478 0.00000000099999999988 0.00000000099999999988 
0.00000000099999999965 0.99999999500000003039 0.00000000099999999965 0.00000000099999999965 0.00000000099999999965 0.00000000099999999965 
0.99141704756307480473 0.00000000099999999987 0.00000000099999999987 0.00000000099999999987 0.00000000099999999987 0.00858294843692516962 
0.00000000099999999986 0.12074446098919185133 0.00000000099999999986 0.87925553501080810914 0.00000000099999999986 0.00000000099999999986 
0.00000000099999999996 0.00000861880850169300 0.01751761823490226300 0.98247375995659613768 0.00000000099999999996 0.00000000099999999996 
0.00000000099999999989 0.06704844537235886415 0.00000000099999999989 0.93295155062764123510 0.00000000099999999989 0.00000000099999999989 
0.00000000099999999991 0.08103142715483246938 0.00000000099999999991 0.91896856884516764374 0.00000000099999999991 0.00000000099999999991 
0.00000000099999999990 0.11093295197602222324 0.00000000099999999990 0.88906704402397784825 0.00000000099999999990 0.00000000099999999990 
0.00000000099999999991 0.08565506598412749029 0.00000000099999999991 0.91434493001587258121 0.00000000099999999991 0.00000000099999999991 
0.00000000099999999994 0.12164594241969681199 0.00000000099999999994 0.87835405358030327339 0.00000000099999999994 0.00000000099999999994 
0.99999999500000003039 0.00000000099999999987 0.00000000099999999987 0.00000000099999999987 0.00000000099999999987 0.00000000099999999987 
0.99999999500000014141 0.00000000099999999994 0.00000000099999999994 0.00000000099999999994 0.00000000099999999994 0.00000000099999999994 
0.99999996983546779461 0.00000000099999999990 0.00000000099999999990 0.00000000099999999990 0.00000000099999999990 0.00000002616453237457 
0.99999999500000014141 0.00000000099999999989 0.00000000099999999989 0.00000000099999999989 0.00000000099999999989 0.00000000099999999989 
0.99997070513295682748 0.00000000099999999992 0.00000000099999999992 0.00000000099999999992 0.00000000099999999992 0.00002929086704331409 
0.99999999500000014141 0.00000000099999999991 0.00000000099999999991 0.00000000099999999991 0.00000000099999999991 0.00000000099999999991 
0.99999999500000003039 0.00000000099999999990 0.00000000099999999990 0.00000000099999999990 0.00000000099999999990 0.00000000099999999990 
0.99999999500000003039 0.00000000099999999987 0.00000000099999999987 0.00000000099999999987 0.00000000099999999987 0.00000000099999999987 
0.00000000099999999986 0.06836369733646825708 0.00000000099999999986 0.93163629866353170339 0.00000000099999999986 0.00000000099999999986 
0.00000000099999999985 0.99999999500000014141 0.00000000099999999985 0.00000000099999999985 0.00000000099999999985 0.00000000099999999985 
0.00000000099999999996 0.04129722291831992853 0.00000000099999999996 0.95870277308168005970 0.00000000099999999996 0.00000000099999999996 
0.09520331990929047083 0.00000000099999999994 0.00000000099999999994 0.00000000099999999994 0.00000000099999999994 0.90479667609070946188 
0.00000000099999999990 0.00000000099999999990 0.00000000099999999990 0.00000000099999999990 0.04149489039597947793 0.95850510560402046867 
0.00000000099999999994 0.00021261130720228114 0.01546333149283343582 0.98432405419996427121 0.00000000099999999994 0.00000000099999999994 
0.07203724053583332454 0.00000000099999999994 0.00000000099999999994 0.00000000099999999994 0.00000000099999999994 0.92796275546416673308 
0.01879366852705310550 0.00000000100000000000 0.04570101292800154980 0.93204272573610413843 0.00000006879576687896 0.00346252301307435877 
0.12801231611945426692 0.00000000099999999990 0.00000000099999999990 0.00000000099999999990 0.00000000099999999990 0.87198767988054570743 
0.99999999500000003039 0.00000000099999999990 0.00000000099999999990 0.00000000099999999990 0.00000000099999999990 0.00000000099999999990 
0.05626176610426480984 0.00000000099999999991 0.00000000099999999991 0.00000000099999999991 0.00000000099999999991 0.94373822989573519227 
0.08318919014602095541 0.00000000099999999993 0.00000000099999999993 0.00000000099999999993 0.00000000099999999993 0.91681080585397900506 
0.04162736320424910430 0.00000000099999999990 0.00000000099999999990 0.00000000099999999990 0.00000000099999999990 0.95837263279575080066 
0.00000000099999999994 0.00000000099999999994 0.00000000099999999994 0.00000000099999999994 0.05600102823627896298 0.94399896776372105300 
0.07029227233507523431 0.00000000099999999989 0.00000000099999999989 0.00000000099999999989 0.00000000099999999989 0.92970772366492482330 
0.08757264821960650258 0.00000000099999999993 0.00000000099999999993 0.00000000099999999993 0.00000000099999999993 0.91242734778039358279 
0.99999997279949937035 0.00000000099999999987 0.00000000099999999987 0.00000000099999999987 0.00000000099999999987 0.00000002320050081522 
0.00000000099999999996 0.00000100401784076479 0.01712126683182950762 0.98287772615032964474 0.00000000099999999996 0.00000000099999999996 
0.00000000099999999997 0.01351025924727757010 0.01898864221848754058 0.96750109553423491171 0.00000000099999999997 0.00000000099999999997 
0.00000000099999999984 0.99999999500000014141 0.00000000099999999984 0.00000000099999999984 0.00000000099999999984 0.00000000099999999984 
0.00000000099999999992 0.00000000099999999992 0.00000000099999999992 0.00000000099999999992 0.03984804010364859789 0.96015195589635149442 
0.04444095871415768700 0.00000000099999999988 0.00000000099999999988 0.00000000099999999988 0.00000000099999999988 0.95555903728584223877 
0.99999990426420481970 0.00000000099999999989 0.00000000099999999989 0.00000000099999999989 0.00000000099999999989 0.00000009173579523316 
0.00000011203413439975 0.00000000099999999995 0.00000000099999999995 0.00000000099999999995 0.04176439719846434390 0.95823548776740119504 
0.07007717369834974563 0.00000000099999999991 0.00000000099999999991 0.00000000099999999991 0.00000000099999999991 0.92992282230165024259 
0.00000000099999999991 0.00000000099999999991 0.00000000099999999991 0.00000000099999999991 0.04224934064206679191 0.95775065535793335592 
0.00000000099999999995 0.00000000099999999995 0.00000000099999999995 0.00000000099999999995 0.05044966436530286952 0.94955033163469715340 
0.00000000099999999993 0.00000000099999999993 0.00000000099999999993 0.00000000099999999993 0.04603999430910095392 0.95396000169089911758 
0.00000000099999999994 0.01643387592382037840 0.01262234356478333409 0.97094377751139637756 0.00000000099999999994 0.00000000099999999994 
0.31451813284935792314 0.00000000099999999999 0.01183953772590658725 0.00163295981810710616 0.00294558967464308681 0.66906377893198520912 
0.99999541568944882997 0.00000000099999999992 0.00000000099999999992 0.00000000099999999992 0.00000000099999999992 0.00000458031055133686 
0.00000000099999999996 0.00000000099999999996 0.00000000099999999996 0.00000000099999999996 0.03771434644795609858 0.96228564955204387577 
0.05212992012770214373 0.00000000099999999992 0.00000000099999999992 0.00000000099999999992 0.00000000099999999992 0.94787007587229787919 
0.00000000099999999998 0.00595809223473290402 0.00000000361258915690 0.99404190115267798689 0.00000000099999999998 0.00000000099999999998 
0.99971629755097146663 0.00000000099999999993 0.00000000099999999993 0.00000000099999999993 0.00000000099999999993 0.00028369844902862747 
0.43767871636738503449 0.00000000099999999995 0.01568808437760300586 0.00000000099999999995 0.00000000099999999995 0.54663319625501183285 
0.42936214932715371928 0.00000000099999999997 0.00221363138272683349 0.00000000099999999997 0.00000000099999999997 0.56842421629011941064 
0.40353667383247260325 0.00000000099999999998 0.00995698212625284289 0.00000000099999999998 0.00737248127444928378 0.57913386076682527026 
0.46211600452603829314 0.00000000099999999996 0.00821116707481615513 0.00000000099999999996 0.00000000099999999996 0.52967282539914550821 
0.44510847329113351067 0.00000000099999999995 0.00414542855219768649 0.00000000099999999995 0.00000000099999999995 0.55074609515666872461 
0.45075947101272473283 0.00000000099999999996 0.00243843590637240560 0.00000000099999999996 0.00115835868146507660 0.54564373239943764204 
0.45515354062941260072 0.00000000099999999997 0.00567283024098766409 0.00000000099999999997 0.00337706303136883724 0.53579656409823073204 
0.40500863820194427101 0.00000000099999999995 0.01440173953512562631 0.00000000099999999995 0.00000000099999999995 0.58058961926292995681 
0.48412232141340755254 0.00000000099999999998 0.00399474652937582917 0.00000000099999999998 0.00271611779747071630 0.50916681225974580460 
0.41821391278179320672 0.00000000099999999995 0.00906533213996523271 0.00000000099999999995 0.00000000099999999995 0.57272075207824135745 
0.00000000099999999987 0.16723928360394613168 0.00000000099999999987 0.83276071239605387042 0.00000000099999999987 0.00000000099999999987 
0.00000000099999999994 0.09426194549983772653 0.00000000099999999994 0.90573805050016242824 0.00000000099999999994 0.00000000099999999994 
0.00000000099999999989 0.08931018856102015957 0.00000000099999999989 0.91068980743897975927 0.00000000099999999989 0.00000000099999999989 
0.00000000099999999986 0.18600977112255479007 0.00000000099999999986 0.81399022487744532306 0.00000000099999999986 0.00000000099999999986 
0.00000000099999999993 0.11645662695677300169 0.00000000099999999993 0.88354336904322705593 0.00000000099999999993 0.00000000099999999993 
0.00000000099999999987 0.22766163145190748684 0.00000000099999999987 0.77233836454809257077 0.00000000099999999987 0.00000000099999999987 
0.00000000099999999985 0.23378216181929953321 0.00000000099999999985 0.76621783418070044114 0.00000000099999999985 0.00000000099999999985 
0.00000000099999999990 0.11421566601750404724 0.00000000099999999990 0.88578432998249589936 0.00000000099999999990 0.00000000099999999990 
0.00000000099999999993 0.08321091546872876055 0.00000000099999999993 0.91678908053127128319 0.00000000099999999993 0.00000000099999999993 
0.00000000099999999985 0.16735199956105151209 0.00000000099999999985 0.83264799643894837899 0.00000000099999999985 0.00000000099999999985 
0.00000000099999999980 0.00000000099999999980 0.99999999499999991937 0.00000000099999999980 0.00000000099999999980 0.00000000099999999980 
0.00000000099999999973 0.00000000099999999973 0.99999999499999991937 0.00000000099999999973 0.00000000099999999973 0.00000000099999999973 
0.00000000099999999979 0.00000000099999999979 0.99999999499999991937 0.00000000099999999979 0.00000000099999999979 0.00000000099999999979 
0.00000000099999999975 0.00000000099999999975 0.99999999500000003039 0.00000000099999999975 0.00000000099999999975 0.00000000099999999975 
0.00000000099999999978 0.00000000099999999978 0.99999999499999991937 0.00000000099999999978 0.00000000099999999978 0.00000000099999999978 
0.00000000099999999985 0.00000000099999999985 0.99999999500000003039 0.00000000099999999985 0.00000000099999999985 0.00000000099999999985 
0.00000000099999999982 0.00000000099999999982 0.99999999500000003039 0.00000000099999999982 0.00000000099999999982 0.00000000099999999982 
0.00000000099999999968 0.00000000099999999968 0.99999999499999991937 0.00000000099999999968 0.00000000099999999968 0.00000000099999999968 
0.00000000099999999968 0.00000000099999999968 0.99999999499999991937 0.00000000099999999968 0.00000000099999999968 0.00000000099999999968 
0.00000000099999999973 0.00000000099999999973 0.99999999499999991937 0.00000000099999999973 0.00000000099999999973 0.00000000099999999973 
0.00000000099999999976 0.00000000099999999976 0.99999999499999991937 0.00000000099999999976 0.00000000099999999976 0.00000000099999999976 
0.00000000099999999962 0.00000000099999999962 0.99999999500000003039 0.00000000099999999962 0.00000000099999999962 0.00000000099999999962 
0.00000000099999999976 0.00000000099999999976 0.99999999499999991937 0.00000000099999999976 0.00000000099999999976 0.00000000099999999976 
0.00000000099999999966 0.00000000099999999966 0.99999999500000003039 0.00000000099999999966 0.00000000099999999966 0.00000000099999999966 
0.00000000099999999964 0.00000000099999999964 0.99999999499999991937 0.00000000099999999964 0.00000000099999999964 0.00000000099999999964 
0.00000000099999999987 0.00000000099999999987 0.99999999499999991937 0.00000000099999999987 0.00000000099999999987 0.00000000099999999987 
0.00000000099999999976 0.00000000099999999976 0.99999999499999991937 0.00000000099999999976 0.00000000099999999976 0.00000000099999999976 
0.00000000099999999966 0.00000000099999999966 0.99999999500000003039 0.00000000099999999966 0.00000000099999999966 0.00000000099999999966 
0.00000000099999999979 0.00000000099999999979 0.99999999499999991937 0.00000000099999999979 0.00000000099999999979 0.00000000099999999979 
0.00000000099999999987 0.00000000099999999987 0.99999999500000003039 0.00000000099999999987 0.00000000099999999987 0.00000000099999999987 
0.00000000099999999992 0.00509279746820811164 0.00000000099999999992 0.99490719853179199195 0.00000000099999999992 0.00000000099999999992 
0.00000000099999999993 0.00000759309114939317 0.00000000099999999993 0.99999240290885060833 0.00000000099999999993 0.00000000099999999993 
0.00000000099999999996 0.00631551989009151212 0.00000142531557308299 0.99368305179433547014 0.00000000099999999996 0.00000000099999999996 
0.00000000099999999994 0.00000010107328605129 0.00000000099999999994 0.99999989492671392810 0.00000000099999999994 0.00000000099999999994 
0.00000000099999999995 0.00000322510656783895 0.00000000099999999995 0.99999677089343219638 0.00000000099999999995 0.00000000099999999995 
0.00000000099999999988 0.01118255743779929604 0.00000000099999999988 0.98881743856220072342 0.00000000099999999988 0.00000000099999999988 
