0.00516261013340852185 0.99483738786659148268 0.00000000099999999999 0.00000000099999999999 
0.00003274875960410797 0.99996724924039592786 0.00000000100000000000 0.00000000100000000000 
0.00000000099999999997 0.00000000099999999997 0.00000000099999999997 0.99999999700000008485 
0.00000000099999999999 0.99333389683995831909 0.00666610116004164987 0.00000000099999999999 
0.00000000099999999997 0.96236752234213462920 0.03763247565786537879 0.00000000099999999997 
0.00000000099999999998 0.95926798481592645551 0.04073201318407357330 0.00000000099999999998 
0.00000000099999999993 0.99999999699999997382 0.00000000099999999993 0.00000000099999999993 
0.00000000099999999993 0.99999999700000008485 0.00000000099999999993 0.00000000099999999993 
0.00000000099999999992 0.99999999699999997382 0.00000000099999999992 0.00000000099999999992 
0.00000000099999999997 0.98703356103204831218 0.01296643696795172704 0.00000000099999999997 
0.00000000099999999999 0.97585862602031547830 0.02414137197968439091 0.00000000099999999999 
0.00000000099999999998 0.95297619549611911616 0.04702380250388086408 0.00000000099999999998 
0.06462697368764462602 0.00000000099999999998 0.00000000099999999998 0.93537302431235525013 
0.00000000099999999995 0.99999999699999997382 0.00000000099999999995 0.00000000099999999995 
0.00000000099999999993 0.99999999700000008485 0.00000000099999999993 0.00000000099999999993 
0.00000000099999999997 0.98717875654849951417 0.01282124145150050597 0.00000000099999999997 
0.00000000099999999995 0.99999999699999997382 0.00000000099999999995 0.00000000099999999995 
0.00000000099999999999 0.91895953830682053365 0.01723668760159119059 0.06380377309158838384 
0.00000000099999999999 0.92615969381531071392 0.01526506546955203047 0.05857523971513731859 
0.00946040691856911420 0.95718878495925807659 0.03335080712217272647 0.00000000100000000000 
0.00000000099999999984 0.99999999700000008485 0.00000000099999999984 0.00000000099999999984 
0.00000000099999999993 0.99999999700000008485 0.00000000099999999993 0.00000000099999999993 
0.00000000099999999995 0.95963850712553644406 0.04036149087446361944 0.00000000099999999995 
0.00000000099999999988 0.99999999699999997382 0.00000000099999999988 0.00000000099999999988 
0.95808493828908636303 0.01761720362598212866 0.02429785708493153312 0.00000000100000000000 
0.01481414166861347130 0.97202550486374017513 0.01316035246764621185 0.00000000100000000000 
0.00000038876527289647 0.96453523256391537899 0.00367272204221948074 0.03179165662859222141 
0.02707114431915808028 0.97292885368084192077 0.00000000099999999999 0.00000000099999999999 
0.00000000099999999995 0.89556850093649231770 0.10443149706350766948 0.00000000099999999995 
0.00000000099999999994 0.99999999699999997382 0.00000000099999999994 0.00000000099999999994 
0.00000000099999999999 0.97091408374689269767 0.02908591425310718195 0.00000000099999999999 
0.00000000099999999981 0.99999999700000008485 0.00000000099999999981 0.00000000099999999981 
0.00000000099999999997 0.99999999699999997382 0.00000000099999999997 0.00000000099999999997 
0.00000006333920475044 0.92615023890152203823 0.00453423390862252220 0.06931546385065066873 
0.00000000099999999999 0.96258710281667436703 0.00513978448926152593 0.03227311169406405639 
0.09132618400857275831 0.89537118438548524146 0.01330263060594206320 0.00000000099999999999 
0.97771978472655562964 0.00000000099999999998 0.02228021327344446162 0.00000000099999999998 
0.00000000099999999999 0.97793160527330191822 0.00000000099999999999 0.02206839272669807242 
0.00000000099999999996 0.95515550504782853469 0.04484449295217150799 0.00000000099999999996 
0.00000000099999999997 0.97167771721559292875 0.02832228078440703067 0.00000000099999999997 
0.97856929002479120516 0.00000000100000000000 0.02142981676823030313 0.00000089220697847892 
0.89373737531100594378 0.00611596335018648254 0.10014666033880756379 0.00000000099999999998 
0.87430825629125219489 0.01078556631737375912 0.11490617639137412631 0.00000000099999999999 
0.94929795528016291950 0.00000000100000000000 0.02804882588204992214 0.02265321783778723869 
0.91380959370073500114 0.01821550139041803323 0.06663042431976126667 0.00134448058908564279 
0.97402547513558102033 0.00000000099999999999 0.00691242552069185230 0.01906209834372724760 
0.97169530995501363080 0.00000000099999999998 0.01924819730699815767 0.00905649173798811491 
0.92284615930235636139 0.01377612813744028518 0.06337771065137737247 0.00000000190882603261 
0.98580624311939857307 0.00000000099999999999 0.01122183213657463111 0.00297192374402690477 
0.96419072736143052182 0.00000000099999999999 0.01978313690911276401 0.01602613472945658285 
0.90921453307840871538 0.03254194825192228274 0.05824351766966905791 0.00000000100000000000 
0.96014993166057638341 0.00000000099999999999 0.01348977570210640499 0.02636029163731723815 
0.00000000100000000000 0.90543908978095799522 0.03948999297963475680 0.05507091623940733177 
0.92519028382634160845 0.00000000099999999999 0.05357637694680487950 0.02123333822685346747 
0.92722678656368207051 0.00000000099999999998 0.05254842308861755462 0.02022478934770056275 
0.93634675463891936520 0.00000000100000000000 0.04708986729034489449 0.01656337707073571655 
0.93108422173561655732 0.00000000099999999999 0.04564389876604093427 0.02327187849834255404 
0.93230882852685437179 0.00000000100000000000 0.05022672175383791765 0.01746444871930785681 
0.92249374552318297305 0.00000000099999999999 0.04154901148077339013 0.03595724199604359572 
0.00606881858063218309 0.93874103101320993670 0.03034837189722992823 0.02484177850892792944 
0.00000000099999999997 0.96804839220965166469 0.03195160579034834331 0.00000000099999999997 
0.00000053160044662592 0.96314542103966060971 0.00000000100000000000 0.03685404635989283223 
0.01437418146341838503 0.98562581653658165592 0.00000000099999999998 0.00000000099999999998 
0.00000000099999999989 0.99999999700000008485 0.00000000099999999989 0.00000000099999999989 
0.00000000099999999980 0.99999999699999997382 0.00000000099999999980 0.00000000099999999980 
0.00000000099999999995 0.99999999700000008485 0.00000000099999999995 0.00000000099999999995 
0.00000000099999999994 0.99999999700000008485 0.00000000099999999994 0.00000000099999999994 
0.00000000099999999997 0.94147961933897805764 0.05852037866102181851 0.00000000099999999997 
0.00000000099999999999 0.92854854522086938129 0.00070494788855551133 0.07074650589057498995 
0.01637783672384918524 0.94566829954490727594 0.03795386273124341792 0.00000000099999999998 
0.00000000099999999989 0.99999999699999997382 0.00000000099999999989 0.00000000099999999989 
0.98640075693406470414 0.00000000099999999996 0.01359924106593529344 0.00000000099999999996 
0.00000000099999999994 0.99999999699999997382 0.00000000099999999994 0.00000000099999999994 
0.00000000099999999999 0.97366993391255496348 0.02633006408744511737 0.00000000099999999999 
0.00000000099999999981 0.99999999700000008485 0.00000000099999999981 0.00000000099999999981 
0.00000000099999999994 0.99999999699999997382 0.00000000099999999994 0.00000000099999999994 
0.00000000099999999992 0.99999999699999997382 0.00000000099999999992 0.00000000099999999992 
0.00000000099999999998 0.99999999699999997382 0.00000000099999999998 0.00000000099999999998 
0.00000000099999999994 0.97000297646730915258 0.02999702153269085889 0.00000000099999999994 
0.97689892245952081318 0.01553879640333017190 0.00756228013714904061 0.00000000100000000000 
0.00000000099999999985 0.99999999700000008485 0.00000000099999999985 0.00000000099999999985 
0.00000000099999999986 0.99999999700000008485 0.00000000099999999986 0.00000000099999999986 
0.00000000099999999998 0.99437967608405974929 0.00562032191594017544 0.00000000099999999998 
0.53837741603595545836 0.00000000099999999994 0.00000000099999999994 0.46162258196404459820 
0.95888490340331966610 0.00000000099999999998 0.00000000099999999998 0.04111509459668048067 
0.96777828415781996796 0.00000000099999999994 0.00000000099999999994 0.03222171384218024126 
0.00000000099999999981 0.00000000099999999981 0.00000000099999999981 0.99999999700000008485 
0.00000000099999999979 0.00000000099999999979 0.00000000099999999979 0.99999999700000008485 
0.00000000099999999991 0.99999999699999997382 0.00000000099999999991 0.00000000099999999991 
0.95101664066367397332 0.00000000099999999999 0.00450189514805676098 0.04448146318826921852 
0.90009452544223222947 0.00000000099999999999 0.00928964861004381165 0.09061582494772400798 
0.94278683330782475647 0.00000000099999999998 0.00598485462604171105 0.05122831106613370128 
0.96765433618303098307 0.00000000099999999996 0.00000000099999999996 0.03234566181696901105 
0.95299967654706640996 0.00000000099999999994 0.00000000099999999994 0.04700032145293364660 
0.00000000099999999977 0.00000000099999999977 0.00000000099999999977 0.99999999699999997382 
0.00000000099999999983 0.00000000099999999983 0.00000000099999999983 0.99999999699999997382 
0.95008438970318498384 0.00000000099999999998 0.00000000099999999998 0.04991560829681521150 
0.96833196139029631411 0.00000000099999999992 0.00000000099999999992 0.03166803660970370776 
0.94980932206640789062 0.00000000099999999998 0.00000000099999999998 0.05019067593359204105 
0.91166858786589166641 0.00000000099999999999 0.00000000099999999999 0.08833141013410830689 
0.91159267438483027046 0.00000000099999999999 0.00852593159433165208 0.07988139302083807625 
0.53262016720548921445 0.00000000099999999997 0.00000000099999999997 0.46737983079451084212 
0.90767959267229669784 0.00000000099999999999 0.00411880956623059472 0.08820159676147276695 
0.90703045185738717660 0.00000000100000000000 0.00178566568553712758 0.09118388145707574666 
0.94641486978608091452 0.00000000099999999997 0.00000000099999999997 0.05358512821391928083 
0.98246608803880586258 0.00000000099999999996 0.01753390996119419398 0.00000000099999999996 
0.54142409261566593059 0.00000000099999999997 0.00000000099999999997 0.45857590538433412597 
0.89709776502931404263 0.02101288635263258084 0.07461767062387754390 0.00727167799417577539 
0.98110226647259690669 0.00000000099999999997 0.01889773152740295906 0.00000000099999999997 
0.35779118570367518526 0.00000000099999999997 0.00000000099999999997 0.64220881229632464926 
0.58861716565338384477 0.00000000099999999997 0.00000000099999999997 0.41138283234661615628 
0.58770768279966012493 0.00000000099999999998 0.00000000099999999998 0.41229231520033998715 
0.95946065085731480071 0.00329034344998552913 0.03724900469269960823 0.00000000099999999999 
0.96525393872857390143 0.00000000099999999999 0.01804797908047647143 0.01669808119094968665 
0.98771241027392209233 0.00000000099999999998 0.01228758772607790352 0.00000000099999999998 
0.00000000099999999986 0.00000000099999999986 0.00000000099999999986 0.99999999699999997382 
0.30643661764428925531 0.00000000099999999997 0.00000000099999999997 0.69356338035571085676 
0.89505104821973080487 0.01627497490455575083 0.06880500728709552927 0.01986896958861783177 
0.52241354896348424219 0.00000000099999999999 0.00000000099999999999 0.47758644903651581437 
0.52467586995359505320 0.00000000099999999997 0.00000000099999999997 0.47532412804640511439 
0.93858263504230188268 0.00000000099999999996 0.00000000099999999996 0.06141736295769817389 
0.00000000099999999992 0.00000000099999999992 0.00000000099999999992 0.99999999699999997382 
0.00000000099999999986 0.00000000099999999986 0.00000000099999999986 0.99999999700000008485 
0.00000000099999999988 0.00000000099999999988 0.00000000099999999988 0.99999999700000008485 
0.47907179889047091237 0.00000000099999999997 0.00000000099999999997 0.52092819910952892215 
0.50324642903736160893 0.00000000099999999998 0.00000000099999999998 0.49675356896263850315 
0.94717327461506883868 0.00000000099999999997 0.00000000099999999997 0.05282672338493129421 
0.54849521544191548461 0.00000000099999999997 0.00000000099999999997 0.45150478255808457195 
0.57167975136136683911 0.00000000099999999998 0.00000000099999999998 0.42832024663863316194 
0.98169878541728627930 0.00000000099999999998 0.01830121258271357951 0.00000000099999999998 
0.95047732473537838160 0.00000000099999999994 0.00000000099999999994 0.04952267326462158475 
0.95579137275781100858 0.00000000099999999999 0.01900586924058633026 0.02520275700160274149 
0.97623752495547577723 0.00000000099999999997 0.02376247304452431749 0.00000000099999999997 
0.00000000099999999988 0.00000000099999999988 0.00000000099999999988 0.99999999700000008485 
0.50560386527608303098 0.00000000099999999996 0.00000000099999999996 0.49439613272391702559 
0.65571629851197932304 0.00000000099999999999 0.00000000099999999999 0.34428369948802062250 
0.97414618834539268288 0.00000000099999999999 0.01486469678417169649 0.01098911387043567493 
0.95761997981209479036 0.00000002631594671586 0.02843425114737344397 0.01394574272458501060 
0.00000000099999999991 0.00000000099999999991 0.00000000099999999991 0.99999999699999997382 
0.38937629253070726865 0.00000000099999999997 0.00000000099999999997 0.61062370546929256587 
0.12364935360832489397 0.48828886612943633860 0.38806177926223878183 0.00000000100000000000 
0.00000000099999999980 0.00000000099999999980 0.99999999699999997382 0.00000000099999999980 
0.00000000099999999985 0.00000000099999999985 0.99999999699999986280 0.00000000099999999985 
0.12354029992695368667 0.49584921118994201850 0.38060851648149546245 0.00000197240160885479 
0.00000000099999999982 0.00000000099999999982 0.99999999699999997382 0.00000000099999999982 
0.00000000099999999979 0.00000000099999999979 0.99999999699999986280 0.00000000099999999979 
0.00000000099999999977 0.00000000099999999977 0.99999999699999997382 0.00000000099999999977 
0.13461394387094319236 0.48136017349989296266 0.38402588162916384551 0.00000000099999999999 
0.00000000099999999982 0.00000000099999999982 0.99999999699999986280 0.00000000099999999982 
0.10678425593232097890 0.51680097705109095951 0.37641476601658807599 0.00000000099999999999 
0.00000000099999999977 0.00000000099999999977 0.99999999699999986280 0.00000000099999999977 
0.00000000100000000000 0.94284652923645195788 0.01362406643717793339 0.04352940332637020293 
0.00115613045040154896 0.99884386741235031693 0.00000000113724808409 0.00000000099999999998 
0.00000000099999999999 0.92443019797863090758 0.01656357210740946537 0.05900622891395979064 
0.50309784386659051059 0.00000000099999999996 0.00000000099999999996 0.49690215413340960149 
0.00000000099999999993 0.99999999699999997382 0.00000000099999999993 0.00000000099999999993 
0.00000000099999999999 0.96050277718564935903 0.03949722081435053794 0.00000000099999999999 
0.47611457734792039798 0.00000000099999999996 0.00000000099999999996 0.52388542065207954757 
0.00000000099999999998 0.96747834174254543349 0.03252165625745447042 0.00000000099999999998 
0.97587402135131295910 0.00000000100000000000 0.01923989337821716689 0.00488608427046991964 
0.52468477609767505410 0.00000000099999999997 0.00000000099999999997 0.47531522190232489145 
0.95521286000412486406 0.00000000099999999999 0.01951518652522208144 0.02527195247065312789 
0.51975911098554594680 0.00000000099999999994 0.00000000099999999994 0.48024088701445422078 
0.94585852478689402822 0.00000012691753530079 0.03183346903344303619 0.02230787926212775968 
0.00000000099999999997 0.97007881219132197081 0.02992118580867798514 0.00000000099999999997 
0.00000000099999999993 0.99999999699999997382 0.00000000099999999993 0.00000000099999999993 
0.95016118390700177176 0.00000000099999999999 0.01069041878092615895 0.03914839631207208542 
0.96358010742711430741 0.00000000099999999999 0.02092956789941547574 0.01549032367347016881 
0.56993936242961051875 0.00000000099999999994 0.00000000099999999994 0.43006063557038948231 
0.00000000099999999980 0.00000000099999999980 0.99999999699999986280 0.00000000099999999980 
0.88350400245638593955 0.00000000099999999999 0.11649599554361404763 0.00000000099999999999 
0.00000000099999999978 0.00000000099999999978 0.99999999699999986280 0.00000000099999999978 
0.00000000099999999980 0.00000000099999999980 0.99999999699999986280 0.00000000099999999980 
0.88231316212899146834 0.01523079431107264396 0.10245604255993599752 0.00000000099999999999 
0.00000000099999999990 0.00000000099999999990 0.99999999699999997382 0.00000000099999999990 
0.88863749605501196616 0.00000000099999999999 0.11136250194498797939 0.00000000099999999999 
0.00000000099999999991 0.00000000099999999991 0.99999999699999986280 0.00000000099999999991 
0.88880917911782919560 0.01509556702286489645 0.09609525285930597960 0.00000000099999999999 
0.00000000099999999991 0.99999999699999997382 0.00000000099999999991 0.00000000099999999991 
0.80860229541911265994 0.00000000099999999993 0.00000000099999999993 0.19139770258088734112 
0.00000000099999999997 0.95255495796986267010 0.04744504003013739341 0.00000000099999999997 
0.00000000099999999990 0.99999999700000008485 0.00000000099999999990 0.00000000099999999990 
0.00000000099999999996 0.99594399484812756729 0.00405600315187232534 0.00000000099999999996 
0.00000000099999999998 0.96270031699933356073 0.03729968100066648196 0.00000000099999999998 
0.97638796373869440881 0.00000000099999999996 0.02361203426130548816 0.00000000099999999996 
0.00390932814656847448 0.93512256287305539626 0.06096810798037612805 0.00000000099999999999 
0.97093808904047818054 0.00000000099999999998 0.02906190895952167827 0.00000000099999999998 
0.00000000099999999985 0.99999999700000008485 0.00000000099999999985 0.00000000099999999985 
0.00000000099999999992 0.99999999699999997382 0.00000000099999999992 0.00000000099999999992 
0.00000000099999999983 0.99999999700000008485 0.00000000099999999983 0.00000000099999999983 
0.98821288744520763281 0.00000000099999999996 0.01178711055479230232 0.00000000099999999996 
0.00000000099999999991 0.99999999700000008485 0.00000000099999999991 0.00000000099999999991 
0.00000000099999999998 0.96687451555902981237 0.03312548244097028582 0.00000000099999999998 
0.00000000099999999993 0.99999999699999997382 0.00000000099999999993 0.00000000099999999993 
0.00000000099999999994 0.99999999699999997382 0.00000000099999999994 0.00000000099999999994 
0.00000000099999999993 0.99999999700000008485 0.00000000099999999993 0.00000000099999999993 
0.00000000099999999994 0.99999999700000008485 0.00000000099999999994 0.00000000099999999994 
0.00000000099999999996 0.99999999699999997382 0.00000000099999999996 0.00000000099999999996 
0.98291125822514513466 0.00000000099999999996 0.01708873977485497048 0.00000000099999999996 
0.96665305178701399491 0.00000000099999999998 0.03334694621298593675 0.00000000099999999998 
0.98148123574274981351 0.00000000099999999997 0.01851876225725030897 0.00000000099999999997 
0.98176232912458083479 0.00000000099999999997 0.01823766887541920442 0.00000000099999999997 
0.98443611616548221122 0.00000000099999999998 0.01556388183451770657 0.00000000099999999998 
0.98487388016017518577 0.00000000099999999996 0.01512611783982479099 0.00000000099999999996 
0.98527739314361129086 0.00000000099999999999 0.01472260485638871019 0.00000000099999999999 
0.98094263152202731959 0.00000000099999999996 0.01905736647797269534 0.00000000099999999996 
0.00000000099999999991 0.99999999699999997382 0.00000000099999999991 0.00000000099999999991 
0.00000000099999999999 0.93291427813592930907 0.00752591914423491118 0.05955980171983563110 
0.00000000099999999998 0.99999999654749172073 0.00000000145250820506 0.00000000099999999998 
0.93975698554929798512 0.00000000099999999996 0.00000000099999999996 0.06024301245070207145 
0.81036564887721884709 0.00000000099999999993 0.00000000099999999993 0.18963434912278120947 
0.00000000099999999996 0.96889778392822090147 0.03110221407177902672 0.00000000099999999996 
0.94628673901868398666 0.00000000099999999997 0.00000000099999999997 0.05371325898131616011 
0.02926759211025874163 0.90960475868548829048 0.06112764182415533765 0.00000000738009757244 
0.95904760655326892760 0.00000000099999999993 0.00000000099999999993 0.04095239144673117754 
0.98680467539785221565 0.00000000099999999997 0.01319532260214782531 0.00000000099999999997 
0.94461029400397122924 0.00000000099999999994 0.00000000099999999994 0.05538970399602878569 
0.94952690316438292939 0.00000000099999999995 0.00000000099999999995 0.05047309483561717575 
0.96413768182301018417 0.00000000099999999994 0.00000000099999999994 0.03586231617698983076 
0.78286856796794301872 0.00000000099999999996 0.00000000099999999996 0.21713143003205709336 
0.95497767522482490676 0.00000000099999999994 0.00000000099999999994 0.04502232277517516368 
0.95391194265842382816 0.00000000099999999995 0.00000000099999999995 0.04608805534157623535 
0.99191740996033883615 0.00000000099999999996 0.00808258803966122388 0.00000000099999999996 
0.00000000099999999998 0.97066003120074828558 0.02933996679925178833 0.00000000099999999998 
0.00000000099999999998 0.97010118530176392415 0.02989881269823606302 0.00000000099999999998 
0.00000000099999999999 0.93500799066066353493 0.00548138347207086270 0.05951062486726572953 
0.80583015950175018727 0.00000000099999999995 0.00000000099999999995 0.19416983849824989705 
0.96472166523850610975 0.00000000099999999994 0.00000000099999999994 0.03527833276149391212 
0.99506574250506374391 0.00000000099999999997 0.00493425549493619817 0.00000000099999999997 
0.80396330140919936014 0.00000000099999999997 0.00000000099999999997 0.19603669659080069643 
0.95752278188478101573 0.00000000099999999995 0.00000000099999999995 0.04247721611521895757 
0.81034037683951387621 0.00000000099999999994 0.00000000099999999994 0.18965962116048601382 
0.78310900238013592123 0.00000000099999999997 0.00000000099999999997 0.21689099561986416309 
0.79158719381896203160 0.00000000099999999996 0.00000000099999999996 0.20841280418103813599 
0.00000000099999999996 0.97316348529702101366 0.02683651270297897351 0.00000000099999999996 
0.92904269845260145644 0.00000000100000000000 0.01312683224859370612 0.05783046829880478940 
0.99037539228983906270 0.00000000099999999998 0.00962460571016095050 0.00000000099999999998 
0.79764553937513182902 0.00000000099999999997 0.00000000099999999997 0.20235445862486833857 
0.95668762007890140175 0.00000000099999999996 0.00000000099999999996 0.04331237792109856460 
0.00000000099999999999 0.99137748959340765698 0.00862250840659249673 0.00000000099999999999 
0.99454121295332631458 0.00000000099999999997 0.00545878504667382004 0.00000000099999999997 
0.96716577107941714697 0.00000000099999999999 0.02526660159230769212 0.00756762632827524730 
0.96598139351114742368 0.00000000099999999999 0.00864894792266219202 0.02536965756619043513 
0.94770234826006083395 0.00000000099999999999 0.01541373709164752318 0.03688391364829173014 
0.96479592371915545712 0.00000000099999999999 0.01782303555783748897 0.01738103972300704403 
0.96656209819367910896 0.00000000099999999998 0.01360560132575047709 0.01983229948057048386 
0.95496899906602739083 0.00000000099999999998 0.01016813189726400307 0.03486286803670868989 
0.95270627313709732586 0.00000000099999999999 0.01392584310862953097 0.03336788275427318706 
0.96917514948612570880 0.00000000099999999998 0.01832946236008834578 0.01249538715378612636 
0.96553401593725185492 0.00000000099999999999 0.01192648214512843918 0.02253950091761974112 
0.96010668160339729393 0.00000000099999999998 0.01672282923897645129 0.02317048815762618244 
0.00000000099999999991 0.99999999699999997382 0.00000000099999999991 0.00000000099999999991 
0.00000000099999999997 0.99999999699999997382 0.00000000099999999997 0.00000000099999999997 
0.00000000099999999993 0.99999999700000008485 0.00000000099999999993 0.00000000099999999993 
0.00000000099999999990 0.99999999700000008485 0.00000000099999999990 0.00000000099999999990 
0.00000000099999999996 0.99999999700000008485 0.00000000099999999996 0.00000000099999999996 
0.00000000099999999991 0.99999999699999997382 0.00000000099999999991 0.00000000099999999991 
0.00000000099999999989 0.99999999699999997382 0.00000000099999999989 0.00000000099999999989 
0.00000000099999999993 0.99999999699999997382 0.00000000099999999993 0.00000000099999999993 
0.00000000099999999996 0.99999999699999997382 0.00000000099999999996 0.00000000099999999996 
0.00000000099999999990 0.99999999699999997382 0.00000000099999999990 0.00000000099999999990 
0.00000000099999999988 0.00000000099999999988 0.99999999699999986280 0.00000000099999999988 
0.00000000099999999984 0.00000000099999999984 0.99999999699999986280 0.00000000099999999984 
0.00000000099999999987 0.00000000099999999987 0.99999999699999997382 0.00000000099999999987 
0.00000000099999999985 0.00000000099999999985 0.99999999699999986280 0.00000000099999999985 
0.00000000099999999986 0.00000000099999999986 0.99999999699999986280 0.00000000099999999986 
0.00000000099999999991 0.00000000099999999991 0.99999999699999997382 0.00000000099999999991 
0.00000000099999999989 0.00000000099999999989 0.99999999699999997382 0.00000000099999999989 
0.00000000099999999980 0.00000000099999999980 0.99999999699999997382 0.00000000099999999980 
0.00000000099999999980 0.00000000099999999980 0.99999999699999997382 0.00000000099999999980 
0.00000000099999999984 0.00000000099999999984 0.99999999699999986280 0.00000000099999999984 
0.00000000099999999985 0.00000000099999999985 0.99999999699999997382 0.00000000099999999985 
0.00000000099999999976 0.00000000099999999976 0.99999999699999986280 0.00000000099999999976 
0.00000000099999999986 0.00000000099999999986 0.99999999699999986280 0.00000000099999999986 
0.00000000099999999979 0.00000000099999999979 0.99999999699999986280 0.00000000099999999979 
0.00000000099999999977 0.00000000099999999977 0.99999999699999986280 0.00000000099999999977 
0.00000000099999999992 0.00000000099999999992 0.99999999699999997382 0.00000000099999999992 
0.00000000099999999985 0.00000000099999999985 0.99999999699999986280 0.00000000099999999985 
0.00000000099999999978 0.00000000099999999978 0.99999999699999997382 0.00000000099999999978 
0.00000000099999999987 0.00000000099999999987 0.99999999699999986280 0.00000000099999999987 
0.00000000099999999991 0.00000000099999999991 0.99999999699999997382 0.00000000099999999991 
0.00000000099999999996 0.99999999700000008485 0.00000000099999999996 0.00000000099999999996 
0.00000000099999999996 0.99999999700000008485 0.00000000099999999996 0.00000000099999999996 
0.00000000099999999997 0.99146910558236078792 0.00853089241763922528 0.00000000099999999997 
0.00000000099999999998 0.99999929606820725514 0.00000070193179282864 0.00000000099999999998 
0.00000000099999999998 0.99536191847081834094 0.00463807952918160807 0.00000000099999999998 
0.00000000099999999992 0.99999999699999997382 0.00000000099999999992 0.00000000099999999992 
0.00000000099999999996 0.99999999699999997382 0.00000000099999999996 0.00000000099999999996 
0.00000000099999999999 0.99999999700000008485 0.00000000099999999999 0.00000000099999999999 
0.00000000099999999988 0.99999999699999997382 0.00000000099999999988 0.00000000099999999988 
0.00000000099999999998 0.99483769771127261716 0.00516230028872729368 0.00000000099999999998 
0.00000000099999999993 0.99999999699999997382 0.00000000099999999993 0.00000000099999999993 
0.00000000099999999990 0.99999999700000008485 0.00000000099999999990 0.00000000099999999990 
0.00000000099999999994 0.99999999700000008485 0.00000000099999999994 0.00000000099999999994 
0.00000000099999999998 0.99690457354433292814 0.00309542445566701350 0.00000000099999999998 
0.00000000099999999993 0.99999999699999997382 0.00000000099999999993 0.00000000099999999993 
0.00823508338522455259 0.99176491461477533917 0.00000000099999999999 0.00000000099999999999 
0.00000000804964714808 0.99999998995035277449 0.00000000099999999999 0.00000000099999999999 
0.00003958971523621984 0.99995779761998282442 0.00000259461252218734 0.00000001805225874042 
0.93997835743642033091 0.01352997997292859286 0.04649166159065113574 0.00000000099999999998 
0.94718830342608495432 0.00004280440080824925 0.05276889117310680499 0.00000000099999999998 
0.93138956332067091015 0.02669290983765140388 0.04191752584167771772 0.00000000099999999998 
0.94835578216120297590 0.01151691238631324249 0.04012730445248369887 0.00000000099999999999 
0.92039776612596269079 0.02715497096868203439 0.05244726190535518168 0.00000000099999999999 
0.94299053080779993152 0.01772851957119154359 0.03928094862100854623 0.00000000099999999999 
0.94332563173727457251 0.02125115414263218858 0.03542321312009323597 0.00000000099999999999 
0.95361347389718253975 0.00000000099999999998 0.04638652410281752375 0.00000000099999999998 
0.94616582322454867438 0.00744773505314667329 0.04638644072230452275 0.00000000099999999998 
0.95733465662521355366 0.01092097846450541636 0.03174436391028100796 0.00000000099999999999 
0.93621104608146288317 0.01189683454615410307 0.05189211837238298652 0.00000000099999999999 
0.95487345289376113211 0.01055707623291349956 0.03456946987332524396 0.00000000099999999998 
0.91523919886529825352 0.01935755260997570198 0.06540324752472601033 0.00000000099999999998 
0.96576151907291341026 0.00392807454199651206 0.03031040538509020138 0.00000000099999999999 
0.95389584658941140027 0.01009736587484537547 0.03600678653574311550 0.00000000099999999998 
0.91445753859366041283 0.01259790776539257244 0.07294455264094713842 0.00000000099999999998 
0.95576329161643414078 0.00000000099999999998 0.04423670638356587415 0.00000000099999999998 
0.94747002417431491761 0.00764119724469893014 0.04488877758098595155 0.00000000099999999999 
0.94898204679110820248 0.00412902961139329817 0.04688892259749847385 0.00000000099999999998 
0.95449749962671703862 0.00837822503520883020 0.03712427433807405364 0.00000000099999999998 
0.96142056771682671279 0.00000000099999999997 0.00000000099999999997 0.03857943028317337153 
0.94150180960064444591 0.00000000099999999997 0.00000000099999999997 0.05849818839935563147 
0.94587451009514311728 0.00000000099999999999 0.00000019068539170541 0.05412529821946504560 
0.90101212233790362038 0.01230576792284773964 0.00811269449899397824 0.07856941524025466694 
0.93228914851990707380 0.00000000099999999999 0.00353314125349020024 0.06417770922660265276 
0.94393868325729457514 0.00000000099999999998 0.00000000099999999998 0.05606131474270543286 
0.94456263830040287921 0.00000000099999999998 0.00000000099999999998 0.05543735969959725368 
0.92742294856040774498 0.00271061926962327688 0.00207821296110304466 0.06778821920886579644 
0.94173288519703624022 0.00000000099999999997 0.00000000099999999997 0.05826711280296371920 
0.93531549781372946839 0.00000000099999999998 0.00000000099999999998 0.06468450018627058817 
0.92452932715944391440 0.00000000099999999999 0.00415754956627067875 0.07131312227428554529 
0.90733522285785139783 0.00000000100000000000 0.00670882637759237076 0.08595594976455624148 
0.88254841877172962583 0.00000000099999999998 0.01701433262464217833 0.10043724760362809922 
0.91325608635261334989 0.00000000099999999998 0.01184299468146029349 0.07490091796592639184 
0.90922140069192147749 0.00000000099999999998 0.01096691427465062811 0.07981168403342799034 
0.91764990125218681705 0.00000000099999999997 0.00000000099999999997 0.08235009674781322564 
0.93664942008226304004 0.00000000099999999998 0.01115889870494957484 0.05219168021278741687 
0.92580516041228388957 0.00000000099999999999 0.00486359555538685550 0.06933124303232923724 
0.91676002730660977047 0.00000000099999999998 0.00000000099999999998 0.08323997069339042487 
0.89925572958501043264 0.00000000099999999999 0.00000103313298341017 0.10074323628200623770 
0.93282725318773329626 0.00000000100000000000 0.00905938648250362299 0.05811335932976308821 
0.93792824490792814363 0.00000000099999999999 0.01238739694731006910 0.04968435714476193699 
0.94305218199875950891 0.00000000099999999999 0.00007975817412440106 0.05686805882711624960 
0.92118391248074793509 0.00000000099999999998 0.00084539618748461789 0.07797069033176752539 
0.94428299745370325446 0.00000000099999999997 0.00000000099999999997 0.05571700054629684373 
0.94418695565234600497 0.00000000099999999995 0.00000000099999999995 0.05581304234765406547 
0.94372149230156110455 0.00000000099999999997 0.00000000099999999997 0.05627850569843893119 
0.94708526110140700549 0.00000000099999999998 0.00000000099999999998 0.05291473689859313434 
0.91711211891070765212 0.00000000099999999999 0.00916899191099927909 0.07371888817829307106 
0.94200293503127274786 0.00000000099999999999 0.00426837068643012331 0.05372869328229720048 
0.94349532135249114528 0.00000000099999999998 0.00000000099999999998 0.05650467664750884189 
0.94690088222922996763 0.00000000099999999998 0.00000000099999999998 0.05309911577077016526 
0.93007151645799612805 0.00000000099999999999 0.00241851970938690474 0.06750996283261698205 
0.95315548111777192997 0.00000000099999999999 0.00288712861598233901 0.04395738926624569859 
0.93127176936019262499 0.00000000099999999999 0.00000038947290740009 0.06872784016689996445 
0.95010987332155449892 0.00000000099999999998 0.00000000099999999998 0.04989012467844559234 
0.92184432584679054656 0.00000000099999999999 0.00528140900175911275 0.07287426415145031866 
0.93271353860359529353 0.00000000099999999998 0.00000000099999999998 0.06728645939640473528 
0.91585068412189307718 0.00904157279364094235 0.02485041817259514563 0.05025732491187075851 
0.93816464899020635126 0.00000000099999999998 0.00000000099999999998 0.06183534900979378163 
0.90115609442682453878 0.00000000099999999999 0.00715664255938691478 0.09168726201378858687 
0.91239450919772402404 0.00000000099999999999 0.00880947685808805732 0.07879601294418796253 
0.92194302238086212054 0.00000000099999999999 0.01097367813102487211 0.06708329848811307727 
0.93460871830038350083 0.00000000099999999998 0.00814278721884840150 0.05724849348076822136 
0.92032151154557517714 0.00000000100000000000 0.00505867842539660557 0.07461980902902834445 
0.92332622686274745671 0.00000000099999999998 0.00000000099999999998 0.07667377113725266924 
0.90011896371024369135 0.00000000099999999999 0.00378701130904452506 0.09609402398071173468 
0.93416833212436645173 0.00000000099999999998 0.00000000099999999998 0.06583166587563350769 
0.90523113700312163310 0.00000000099999999999 0.01366188345032539296 0.08110697854655313233 
0.76498503781134552515 0.08619011870640452821 0.01913773971952817052 0.12968710376272180040 
0.78742083780294314099 0.00000000099999999997 0.00000000099999999997 0.21257916019705688782 
0.80715452881072924374 0.00000000099999999994 0.00000000099999999994 0.19284546918927089609 
0.79594891221820951444 0.00000000099999999996 0.00000000099999999996 0.20405108578179062540 
0.81958991062426567176 0.00000000099999999994 0.00000000099999999994 0.18041008737573430154 
0.81659099965981907232 0.00000000099999999994 0.00000000099999999994 0.18340899834018101200 
0.81002870135670268503 0.00000000099999999995 0.00000000099999999995 0.18997129664329739929 
0.80915304216360606215 0.00000000099999999994 0.00000000099999999994 0.19084695583639396665 
0.81359544091902913365 0.00000000099999999995 0.00000000099999999995 0.18640455708097092291 
0.80891184712940100709 0.00000000099999999995 0.00000000099999999995 0.19108815087059907722 
0.79985310654725516599 0.00000000099999999996 0.00000000099999999996 0.20014689145274500159 
0.91299405544953993186 0.01662461935756101919 0.07038132419289899744 0.00000000099999999999 
0.90752328491982026115 0.02031037951694584023 0.07216633456323379159 0.00000000099999999999 
0.91882239430974355088 0.01047030106028569961 0.07070730362997064422 0.00000000099999999998 
0.91773076686567967020 0.01917896336707032579 0.06309026876724985189 0.00000000099999999999 
0.90127779485450243424 0.01411840848496730139 0.08460379566053032041 0.00000000099999999998 
0.90665170353108881507 0.01260348316674350308 0.08074481230216759564 0.00000000099999999998 
0.89972259021047984451 0.01519396928591003684 0.08508343950361013652 0.00000000099999999999 
0.90239692819101513521 0.01821367175475686884 0.07938939905422802423 0.00000000099999999998 
0.90387099430860717852 0.01985398970953256015 0.07627501498186022022 0.00000000099999999999 
0.90999469431624202542 0.01509783337250149293 0.07490747131125657932 0.00000000099999999998 
0.00000000099999999986 0.99999999700000008485 0.00000000099999999986 0.00000000099999999986 
0.00000000099999999989 0.99999999699999997382 0.00000000099999999989 0.00000000099999999989 
0.00000000099999999984 0.99999999699999997382 0.00000000099999999984 0.00000000099999999984 
0.00000000099999999987 0.99999999700000008485 0.00000000099999999987 0.00000000099999999987 
0.00000000099999999982 0.99999999700000008485 0.00000000099999999982 0.00000000099999999982 
0.00000000099999999984 0.99999999700000008485 0.00000000099999999984 0.00000000099999999984 
0.00000000099999999984 0.99999999699999997382 0.00000000099999999984 0.00000000099999999984 
0.00000000099999999982 0.99999999699999997382 0.00000000099999999982 0.00000000099999999982 
0.00000000099999999997 0.99644676920919827978 0.00000000099999999997 0.00355322879080182145 
0.00000000099999999983 0.99999999699999997382 0.00000000099999999983 0.00000000099999999983 
0.80538773361883675417 0.00000000099999999992 0.00000000099999999992 0.19461226438116324688 
0.79309908822369501458 0.00000000099999999997 0.00000000099999999997 0.20690090977630509750 
0.79503108111792775148 0.00000000099999999993 0.00000000099999999993 0.20496891688207236060 
0.80048862634577711006 0.00000000099999999994 0.00000000099999999994 0.19951137165422294650 
0.80052757972849764023 0.00000000099999999995 0.00000000099999999995 0.19947241827150247184 
0.81277484222674789560 0.00000000099999999992 0.00000000099999999992 0.18722515577325213321 
0.81406556830666609859 0.00000000099999999991 0.00000000099999999991 0.18593442969333398573 
0.79127287663834755538 0.00000000099999999995 0.00000000099999999995 0.20872712136165261221 
0.80481172305067849582 0.00000000099999999992 0.00000000099999999992 0.19518827494932158850 
0.79340336103256692279 0.00000000099999999993 0.00000000099999999993 0.20659663696743307826 
0.00000000099999999995 0.99999999699999997382 0.00000000099999999995 0.00000000099999999995 
0.00000000099999999994 0.99999999700000008485 0.00000000099999999994 0.00000000099999999994 
0.00000000099999999999 0.95097823049934449013 0.00000000099999999999 0.04902176750065555255 
0.00000000099999999992 0.99999999700000008485 0.00000000099999999992 0.00000000099999999992 
0.00000000100000000000 0.99525033199759360691 0.00000512334989449986 0.00474454365251193288 
0.00000000099999999998 0.99880819326537595426 0.00000000099999999998 0.00119180473462422655 
0.00000000099999999998 0.99999999700000008485 0.00000000099999999998 0.00000000099999999998 
0.00000000099999999994 0.99999999699999997382 0.00000000099999999994 0.00000000099999999994 
0.00000000099999999997 0.99999999699999997382 0.00000000099999999997 0.00000000099999999997 
0.01189218562511540518 0.98527398318225867246 0.00000000100000000000 0.00283383019262589903 
0.00000000099999999993 0.99999999700000008485 0.00000000099999999993 0.00000000099999999993 
0.00000000099999999995 0.99999999699999997382 0.00000000099999999995 0.00000000099999999995 
0.00000000099999999992 0.99999999700000008485 0.00000000099999999992 0.00000000099999999992 
0.00000000099999999990 0.99999999699999997382 0.00000000099999999990 0.00000000099999999990 
0.00000000099999999991 0.99999999700000008485 0.00000000099999999991 0.00000000099999999991 
0.00000000099999999992 0.99999999700000008485 0.00000000099999999992 0.00000000099999999992 
0.00000000099999999991 0.99999999700000008485 0.00000000099999999991 0.00000000099999999991 
0.00000000099999999990 0.99999999699999997382 0.00000000099999999990 0.00000000099999999990 
0.00000000099999999989 0.99999999699999997382 0.00000000099999999989 0.00000000099999999989 
0.00000000099999999990 0.99999999699999997382 0.00000000099999999990 0.00000000099999999990 
0.88634201083856423153 0.05130485284719214778 0.05328478564372633730 0.00906835067051727124 
