0.00000000099999999999 0.00910937062023038473 0.00000003712293564691 0.00547614158570772225 0.98541444867112615302 0.00000000099999999999 
0.00000000099999999999 0.01435865801518451668 0.00000000571316508748 0.00000000144345513752 0.98564133282819532678 0.00000000099999999999 
0.99999999500000003039 0.00000000099999999995 0.00000000099999999995 0.00000000099999999995 0.00000000099999999995 0.00000000099999999995 
0.00000000099999999998 0.00000092070377188329 0.00415309734183453780 0.00000000099999999998 0.99584597895439352921 0.00000000099999999998 
0.00000000099999999999 0.03876661096091257863 0.00061602227451244915 0.00000000099999999999 0.95653888178273316356 0.00407848298184186348 
0.00000000099999999999 0.04380935896516718192 0.01156520632675962085 0.00000000099999999999 0.94462543170807322657 0.00000000099999999999 
0.00000000099999999974 0.00000000099999999974 0.00000000099999999974 0.00000000099999999974 0.00000000099999999974 0.99999999499999991937 
0.00000000099999999992 0.00000034888347386583 0.00000000099999999992 0.00000000099999999992 0.99999964711652611360 0.00000000099999999992 
0.00000000099999999966 0.00000000099999999966 0.00000000099999999966 0.00000000099999999966 0.00000000099999999966 0.99999999500000003039 
0.00000000099999999992 0.01058325755172961381 0.00000000099999999992 0.00000000099999999992 0.98941673844827038309 0.00000000099999999992 
0.00000000099999999990 0.00543556201005910167 0.00000000099999999990 0.00000000099999999990 0.99456443398994098803 0.00000000099999999990 
0.00000000099999999997 0.06845138763963901085 0.00000000099999999997 0.00000000099999999997 0.93154858080669333820 0.00000002855366755920 
0.00000000099999999999 0.02983588588715317680 0.00598919712267131834 0.00000000099999999999 0.96417491399017540843 0.00000000099999999999 
0.00000000099999999999 0.02583313453838117363 0.00918028095565798577 0.00000000099999999999 0.96030344297238923179 0.00468313953357163155 
0.91099097150018437663 0.00000000099999999995 0.00000000099999999995 0.08900902449981556996 0.00000000099999999995 0.00000000099999999995 
0.00000000099999999992 0.01377461598626405354 0.00000000099999999992 0.00000000099999999992 0.98622538001373594163 0.00000000099999999992 
0.00000000099999999989 0.02207857615892771033 0.00000000099999999989 0.00000000099999999989 0.97792141984107228136 0.00000000099999999989 
0.00000000099999999988 0.26716006804600461733 0.00000000099999999988 0.00000000099999999988 0.73283992795399521825 0.00000000099999999988 
0.00000000099999999994 0.01021603852774211584 0.00000000099999999994 0.00000000099999999994 0.98978395747225778045 0.00000000099999999994 
0.00000000099999999954 0.99999999500000003039 0.00000000099999999954 0.00000000099999999954 0.00000000099999999954 0.00000000099999999954 
0.00000000099999999972 0.00000000099999999972 0.00000000099999999972 0.00000000099999999972 0.00000000099999999972 0.99999999500000003039 
0.00000000099999999953 0.99999999500000003039 0.00000000099999999953 0.00000000099999999953 0.00000000099999999953 0.00000000099999999953 
0.00000000099999999999 0.02062248362460086110 0.01724591019223130350 0.00700758288673394587 0.95512402129643381166 0.00000000099999999999 
0.00000000099999999964 0.00000000099999999964 0.00000000099999999964 0.00000000099999999964 0.00000000099999999964 0.99999999500000003039 
0.00000000099999999977 0.00000000099999999977 0.00000000099999999977 0.00000000099999999977 0.99999999499999991937 0.00000000099999999977 
0.00000000099999999991 0.01395910000535282615 0.00000000099999999991 0.00000000099999999991 0.98604089599464717075 0.00000000099999999991 
0.00000000099999999996 0.03837083424413506583 0.00803423352579744031 0.00000000099999999996 0.95359492923006750065 0.00000000099999999996 
0.00000000099999999983 0.00266075603190314702 0.00000000099999999983 0.00000000099999999983 0.99733923996809681345 0.00000000099999999983 
0.00000000099999999996 0.00000000099999999996 0.96809945532594643414 0.00070906918339013456 0.00000000099999999996 0.03119147249066344177 
0.00000000099999999979 0.00000000099999999979 0.00000000099999999979 0.00000000099999999979 0.00000000099999999979 0.99999999499999991937 
0.00000000099999999999 0.03061979700268183807 0.01354671066352803113 0.00775922059094840810 0.94807423549039715471 0.00000003525244457695 
0.00000000099999999996 0.02453910273645928258 0.00000000099999999996 0.00000000099999999996 0.85030374848626122386 0.12515714577727948820 
0.00000000099999999999 0.02263618598589430680 0.00000015523258443086 0.02588591827866981374 0.95147721117635319921 0.00000052832649825430 
0.00000000099999999998 0.03578243111871263343 0.05313160389940471684 0.00239173019658996339 0.90869423278529271037 0.00000000099999999998 
0.00000000099999999989 0.00000001623616782730 0.00000000099999999989 0.00000000099999999989 0.06199102728916761756 0.93800895347466450858 
0.00000000099999999993 0.00000014806191420183 0.00000000099999999993 0.00000000099999999993 0.99999984793808582850 0.00000000099999999993 
0.00000000099999999999 0.04838193481786488837 0.00697558186758145786 0.00000000099999999999 0.93196883488297144194 0.01267364643158228402 
0.00000000099999999976 0.00000000099999999976 0.00000000099999999976 0.00000000099999999976 0.99999999500000003039 0.00000000099999999976 
0.00000000099999999994 0.00155864302654246827 0.00000000099999999994 0.00000000099999999994 0.99844135297345759650 0.00000000099999999994 
0.00000000099999999998 0.00587701127734214547 0.00000000099999999998 0.00000000099999999998 0.73957456773620322554 0.25454841798645466699 
0.00000000099999999992 0.02246552512172820398 0.00000000099999999992 0.00000000099999999992 0.83680934331462009101 0.14072512856365171352 
0.00000000099999999998 0.00000000099999999998 0.10251188850631828831 0.00143202912890335915 0.89605607936477826847 0.00000000099999999998 
0.00000000099999999990 0.00000000099999999990 0.99999975837534993417 0.00000023762465000624 0.00000000099999999990 0.00000000099999999990 
0.02494372374296599526 0.01717848551984632252 0.00000000099999999998 0.00000000099999999998 0.95787778773718768033 0.00000000099999999998 
0.00000000099999999998 0.03811302485978915189 0.00750166413030290292 0.00000000099999999998 0.95438530800990795111 0.00000000099999999998 
0.00000000099999999998 0.03985149410269224479 0.00000119319313302534 0.00000000099999999998 0.96014730970417461187 0.00000000099999999998 
0.00000000099999999996 0.00000000099999999996 0.99999999159600028165 0.00000000440399967351 0.00000000099999999996 0.00000000099999999996 
0.00000000099999999995 0.00000000099999999995 0.99999999500000003039 0.00000000099999999995 0.00000000099999999995 0.00000000099999999995 
0.00000000099999999997 0.00000000099999999997 0.99999999307250475589 0.00000000099999999997 0.00000000292749520858 0.00000000099999999997 
0.00000000099999999997 0.00000000099999999997 0.53317176096652518780 0.46682823503347470329 0.00000000099999999997 0.00000000099999999997 
0.00054126321474791601 0.00012277810738240137 0.80333782954515420283 0.18684418750115289187 0.00915394063156264350 0.00000000099999999999 
0.00000000099999999994 0.00000000099999999994 0.40090902327847760533 0.59909097272152245228 0.00000000099999999994 0.00000000099999999994 
0.00000000099999999994 0.00000000099999999994 0.46330473527601317985 0.53669526072398698879 0.00000000099999999994 0.00000000099999999994 
0.00000000099999999998 0.00281042298128675403 0.75498646678221692508 0.23947416096150167530 0.00272894727499461932 0.00000000099999999998 
0.00000000099999999991 0.00000000099999999991 0.42092348460769452023 0.57907651139230553738 0.00000000099999999991 0.00000000099999999991 
0.00000000099999999995 0.00000000099999999995 0.46986203646635210651 0.53013795953364784008 0.00000000099999999995 0.00000000099999999995 
0.00000000099999999998 0.00534468308201947566 0.74265374336431100311 0.23029816208942643918 0.02170340946424306749 0.00000000099999999998 
0.00000000099999999997 0.00000000099999999997 0.41840939354845896325 0.58159060245154103885 0.00000000099999999997 0.00000000099999999997 
0.00000000099999999975 0.99999999500000014141 0.00000000099999999975 0.00000000099999999975 0.00000000099999999975 0.00000000099999999975 
0.00000000099999999998 0.01041898063853679418 0.49982012232041805877 0.48976089404104528047 0.00000000099999999998 0.00000000099999999998 
0.00000001857889577683 0.00079765712126769902 0.46826641095382165458 0.53093591134601503256 0.00000000099999999998 0.00000000099999999998 
0.00000000099999999998 0.01293638763974680993 0.48592014956497614486 0.50114345938369897482 0.00000000099999999998 0.00000000141157813306 
0.00000000099999999998 0.00000000101281979445 0.46448604940369342398 0.53551394658348672184 0.00000000099999999998 0.00000000099999999998 
0.00000000099999999998 0.00857012797430956041 0.49185895403776780377 0.49957091498792266515 0.00000000099999999998 0.00000000099999999998 
0.00033471284719805610 0.00000000099999999997 0.46599577059278651792 0.53366951356001535167 0.00000000099999999997 0.00000000099999999997 
0.00443121477198504202 0.03278853496113101618 0.01762272354185913381 0.00000000100000000000 0.86291137994726274663 0.08224614577776212521 
0.00000000099999999998 0.03442142448784239750 0.00355133780796084266 0.00000000099999999998 0.96202723470419659879 0.00000000099999999998 
0.00000000099999999985 0.80455893939919553848 0.00000000099999999985 0.00000000099999999985 0.19544105660080451914 0.00000000099999999985 
0.00000000099999999977 0.00000000099999999977 0.00000000099999999977 0.00000000099999999977 0.00000000099999999977 0.99999999500000003039 
0.00000000099999999995 0.00000000099999999995 0.01406894625405689242 0.00000000354981778180 0.98593104719612534304 0.00000000099999999995 
0.00000000099999999986 0.00000000099999999986 0.00000000099999999986 0.00000000099999999986 0.99999999499999991937 0.00000000099999999986 
0.00000000099999999973 0.00000000099999999973 0.00000000099999999973 0.00000000099999999973 0.99999999500000003039 0.00000000099999999973 
0.00000000099999999995 0.00220195101282856260 0.00000000099999999995 0.00000000099999999995 0.98376420334740777296 0.01403384263976350903 
0.00000000099999999994 0.00026453656503684663 0.00000000099999999994 0.00000000099999999994 0.99973545943496322508 0.00000000099999999994 
0.00000000099999999997 0.04905092695588452595 0.02103679143661023668 0.00000000099999999997 0.92991227860750524936 0.00000000099999999997 
0.00000000099999999954 0.99999999500000014141 0.00000000099999999954 0.00000000099999999954 0.00000000099999999954 0.00000000099999999954 
0.00000000099999999997 0.04615305169825992954 0.03407067510905201213 0.00000000099999999997 0.91977627019268803910 0.00000000099999999997 
0.00000000099999999987 0.00042333051576467443 0.00000000099999999987 0.00000000099999999987 0.99957666548423529385 0.00000000099999999987 
0.00000000099999999986 0.00000000099999999986 0.99999999499999991937 0.00000000099999999986 0.00000000099999999986 0.00000000099999999986 
0.00000000099999999993 0.00440025329775308675 0.00000000099999999993 0.00000000099999999993 0.99559974270224682602 0.00000000099999999993 
0.00000000100000000000 0.01361319399775869597 0.00881337826206397140 0.00000328232847013950 0.97642621365542026091 0.00114393075628688840 
0.00000000099999999973 0.00000000099999999973 0.00000000099999999973 0.00000000099999999973 0.99999999499999991937 0.00000000099999999973 
0.00000000099999999993 0.01024681389912081124 0.00000000099999999993 0.00000000099999999993 0.98975318210087925852 0.00000000099999999993 
0.00000000099999999989 0.00704682350537317800 0.00000000099999999989 0.00000000099999999989 0.99295317249462677900 0.00000000099999999989 
0.00000000099999999997 0.01267166557832617550 0.00000000099999999997 0.00000000099999999997 0.98732785992891480831 0.00000047149275888968 
0.00000000099999999994 0.05106447694095514467 0.00000000099999999994 0.00000000099999999994 0.94893551905904471866 0.00000000099999999994 
0.00000000099999999998 0.00000000099999999998 0.98166903918875647594 0.01833095681124351228 0.00000000099999999998 0.00000000099999999998 
0.00000000099999999979 0.00000000099999999979 0.00000000099999999979 0.00000000099999999979 0.99999999500000003039 0.00000000099999999979 
0.00000000099999999980 0.00000000099999999980 0.00000000099999999980 0.00000000099999999980 0.99999999499999991937 0.00000000099999999980 
0.00000000099999999996 0.00004438436923786478 0.00000000099999999996 0.00000000099999999996 0.99995561163076207567 0.00000000099999999996 
0.36664899478788670617 0.00000000099999999991 0.06588275953135733221 0.56746824268075601871 0.00000000099999999991 0.00000000099999999991 
0.00000000099999999993 0.00000000099999999993 0.24943405476753094385 0.75056594123246900274 0.00000000099999999993 0.00000000099999999993 
0.00000000099999999986 0.00000000099999999986 0.05544578357594682344 0.94455421242405324112 0.00000000099999999986 0.00000000099999999986 
0.99999999500000014141 0.00000000099999999968 0.00000000099999999968 0.00000000099999999968 0.00000000099999999968 0.00000000099999999968 
0.99999999500000003039 0.00000000099999999963 0.00000000099999999963 0.00000000099999999963 0.00000000099999999963 0.00000000099999999963 
0.00000000099999999989 0.01619301519653658025 0.00000000099999999989 0.00000000099999999989 0.98380698080346340451 0.00000000099999999989 
0.00000000099999999996 0.00000000099999999996 0.25307660503906825866 0.74692339096093185447 0.00000000099999999996 0.00000000099999999996 
0.03804575663762244098 0.00000000099999999997 0.33642968757756280818 0.62552455278481489120 0.00000000099999999997 0.00000000099999999997 
0.00000000099999999994 0.00000000099999999994 0.24944956480484323236 0.75055043119515685301 0.00000000099999999994 0.00000000099999999994 
0.00000000099999999991 0.00000000099999999991 0.22071313188273752881 0.77928686411726255656 0.00000000099999999991 0.00000000099999999991 
0.00000000099999999987 0.00000000099999999987 0.05428050134862680287 0.94571949465137328250 0.00000000099999999987 0.00000000099999999987 
0.99999999500000003039 0.00000000099999999962 0.00000000099999999962 0.00000000099999999962 0.00000000099999999962 0.00000000099999999962 
0.99999999500000003039 0.00000000099999999971 0.00000000099999999971 0.00000000099999999971 0.00000000099999999971 0.00000000099999999971 
0.00000000099999999995 0.00000000099999999995 0.25888370230753932066 0.74111629369246057042 0.00000000099999999995 0.00000000099999999995 
0.00000000099999999986 0.00000000099999999986 0.04864701872985124215 0.95135297727014866975 0.00000000099999999986 0.00000000099999999986 
0.00000000099999999995 0.00000000099999999995 0.30239952025024186000 0.69760047574975814211 0.00000000099999999995 0.00000000099999999995 
0.03573606120921138385 0.00000000099999999997 0.29073203931016444734 0.67353189648062417039 0.00000000099999999997 0.00000000099999999997 
0.03131885044508685156 0.00000000099999999997 0.33836958267526856536 0.63031156387964459853 0.00000000099999999997 0.00000000099999999997 
0.36676928594966218267 0.00000000099999999994 0.04553494956391131165 0.58769576148642654889 0.00000000099999999994 0.00000000099999999994 
0.04192259283439304235 0.00000000099999999995 0.33167035737679190222 0.62640704678881498069 0.00000000099999999995 0.00000000099999999995 
0.04082789154002265664 0.00000000099999999998 0.32584034366755931789 0.63333176179241812420 0.00000000099999999998 0.00000000099999999998 
0.00000000099999999995 0.00000000099999999995 0.26741928545400855954 0.73258071054599160910 0.00000000099999999995 0.00000000099999999995 
0.00000000099999999987 0.00000000099999999987 0.99999999500000003039 0.00000000099999999987 0.00000000099999999987 0.00000000099999999987 
0.37923130799510290645 0.00000000099999999994 0.14620694819497431771 0.47456174080992286068 0.00000000099999999994 0.00000000099999999994 
0.00000000099999999998 0.00668233397455498743 0.75433933104970674055 0.22083018805212278890 0.01814814492361550152 0.00000000099999999998 
0.00000000099999999988 0.00000000099999999988 0.99999999499999991937 0.00000000099999999988 0.00000000099999999988 0.00000000099999999988 
0.56641060245054353217 0.00000000099999999994 0.03509785397463689033 0.39849154057481966928 0.00000000099999999994 0.00000000099999999994 
0.33236692271826295819 0.00000000099999999995 0.13726393962686017636 0.53036913465487689479 0.00000000099999999995 0.00000000099999999995 
0.33168410662933878186 0.00000000099999999996 0.14637185358983734185 0.52194403678082390563 0.00000000099999999996 0.00000000099999999996 
0.00000000099999999995 0.00000000099999999995 0.99999140637050143443 0.00000858962949850378 0.00000000099999999995 0.00000000099999999995 
0.00000000099999999996 0.00000000099999999996 0.47747960309349729568 0.52252039290650265091 0.00000000099999999996 0.00000000099999999996 
0.00000000099999999992 0.00000000099999999992 0.95207531199332684491 0.04792468400667319189 0.00000000099999999992 0.00000000099999999992 
0.99999999500000003039 0.00000000099999999976 0.00000000099999999976 0.00000000099999999976 0.00000000099999999976 0.00000000099999999976 
0.62498370795957514101 0.00000000099999999994 0.00844431157752296296 0.36657197746290204332 0.00000000099999999994 0.00000000099999999994 
0.01512290212262004489 0.00000000099999999998 0.77022369315409833224 0.20321777818971861751 0.01143562453356299601 0.00000000099999999998 
0.40119145701856584463 0.00000000099999999997 0.13494276817179590156 0.46386577180963811662 0.00000000099999999997 0.00000000099999999997 
0.39883545614332116536 0.00000000099999999993 0.11348908949445783712 0.48767545136222095747 0.00000000099999999993 0.00000000099999999993 
0.00000000099999999990 0.00000000099999999990 0.06417461583506034462 0.93582538016493976851 0.00000000099999999990 0.00000000099999999990 
0.99999999500000014141 0.00000000099999999987 0.00000000099999999987 0.00000000099999999987 0.00000000099999999987 0.00000000099999999987 
0.99999999500000014141 0.00000000099999999975 0.00000000099999999975 0.00000000099999999975 0.00000000099999999975 0.00000000099999999975 
0.99999999500000014141 0.00000000099999999979 0.00000000099999999979 0.00000000099999999979 0.00000000099999999979 0.00000000099999999979 
0.45063870079661355605 0.00000000099999999994 0.10483830624427974143 0.44452298995910677348 0.00000000099999999994 0.00000000099999999994 
0.42567801086017459378 0.00000000099999999996 0.15317939117449611008 0.42114259496532929772 0.00000000099999999996 0.00000000099999999996 
0.00000000099999999995 0.00000000099999999995 0.22880098288514050253 0.77119901311485961060 0.00000000099999999995 0.00000000099999999995 
0.37318668334937316056 0.00000000099999999993 0.13151665626726946612 0.49529665738335737490 0.00000000099999999993 0.00000000099999999993 
0.35431506480764535238 0.00000000099999999994 0.16037124866502072695 0.48531368352733400551 0.00000000099999999994 0.00000000099999999994 
0.00000000099999999992 0.00000000099999999992 0.99999999500000003039 0.00000000099999999992 0.00000000099999999992 0.00000000099999999992 
0.00000000099999999988 0.00000000099999999988 0.08620793407289378818 0.91379206192710626944 0.00000000099999999988 0.00000000099999999988 
0.00000000099999999996 0.00000000099999999996 0.45288372183200475973 0.54711627416799535339 0.00000000099999999996 0.00000000099999999996 
0.00000000099999999990 0.00000000099999999990 0.99999999500000003039 0.00000000099999999990 0.00000000099999999990 0.00000000099999999990 
0.99999999500000003039 0.00000000099999999979 0.00000000099999999979 0.00000000099999999979 0.00000000099999999979 0.00000000099999999979 
0.40218463293579209683 0.00000000099999999993 0.06051271698565229007 0.53730264707855557305 0.00000000099999999993 0.00000000099999999993 
0.27422187655632324077 0.00000000099999999996 0.20336368433446078141 0.52241443610921600715 0.00000000099999999996 0.00000000099999999996 
0.00000000099999999995 0.00000000099999999995 0.46618476053490381927 0.53381523546509634937 0.00000000099999999995 0.00000000099999999995 
0.00000000099999999998 0.00000000099999999998 0.53611334835845958491 0.46388664764154041720 0.00000000099999999998 0.00000000099999999998 
0.99999999500000003039 0.00000000099999999985 0.00000000099999999985 0.00000000099999999985 0.00000000099999999985 0.00000000099999999985 
0.53868842362499025356 0.00000000099999999993 0.05867571518855416168 0.40263585818645558634 0.00000000099999999993 0.00000000099999999993 
0.00000000099999999982 0.77752136293124429756 0.00000000099999999982 0.00000000099999999982 0.22247863306875570455 0.00000000099999999982 
0.00000000099999999996 0.01129751810265015692 0.00155810483412858200 0.00000000099999999996 0.98714437406322119717 0.00000000099999999996 
0.00000000099999999963 0.99999999500000003039 0.00000000099999999963 0.00000000099999999963 0.00000000099999999963 0.00000000099999999963 
0.40465455382882736801 0.00000000099999999993 0.06745606927713558576 0.52788937389403700617 0.00000000099999999993 0.00000000099999999993 
0.00000000099999999992 0.00531335672461779110 0.00000000099999999992 0.00000000099999999992 0.99468663927538214509 0.00000000099999999992 
0.00000000099999999998 0.03580189104006886724 0.01362244873031892047 0.00000000099999999998 0.95057565722961223642 0.00000000099999999998 
0.42571389190363495558 0.00000000099999999993 0.03381590060887602889 0.54047020448748905874 0.00000000099999999993 0.00000000099999999993 
0.00000000099999999967 0.00000000099999999967 0.00000000099999999967 0.00000000099999999967 0.00000000099999999967 0.99999999499999991937 
0.00000000099999999998 0.03583078899541545376 0.01346958497037387820 0.00000000099999999998 0.95069962303421073901 0.00000000099999999998 
0.00000000099999999994 0.00000000099999999994 0.51343065931966669346 0.48656933668033336415 0.00000000099999999994 0.00000000099999999994 
0.38106627794233599582 0.00000000099999999992 0.09099518431730657664 0.52793853474035745688 0.00000000099999999992 0.00000000099999999992 
0.00000000099999999995 0.00000000099999999995 0.49197723084130856597 0.50802276515869149165 0.00000000099999999995 0.00000000099999999995 
0.38984003477516770975 0.00000000099999999991 0.03940345400837027418 0.57075650821646195521 0.00000000099999999991 0.00000000099999999991 
0.00000000099999999997 0.00306051097789299424 0.54067150015894538395 0.45626798586316175133 0.00000000099999999997 0.00000000099999999997 
0.00000000099999999997 0.01856033614750894969 0.00170358002151479288 0.00000000099999999997 0.97973608083097618593 0.00000000099999999997 
0.00000000099999999991 0.02405557078993592057 0.00000000099999999991 0.00000000099999999991 0.97594442521006397051 0.00000000099999999991 
0.00972562161331114172 0.00000000099999999995 0.45603251431432983987 0.53424186107235904775 0.00000000099999999995 0.00000000099999999995 
0.00000000099999999993 0.00000000099999999993 0.51693196156542053910 0.48306803443457935199 0.00000000099999999993 0.00000000099999999993 
0.00000000099999999979 0.00000000099999999979 0.00000000099999999979 0.00000000099999999979 0.00000000099999999979 0.99999999499999991937 
0.33628870343593325609 0.00000000099999999991 0.05821955718075776803 0.60549173638330899827 0.00000000099999999991 0.00000000099999999991 
0.00000000099999999995 0.00000000099999999995 0.99999999499999991937 0.00000000099999999995 0.00000000099999999995 0.00000000099999999995 
0.00000000099999999999 0.00166188341486620851 0.99545436107983087393 0.00000000099999999999 0.00288375162373318526 0.00000000188156972696 
0.00000000099999999997 0.00000000099999999997 0.99999999499999991937 0.00000000099999999997 0.00000000099999999997 0.00000000099999999997 
0.00000000099999999999 0.00000000300998865944 0.99734278435502221605 0.00000035343148713819 0.00265685720350182595 0.00000000099999999999 
0.00000000099999999988 0.01899266462851792459 0.00000000099999999988 0.00000000099999999988 0.98100733137148199425 0.00000000099999999988 
0.04127266254216788166 0.00000000099999999991 0.00000000099999999991 0.95872733345783223147 0.00000000099999999991 0.00000000099999999991 
0.00000000099999999998 0.02078664269744504717 0.01327879305748038904 0.00000000099999999998 0.96064816594317614662 0.00528639630189832975 
0.00000000099999999986 0.02515293232072744745 0.00000000099999999986 0.00000000099999999986 0.97484706367927265180 0.00000000099999999986 
0.00000000099999999993 0.00448986187050575292 0.00000000099999999993 0.00000000099999999993 0.99551013412949418413 0.00000000099999999993 
0.00000000099999999998 0.01052634333552112875 0.01183213140271038508 0.00000000099999999998 0.97764152226176848082 0.00000000099999999998 
0.00000000099999999985 0.00000000099999999985 0.99999999499999991937 0.00000000099999999985 0.00000000099999999985 0.00000000099999999985 
0.00000000099999999998 0.04716379240672518430 0.03221720411903621073 0.00000000099999999998 0.92061900047423861349 0.00000000099999999998 
0.00000000099999999990 0.00000000099999999990 0.99999999499999991937 0.00000000099999999990 0.00000000099999999990 0.00000000099999999990 
0.00000000099999999977 0.00000000099999999977 0.00000000099999999977 0.00000000099999999977 0.99999999499999991937 0.00000000099999999977 
0.00000000099999999992 0.00443820133761194720 0.00000000099999999992 0.00000000099999999992 0.99556179466238803322 0.00000000099999999992 
0.00000000099999999976 0.00000000099999999976 0.00000000099999999976 0.00000000099999999976 0.99999999500000003039 0.00000000099999999976 
0.00000000099999999985 0.00000000099999999985 0.98642539672554740982 0.01357459927445250902 0.00000000099999999985 0.00000000099999999985 
0.00000000099999999989 0.00000455484795554299 0.00000000099999999989 0.00000000099999999989 0.99999544115204441752 0.00000000099999999989 
0.00000000099999999999 0.01769216938103903083 0.00064277335699067706 0.00000000099999999999 0.98166476749895792420 0.00000028776301241151 
0.00000000099999999992 0.01069592212497252025 0.00000000099999999992 0.00000000099999999992 0.98930407387502750094 0.00000000099999999992 
0.00000000099999999994 0.00000000099999999994 0.00000000099999999994 0.00000000099999999994 0.99999999500000003039 0.00000000099999999994 
0.00000000099999999980 0.00000000099999999980 0.00000000099999999980 0.00000000099999999980 0.00000000099999999980 0.99999999499999991937 
0.00000000099999999992 0.02102615568916444896 0.00000000099999999992 0.00000000099999999992 0.97897384031083545253 0.00000000099999999992 
0.00000000099999999993 0.00000000099999999993 0.00000000099999999993 0.00000000099999999993 0.99999999499999991937 0.00000000099999999993 
0.00000000099999999981 0.00000000099999999981 0.00000000099999999981 0.00000000099999999981 0.00000000099999999981 0.99999999499999991937 
0.00000000099999999995 0.02429969135525074375 0.00000000099999999995 0.00000000099999999995 0.97570030464474921672 0.00000000099999999995 
0.00000000099999999985 0.00000000099999999985 0.99999999499999991937 0.00000000099999999985 0.00000000099999999985 0.00000000099999999985 
0.00000000099999999991 0.00000000099999999991 0.99999999500000003039 0.00000000099999999991 0.00000000099999999991 0.00000000099999999991 
0.00000000099999999987 0.00000000099999999987 0.99999999500000003039 0.00000000099999999987 0.00000000099999999987 0.00000000099999999987 
0.00000000099999999987 0.00000000099999999987 0.99999999499999991937 0.00000000099999999987 0.00000000099999999987 0.00000000099999999987 
0.00000000099999999990 0.00000000099999999990 0.99999999499999991937 0.00000000099999999990 0.00000000099999999990 0.00000000099999999990 
0.00000000099999999988 0.00000000099999999988 0.99999999500000003039 0.00000000099999999988 0.00000000099999999988 0.00000000099999999988 
0.00000000099999999988 0.00000000099999999988 0.99999999499999991937 0.00000000099999999988 0.00000000099999999988 0.00000000099999999988 
0.00000000099999999985 0.00000000099999999985 0.99999999500000003039 0.00000000099999999985 0.00000000099999999985 0.00000000099999999985 
0.00000000099999999988 0.00000000099999999988 0.00000000099999999988 0.00000000099999999988 0.99999999500000003039 0.00000000099999999988 
0.00000000099999999948 0.99999999500000003039 0.00000000099999999948 0.00000000099999999948 0.00000000099999999948 0.00000000099999999948 
0.00000000099999999997 0.00674814677244992001 0.00000000099999999997 0.00000000099999999997 0.99325184922754994332 0.00000000099999999997 
0.00000000099999999993 0.00000000099999999993 0.10245145081693907141 0.89754854518306093070 0.00000000099999999993 0.00000000099999999993 
0.03941815721822290036 0.00000000099999999991 0.00000000099999999991 0.96058183878177716419 0.00000000099999999991 0.00000000099999999991 
0.00000000099999999997 0.03633614776551216674 0.00000000099999999997 0.00000000099999999997 0.96366384823448780761 0.00000000099999999997 
0.00000000099999999993 0.00000000099999999993 0.07865034094492846795 0.92134965505507160355 0.00000000099999999993 0.00000000099999999993 
0.00000000100000000000 0.04818904431158422402 0.05356518383619530976 0.00193432719943115237 0.88507536697178001983 0.01123607668100923100 
0.00000000099999999989 0.00000000099999999989 0.12576606719592775541 0.87423392880407213568 0.00000000099999999989 0.00000000099999999989 
0.00000000099999999988 0.00000000099999999988 0.99999999500000003039 0.00000000099999999988 0.00000000099999999988 0.00000000099999999988 
0.00000000099999999990 0.00000000099999999990 0.06704714368115385903 0.93295285231884605981 0.00000000099999999990 0.00000000099999999990 
0.00000000099999999993 0.00000000099999999993 0.09378234778002866867 0.90621764821997130568 0.00000000099999999993 0.00000000099999999993 
0.00000000099999999987 0.00000000099999999987 0.04584938021871259872 0.95415061578128734787 0.00000000099999999987 0.00000000099999999987 
0.05347191963813231752 0.00000000099999999995 0.00000000099999999995 0.94652807636186775397 0.00000000099999999995 0.00000000099999999995 
0.00000000099999999987 0.00000000099999999987 0.07354996050511930505 0.92645003549488069705 0.00000000099999999987 0.00000000099999999987 
0.00000000099999999991 0.00000000099999999991 0.08521757789113998394 0.91478241810885996266 0.00000000099999999991 0.00000000099999999991 
0.00000000099999999984 0.00000000099999999984 0.99999999500000003039 0.00000000099999999984 0.00000000099999999984 0.00000000099999999984 
0.00000000099999999999 0.03546258850551094882 0.00844441354739158649 0.00000000281179787982 0.95609299227119348696 0.00000000186410607455 
0.00000000099999999998 0.02900089090034915426 0.01088589913823457406 0.00000000099999999998 0.96011320696141622122 0.00000000099999999998 
0.00000000099999999946 0.99999999500000014141 0.00000000099999999946 0.00000000099999999946 0.00000000099999999946 0.00000000099999999946 
0.03649569281754207889 0.00000000099999999992 0.00000000099999999992 0.96350430318245783301 0.00000000099999999992 0.00000000099999999992 
0.00000000099999999986 0.00000000099999999986 0.04671589903662645010 0.95328409696337346180 0.00000000099999999986 0.00000000099999999986 
0.00000000099999999988 0.00000000099999999988 0.99999999499999991937 0.00000000099999999988 0.00000000099999999988 0.00000000099999999988 
0.03762056487539268412 0.00000000099999999994 0.00000000099999999994 0.96237943112460744288 0.00000000099999999994 0.00000000099999999994 
0.00000000099999999989 0.00000000099999999989 0.07532164311376338128 0.92467835288623656531 0.00000000099999999989 0.00000000099999999989 
0.04082225817373361793 0.00000000099999999992 0.00000000099999999992 0.95917773782626647439 0.00000000099999999992 0.00000000099999999992 
0.04143591497698447673 0.00000000099999999995 0.00000000099999999995 0.95856408102301560170 0.00000000099999999995 0.00000000099999999995 
0.04226455572943035865 0.00000000099999999994 0.00000000099999999994 0.95773544027056967121 0.00000000099999999994 0.00000000099999999994 
0.00000000099999999997 0.02842593653384456812 0.00154352713559038532 0.00000000099999999997 0.97003053333056499241 0.00000000099999999997 
0.00042201269648628633 0.00227119822297740682 0.33344667091074897680 0.65543979550717224036 0.00000000100000000000 0.00842032166261515169 
0.00000000099999999991 0.00000000099999999991 0.99999999500000003039 0.00000000099999999991 0.00000000099999999991 0.00000000099999999991 
0.03906540569329286505 0.00000000099999999996 0.00000000099999999996 0.96093459030670702603 0.00000000099999999996 0.00000000099999999996 
0.00000000099999999989 0.00000000099999999989 0.06287946598918962848 0.93712053001081030423 0.00000000099999999989 0.00000000099999999989 
0.00000000099999999999 0.07238100971573113718 0.00000000099999999999 0.00049239766030146953 0.92710261838810847923 0.00002397223585888289 
0.00000000099999999991 0.00000000099999999991 0.99999995584089307332 0.00000004015910679061 0.00000000099999999991 0.00000000099999999991 
0.00000000099999999993 0.00000000099999999993 0.43516820585980725555 0.56483179014019269104 0.00000000099999999993 0.00000000099999999993 
0.00000000099999999995 0.00000000099999999995 0.44213796204283256630 0.55786203395716738029 0.00000000099999999995 0.00000000099999999995 
0.00066004379548173747 0.00000000099999999997 0.46902129966897526669 0.53031865353554308307 0.00000000099999999997 0.00000000099999999997 
0.00000000099999999993 0.00000000099999999993 0.41474342974753342084 0.58525656625246669229 0.00000000099999999993 0.00000000099999999993 
0.00000000099999999992 0.00000000099999999992 0.45728434662731926030 0.54271564937268068629 0.00000000099999999992 0.00000000099999999992 
0.00000000099999999991 0.00000000099999999991 0.46404160520067455620 0.53595839079932539040 0.00000000099999999991 0.00000000099999999991 
0.00000000099999999995 0.00000000099999999995 0.46986273986075310916 0.53013725613924678193 0.00000000099999999995 0.00000000099999999995 
0.00715743548471165295 0.00000000099999999998 0.42923226696855171225 0.56361029454673672312 0.00000000099999999998 0.00000000099999999998 
0.00000000099999999993 0.00000000099999999993 0.46001045642211552122 0.53998953957788442537 0.00000000099999999993 0.00000000099999999993 
0.00000000099999999993 0.00000000099999999993 0.44513913705969321288 0.55486085894030690024 0.00000000099999999993 0.00000000099999999993 
0.00000000099999999989 0.01996262982559954616 0.00000000099999999989 0.00000000099999999989 0.98003736617440040391 0.00000000099999999989 
0.00000000099999999993 0.00000000431142340167 0.00000000099999999993 0.00000000099999999993 0.99999999168857667264 0.00000000099999999993 
0.00000000099999999987 0.02353039819073599742 0.00000000099999999987 0.00000000099999999987 0.97646959780926401162 0.00000000099999999987 
0.00000000099999999988 0.03790015422782330723 0.00000000099999999988 0.00000000099999999988 0.96209984177217666712 0.00000000099999999988 
0.00000000099999999993 0.01205716002745223746 0.00000000099999999993 0.00000000099999999993 0.98794283597254772822 0.00000000099999999993 
0.00000000099999999986 0.01531646781305466901 0.00000000099999999986 0.00000000099999999986 0.98468352818694526718 0.00000000099999999986 
0.00000000099999999992 0.00467221396682720655 0.00000000099999999992 0.00000000099999999992 0.99532778203317284760 0.00000000099999999992 
0.00000000099999999996 0.00000000099999999996 0.00000000099999999996 0.00000000099999999996 0.99999999499999991937 0.00000000099999999996 
0.00000000099999999997 0.00689047295912227544 0.00000000099999999997 0.00000000099999999997 0.98816181844663897316 0.00494770559423872523 
0.00000000099999999994 0.00000000099999999994 0.00000000099999999994 0.00000000099999999994 0.99999999500000003039 0.00000000099999999994 
0.00000000099999999995 0.03770883252704967242 0.00000000099999999995 0.00000000099999999995 0.79950205568550924973 0.16278910878744098922 
0.00000000099999999995 0.00002740771765336545 0.00000000099999999995 0.00000000099999999995 0.99997258828234669714 0.00000000099999999995 
0.00000000099999999994 0.01102886976707043859 0.00000000099999999994 0.00000000099999999994 0.98897112623292959821 0.00000000099999999994 
0.00000000099999999995 0.00000003804067517548 0.00000000099999999995 0.00000000099999999995 0.99999995795932472564 0.00000000099999999995 
0.00000000099999999995 0.01296692792052781505 0.00000000099999999995 0.00000000099999999995 0.98325787332272229779 0.00377519575674992777 
0.00000000099999999985 0.03536120849499413410 0.00000000099999999985 0.00000000099999999985 0.96463878750500575698 0.00000000099999999985 
0.00000000099999999990 0.00864101007063478900 0.00000000099999999990 0.00000000099999999990 0.99135898592936522178 0.00000000099999999990 
0.00000000099999999997 0.02225635748102454403 0.00000000099999999997 0.00000000099999999997 0.97467329839853611428 0.00307034112043928168 
0.00000000099999999998 0.03352180534986871907 0.00000000099999999998 0.00000000099999999998 0.82909896785778469663 0.13737922379234662751 
0.00000000099999999997 0.01029390379039203836 0.00000000099999999997 0.00000000099999999997 0.98970609220960781283 0.00000000099999999997 
0.00000000099999999998 0.01979362815016072127 0.00000000099999999998 0.00000000099999999998 0.98001587868890305266 0.00019049016093621751 
0.00000000099999999992 0.01807848355213687377 0.00000000099999999992 0.00000000099999999992 0.98192151244786307629 0.00000000099999999992 
0.00000000099999999986 0.02120546415985037625 0.00000000099999999986 0.00000000099999999986 0.97879453184014963973 0.00000000099999999986 
0.00000000099999999987 0.02647373032571320034 0.00000000099999999987 0.00000000099999999987 0.97352626567428668380 0.00000000099999999987 
0.00000000099999999998 0.00933389972875624252 0.00000000099999999998 0.00000000099999999998 0.99066609627124369020 0.00000000099999999998 
0.00000000099999999998 0.01049218098290449416 0.00916713463276254761 0.00000000099999999998 0.98034068138433283490 0.00000000099999999998 
0.00000000099999999997 0.02387411400499827099 0.00000000099999999997 0.00000000099999999997 0.97612588199500160968 0.00000000099999999997 
0.00000000100000000000 0.00827824845378737420 0.00007133361985101160 0.00005975363891219168 0.99159065503331000890 0.00000000825413955536 
0.00000000099999999996 0.00000000099999999996 0.99999999499999991937 0.00000000099999999996 0.00000000099999999996 0.00000000099999999996 
0.00000000099999999993 0.00000000099999999993 0.99999999500000003039 0.00000000099999999993 0.00000000099999999993 0.00000000099999999993 
0.00000000099999999994 0.00000000099999999994 0.99999999499999991937 0.00000000099999999994 0.00000000099999999994 0.00000000099999999994 
0.00000000099999999996 0.00000000099999999996 0.99999999500000003039 0.00000000099999999996 0.00000000099999999996 0.00000000099999999996 
0.00000000099999999996 0.00000000099999999996 0.99999999499999991937 0.00000000099999999996 0.00000000099999999996 0.00000000099999999996 
0.00000000099999999997 0.00000000099999999997 0.99999999499999991937 0.00000000099999999997 0.00000000099999999997 0.00000000099999999997 
0.00000000099999999991 0.00000000099999999991 0.99999999500000003039 0.00000000099999999991 0.00000000099999999991 0.00000000099999999991 
0.00000000099999999999 0.00308897091000452477 0.99318251487463093952 0.00000000111340986444 0.00372851110195455450 0.00000000099999999999 
0.00000000099999999996 0.00000000099999999996 0.99796115700857757069 0.00000000099999999996 0.00203883899142233514 0.00000000099999999996 
0.00000000099999999990 0.00000000099999999990 0.99999999499999991937 0.00000000099999999990 0.00000000099999999990 0.00000000099999999990 
0.00000000099999999990 0.00000000099999999990 0.99999999460005051244 0.00000000139994934892 0.00000000099999999990 0.00000000099999999990 
0.00000000099999999991 0.00000000099999999991 0.99999999500000003039 0.00000000099999999991 0.00000000099999999991 0.00000000099999999991 
0.00000000099999999991 0.00000000099999999991 0.99536308673582107875 0.00463690926417886350 0.00000000099999999991 0.00000000099999999991 
