0.00088667657617432102 0.00165512835097345523 0.99745819407285229996 0.00000000100000000000 
0.00000000099999999999 0.00000001740379319007 0.99999998059620676116 0.00000000099999999999 
0.78194239108428620355 0.00000000099999999997 0.00000000099999999997 0.21805760691571376975 
0.00000000099999999998 0.00271626678212987579 0.99728373121787006195 0.00000000099999999998 
0.00000000099999999999 0.00006838496330591400 0.99491703880551551897 0.00501457523117857743 
0.00000000099999999999 0.01212952336559444851 0.98784927680527578886 0.00002119882912984339 
0.00000000099999999984 0.00000000099999999984 0.00000000099999999984 0.99999999699999997382 
0.00000000099999999993 0.00000000099999999993 0.99999999699999997382 0.00000000099999999993 
0.00000000099999999977 0.00000000099999999977 0.00000000099999999977 0.99999999700000008485 
0.00000000099999999994 0.00000000099999999994 0.99999999699999986280 0.00000000099999999994 
0.00000000099999999993 0.00000000099999999993 0.99999999699999997382 0.00000000099999999993 
0.00000000099999999998 0.00000000099999999998 0.99839738630506824624 0.00160261169493174050 
0.00000000099999999999 0.00330500588148611042 0.99669499211851397824 0.00000000099999999999 
0.00000000100000000000 0.00847231867835974983 0.98799000136331560640 0.00353767895832455799 
0.79971411181267038071 0.00000000099999999998 0.00005876411379230686 0.20022712307353723871 
0.00000000099999999994 0.00000000099999999994 0.99999999699999986280 0.00000000099999999994 
0.00000000099999999992 0.00000000099999999992 0.99999999699999997382 0.00000000099999999992 
0.00000000099999999997 0.00000000099999999997 0.97605899908623017236 0.02394099891376977318 
0.00000000099999999996 0.00000000099999999996 0.99999999699999997382 0.00000000099999999996 
0.01149033439625513769 0.00097075949089702688 0.84444865509552957672 0.14309025101731820406 
0.00000000099999999982 0.00000000099999999982 0.00000000099999999982 0.99999999700000008485 
0.00521422508033079699 0.00000000100000000000 0.85841902310182305325 0.13636675081784613295 
0.00389699021715694642 0.01829222453076656540 0.97781078425207657023 0.00000000100000000000 
0.00000000099999999978 0.00000000099999999978 0.00000000099999999978 0.99999999700000008485 
0.00000000099999999985 0.00000000099999999985 0.99999999699999997382 0.00000000099999999985 
0.00000000099999999993 0.00000000099999999993 0.99999999699999986280 0.00000000099999999993 
0.00000000099999999998 0.00875770787992984946 0.99124229012007003536 0.00000000099999999998 
0.00000000099999999988 0.00000000099999999988 0.99999999699999986280 0.00000000099999999988 
0.00000000099999999997 0.96777814115082894109 0.00000000099999999997 0.03222185684917103915 
0.00000000099999999987 0.00000000099999999987 0.00000000099999999987 0.99999999699999997382 
0.00368863318748111155 0.01640584897145301591 0.97989815900203647292 0.00000735883902937394 
0.00000000099999999997 0.00000000099999999997 0.87628413534682692010 0.12371586265317301156 
0.01594687770380828415 0.00975668376081133791 0.97426988415531001753 0.00002655438007038562 
0.00000000099999999999 0.05581068679396929133 0.94418931120603077911 0.00000000099999999999 
0.00000000099999999993 0.00000000099999999993 0.06270718475084742505 0.93729281324915247886 
0.00000000099999999995 0.00000000099999999995 0.99999999699999997382 0.00000000099999999995 
0.00000000099999999999 0.00797277624198722973 0.97776244491464281428 0.01426477784337008489 
0.00000000099999999983 0.00000000099999999983 0.99999999699999997382 0.00000000099999999983 
0.00000000099999999995 0.00000000099999999995 0.99999999699999986280 0.00000000099999999995 
0.00000000099999999999 0.00000000099999999999 0.75018489676811883626 0.24981510123188105377 
0.00000000099999999995 0.00000000099999999995 0.86087744192481363559 0.13912255607518619893 
0.00000000753242050532 0.10097584569905231067 0.89902414576852718309 0.00000000099999999999 
0.00000000099999999994 0.99999999700000008485 0.00000000099999999994 0.00000000099999999994 
0.02159115484497731510 0.00000000099999999999 0.97577683667676951007 0.00263200747825323303 
0.00000000099999999999 0.00671704422986012066 0.99328254593568388042 0.00000040883445613439 
0.00000000099999999998 0.00000000099999999998 0.99999999699999986280 0.00000000099999999998 
0.00000000099999999998 0.99999999699999997382 0.00000000099999999998 0.00000000099999999998 
0.00000000099999999998 0.99999999699999997382 0.00000000099999999998 0.00000000099999999998 
0.00000000099999999998 0.99019715780966599539 0.00980284019033400567 0.00000000099999999998 
0.30930431196045310438 0.69069568603954700770 0.00000000099999999997 0.00000000099999999997 
0.11563871363922617608 0.87205719831697736666 0.01230408704379643177 0.00000000099999999999 
0.37473713146639853200 0.62526286653360163559 0.00000000099999999996 0.00000000099999999996 
0.31873477225220797626 0.68126522574779202479 0.00000000099999999995 0.00000000099999999995 
0.13554486103635629557 0.85862532718098272255 0.00582981078266082628 0.00000000099999999999 
0.34773869197612322646 0.65226130602387677460 0.00000000099999999994 0.00000000099999999994 
0.32987079094116372735 0.67012920705883638472 0.00000000099999999997 0.00000000099999999997 
0.13783219824496145689 0.83572798830049677132 0.02643981245454162313 0.00000000099999999999 
0.38215055509928297361 0.61784944290071708295 0.00000000099999999997 0.00000000099999999997 
0.00404066054416663684 0.01536588544898737432 0.84685678673369046976 0.13373666727315544622 
0.30049447640338117216 0.69950552159661882889 0.00000000100000000000 0.00000000100000000000 
0.32331028069890432874 0.67668971730109561680 0.00000000099999999997 0.00000000099999999997 
0.30215579384337343249 0.69784420415662662407 0.00000000099999999999 0.00000000099999999999 
0.32887383385060692254 0.67112616414939296750 0.00000000099999999997 0.00000000099999999997 
0.30223464834973617910 0.69629322593974807276 0.00147212471051550190 0.00000000099999999999 
0.34030941020493138405 0.65969058779506861701 0.00000000099999999997 0.00000000099999999997 
0.00000000100000000000 0.01875726467516478438 0.89592004405702452274 0.08532269026781076626 
0.00000000099999999999 0.00362172328720420126 0.99637827471279571956 0.00000000099999999999 
0.00000000100000000000 0.00071575977930202813 0.89943654687056973085 0.09984769235012821986 
0.00000000099999999985 0.00000000099999999985 0.00000000099999999985 0.99999999700000008485 
0.00000000099999999997 0.01337297932217199406 0.98662701867782798271 0.00000000099999999997 
0.00000000099999999990 0.00000000099999999990 0.99999999699999997382 0.00000000099999999990 
0.00000000099999999982 0.00000000099999999982 0.99999999699999997382 0.00000000099999999982 
0.00000000099999999996 0.00000000099999999996 0.98671991837629013933 0.01328007962370989122 
0.00000000099999999995 0.00000000099999999995 0.99999999699999986280 0.00000000099999999995 
0.00000000099999999999 0.02235129602396936088 0.97764870197603048751 0.00000000099999999999 
0.00219301253147529112 0.00000000525787837794 0.84134483115723301960 0.15646215105341323981 
0.00000000099999999998 0.03511751117104906783 0.96488248682895083608 0.00000000099999999998 
0.00000000099999999991 0.00000000099999999991 0.99999999699999997382 0.00000000099999999991 
0.00000000099999999992 0.99999999699999997382 0.00000000099999999992 0.00000000099999999992 
0.00000000099999999994 0.00000000099999999994 0.99999999699999997382 0.00000000099999999994 
0.00000000680373751264 0.00608625073924492707 0.99353356207472731665 0.00038018038229005913 
0.00000000099999999983 0.00000000099999999983 0.99999999699999986280 0.00000000099999999983 
0.00000000099999999995 0.00000000099999999995 0.99999999699999997382 0.00000000099999999995 
0.00000000099999999991 0.00000000099999999991 0.99999999699999997382 0.00000000099999999991 
0.00000000099999999998 0.00000000099999999998 0.99999999699999997382 0.00000000099999999998 
0.00000000099999999996 0.00000000099999999996 0.99999999699999997382 0.00000000099999999996 
0.00019651616979030377 0.99980347625548349200 0.00000000657472608592 0.00000000099999999999 
0.00000000099999999987 0.00000000099999999987 0.99999999699999997382 0.00000000099999999987 
0.00000000099999999987 0.00000000099999999987 0.99999999699999986280 0.00000000099999999987 
0.00000000099999999997 0.00000000099999999997 0.99999999699999997382 0.00000000099999999997 
0.88192715172040703209 0.09335444793996257318 0.00000000099999999999 0.02471839933963039179 
0.51403750488777599781 0.48596249311222411427 0.00000000099999999995 0.00000000099999999995 
0.64593901674166132043 0.35406098125833873613 0.00000000099999999991 0.00000000099999999991 
0.75914688531609875177 0.00000000099999999995 0.00000000099999999995 0.24085311268390122152 
0.74674127971235360057 0.00000000099999999994 0.00000000099999999994 0.25325871828764645599 
0.00000000099999999992 0.00000000099999999992 0.99999999699999997382 0.00000000099999999992 
0.51144818642275968745 0.48855181157724042462 0.00000000099999999995 0.00000000099999999995 
0.50601577693360377808 0.49398422106639616747 0.00000000099999999998 0.00000000099999999998 
0.52164957525046196096 0.47835042274953809560 0.00000000099999999994 0.00000000099999999994 
0.51598538691278994506 0.48401461108721011151 0.00000000099999999994 0.00000000099999999994 
0.64959180448508979655 0.35040819351491026001 0.00000000099999999991 0.00000000099999999991 
0.74836768133811915060 0.00000000099999999994 0.00000000099999999994 0.25163231666188090596 
0.74713678653555970488 0.00000000099999999995 0.00000000099999999995 0.25286321146444046271 
0.51457172070019208121 0.48542827729980797535 0.00000000099999999995 0.00000000099999999995 
0.65773869618857938590 0.34226130181142055964 0.00000000099999999991 0.00000000099999999991 
0.50252986215079553656 0.49747013584920463103 0.00000000099999999996 0.00000000099999999996 
0.51937744014363951273 0.48062255785636059935 0.00000000099999999996 0.00000000099999999996 
0.48647408399484032282 0.51352591400515967823 0.00000000099999999998 0.00000000099999999998 
0.92046035078960219966 0.07021171352792124343 0.00000000099999999999 0.00932793468247657999 
0.50466049631171849832 0.49533950168828150273 0.00000000099999999997 0.00000000099999999997 
0.50878851388872037287 0.49121148411127962818 0.00000000099999999998 0.00000000099999999998 
0.52207368938373821532 0.47792630861626173022 0.00000000099999999996 0.00000000099999999996 
0.00000000099999999993 0.99999999700000008485 0.00000000099999999993 0.00000000099999999993 
0.81536366537763715900 0.14860469550232149882 0.00000000100000000000 0.03603163812004137045 
0.13178407906056813226 0.84373108864870594026 0.02448483129072574413 0.00000000099999999999 
0.00000000099999999993 0.99999999699999997382 0.00000000099999999993 0.00000000099999999993 
0.89180761785134365915 0.01924510649363514458 0.00000000099999999999 0.08894727465502130781 
0.79485785203051173564 0.17603381688012553763 0.00000000099999999999 0.02910833008936272379 
0.79293676052810879717 0.17264649974817727895 0.00539842296847719508 0.02901831675523662904 
0.00000000099999999998 0.99999999699999997382 0.00000000099999999998 0.00000000099999999998 
0.32662768221068821939 0.67337231578931189269 0.00000000099999999996 0.00000000099999999996 
0.02579869095855986602 0.97420130704144014544 0.00000000099999999996 0.00000000099999999996 
0.83010121845180528943 0.00000000099999999995 0.00000000099999999995 0.16989877954819485040 
0.89719247472030028145 0.00000000099999999999 0.00000000099999999999 0.10280752327969973348 
0.14851196529978111238 0.83608770281968314286 0.01540033088053575049 0.00000000099999999999 
0.80354811254396241171 0.13492230743773950263 0.00950942472389092186 0.05202015529440720543 
0.84728057392674083204 0.12084402762497828410 0.00000000100000000000 0.03187539744828098154 
0.67090999344423218886 0.32909000455576770117 0.00000000099999999993 0.00000000099999999993 
0.81045542051435592867 0.00000000099999999995 0.00000000099999999995 0.18954457748564404462 
0.81664869663754313667 0.00000000099999999994 0.00000000099999999994 0.18335130136245694765 
0.83460549635172043281 0.00000000099999999996 0.00000000099999999996 0.16539450164827954048 
0.82971434944561206493 0.09563676105567410490 0.00000000099999999999 0.07464888849871370580 
0.79807462148711694194 0.14244502674383036078 0.00000000100000000000 0.05948035076905255208 
0.53856438799309303000 0.46143561000690708207 0.00000000099999999996 0.00000000099999999996 
0.82281374415930863542 0.13766536673122395373 0.00000000099999999999 0.03952088810946748770 
0.79169961382166786912 0.17497370535175477135 0.00000000100000000000 0.03332667982657732536 
0.00000000099999999996 0.99999999700000008485 0.00000000099999999996 0.00000000099999999996 
0.63874631365792966520 0.36125368434207022483 0.00000000099999999992 0.00000000099999999992 
0.35511571248013029667 0.64488428551986975990 0.00000000099999999997 0.00000000099999999997 
0.00000000099999999995 0.99999999699999997382 0.00000000099999999995 0.00000000099999999995 
0.81971193837804834370 0.00000000099999999996 0.00000000099999999996 0.18028805962195160184 
0.88082639914693328098 0.08172651667414301824 0.00000000099999999999 0.03744708317892380539 
0.72217788069962995934 0.25039763196137537760 0.00000000100000000000 0.02742448633899471216 
0.34061589674280534634 0.65938410125719471022 0.00000000099999999997 0.00000000099999999997 
0.28793900645282721751 0.71206099154717272803 0.00000000099999999998 0.00000000099999999998 
0.82386583132119650674 0.00000000099999999995 0.00000000099999999995 0.17613416667880360533 
0.86664175200585902292 0.04082921160432088914 0.00000000099999999999 0.09252903538982007459 
0.00000000100000000000 0.00417656456058601751 0.88337990535296273542 0.11244352908645133260 
0.00000000099999999998 0.00177759511629664276 0.99822240288370323036 0.00000000099999999998 
0.00725386846883834500 0.00209641306461545718 0.84817214824463071920 0.14247757022191553933 
0.89632305696668967965 0.07575260516334236804 0.00000000099999999999 0.02792433686996802916 
0.00000000099999999994 0.00000000099999999994 0.99999999699999997382 0.00000000099999999994 
0.00000000099999999999 0.01235261731300414841 0.98764738068699575724 0.00000000099999999999 
0.92234526893109580747 0.04302688602602620233 0.00000000099999999999 0.03462784404287810175 
0.00000000099999999979 0.00000000099999999979 0.00000000099999999979 0.99999999699999997382 
0.00000000099999999999 0.01303337570551283200 0.98696662229448717252 0.00000000099999999999 
0.30212029257668893134 0.69787970542331101420 0.00000000099999999996 0.00000000099999999996 
0.88873450535535747363 0.09779831188332616110 0.00000000099999999999 0.01346718176131647855 
0.32769953020451508818 0.67230046779548502389 0.00000000099999999995 0.00000000099999999995 
0.90021793713488151845 0.06787486884142451826 0.00000000099999999999 0.03190719302369399851 
0.29444322268288564137 0.70555677531711447070 0.00000000099999999997 0.00000000099999999997 
0.00000000099999999998 0.00000092538508502984 0.99999907261491494115 0.00000000099999999998 
0.00000000099999999993 0.00000000099999999993 0.99999999699999986280 0.00000000099999999993 
0.36030451659326301339 0.63969548140673693215 0.00000000099999999996 0.00000000099999999996 
0.29938830103643460090 0.70061169696356551118 0.00000000099999999995 0.00000000099999999995 
0.00000000099999999987 0.00000000099999999987 0.00000000099999999987 0.99999999699999997382 
0.88106943096814771543 0.10110569578802884594 0.00000000099999999999 0.01782487224382349120 
0.00000000099999999998 0.99999999699999997382 0.00000000099999999998 0.00000000099999999998 
0.00000000099999999999 0.98675189275499586294 0.01238987692144781320 0.00085822932355633934 
0.00000000099999999999 0.99999995561268617550 0.00000000099999999999 0.00000004238731398374 
0.00000000099999999999 0.98739227548941721491 0.01260772251058272023 0.00000000099999999999 
0.00000000099999999992 0.00000000099999999992 0.99999999699999986280 0.00000000099999999992 
0.88489723849835311142 0.11510275950164697290 0.00000000099999999993 0.00000000099999999993 
0.00000000099999999999 0.01120089405582412774 0.98402472179371092142 0.00477438315046485855 
0.00000000099999999990 0.00000000099999999990 0.99999999699999986280 0.00000000099999999990 
0.00000000099999999995 0.00000000099999999995 0.99999999699999997382 0.00000000099999999995 
0.00000000099999999999 0.00922597074899285212 0.99077402725100705005 0.00000000099999999999 
0.00000000099999999991 0.99999999699999997382 0.00000000099999999991 0.00000000099999999991 
0.00000000099999999999 0.03158033990771178662 0.96841965809228824913 0.00000000099999999999 
0.00000000099999999995 0.99999999700000008485 0.00000000099999999995 0.00000000099999999995 
0.00000000099999999985 0.00000000099999999985 0.99999999699999986280 0.00000000099999999985 
0.00000000099999999994 0.00000000099999999994 0.99999999699999986280 0.00000000099999999994 
0.00000000099999999984 0.00000000099999999984 0.99999999699999997382 0.00000000099999999984 
0.00000000099999999991 0.99999999700000008485 0.00000000099999999991 0.00000000099999999991 
0.00000000099999999992 0.00000000099999999992 0.99999999699999997382 0.00000000099999999992 
0.00000000099999999999 0.00000683959317199877 0.99999314609731226877 0.00000001330951565279 
0.00000000099999999994 0.00000000099999999994 0.99999999699999986280 0.00000000099999999994 
0.00000000099999999996 0.00000000099999999996 0.99999999699999997382 0.00000000099999999996 
0.00000000099999999987 0.00000000099999999987 0.00000000099999999987 0.99999999700000008485 
0.00000000099999999994 0.00000000099999999994 0.99999999699999997382 0.00000000099999999994 
0.00000000099999999995 0.00000000099999999995 0.99999999699999997382 0.00000000099999999995 
0.00000000099999999989 0.00000000099999999989 0.00000000099999999989 0.99999999699999997382 
0.00000000099999999996 0.00000000099999999996 0.99999999699999986280 0.00000000099999999996 
0.00000000099999999991 0.99999999700000008485 0.00000000099999999991 0.00000000099999999991 
0.00000000099999999995 0.99999999699999997382 0.00000000099999999995 0.00000000099999999995 
0.00000000099999999993 0.99999999700000008485 0.00000000099999999993 0.00000000099999999993 
0.00000000099999999993 0.99999999700000008485 0.00000000099999999993 0.00000000099999999993 
0.00000000099999999994 0.99999999700000008485 0.00000000099999999994 0.00000000099999999994 
0.00000000099999999993 0.99999999699999997382 0.00000000099999999993 0.00000000099999999993 
0.00000000099999999993 0.99999999699999997382 0.00000000099999999993 0.00000000099999999993 
0.00000000099999999991 0.99999999699999997382 0.00000000099999999991 0.00000000099999999991 
0.00000000099999999991 0.00000000099999999991 0.99999999699999997382 0.00000000099999999991 
0.00000000100000000000 0.00072044867298569934 0.85133274164792394068 0.14794680867909035249 
0.00000000099999999998 0.00000000099999999998 0.99999999699999986280 0.00000000099999999998 
0.65777973829466351852 0.34222025970533648254 0.00000000099999999995 0.00000000099999999995 
0.91515298627652164054 0.08484701172347844378 0.00000000099999999993 0.00000000099999999993 
0.00000000099999999998 0.00000000099999999998 0.99999999699999986280 0.00000000099999999998 
0.65521467375519371057 0.34478532424480640151 0.00000000099999999995 0.00000000099999999995 
0.00000146422091799724 0.05462067051751180041 0.93271524722602161539 0.01266261803554869468 
0.60853005883732469439 0.39146993916267525115 0.00000000099999999992 0.00000000099999999992 
0.00000000099999999993 0.99999999699999997382 0.00000000099999999993 0.00000000099999999993 
0.66870732487698258950 0.33129267312301746706 0.00000000099999999993 0.00000000099999999993 
0.63243711658680012988 0.36756288141319987117 0.00000000099999999993 0.00000000099999999993 
0.65821661621716409662 0.34178338178283595994 0.00000000099999999991 0.00000000099999999991 
0.94509855647791474187 0.05490144152208523837 0.00000000099999999997 0.00000000099999999997 
0.64658445919879481423 0.35341553880120524234 0.00000000099999999991 0.00000000099999999991 
0.65061474137930142003 0.34938525662069858102 0.00000000099999999993 0.00000000099999999993 
0.00000000099999999991 0.99999999699999997382 0.00000000099999999991 0.00000000099999999991 
0.00000000099999999999 0.00777979059160591440 0.99222010575437746827 0.00000010265401666219 
0.00000000099999999999 0.00932384040577863456 0.99067615759422145150 0.00000000099999999999 
0.00000000099999999999 0.00000000099999999999 0.85875346439816824251 0.14124653360183184181 
0.92419701584566282815 0.07580298215433718678 0.00000000099999999995 0.00000000099999999995 
0.64973965744188211247 0.35026034055811788859 0.00000000099999999991 0.00000000099999999991 
0.00000000099999999993 0.99999999700000008485 0.00000000099999999993 0.00000000099999999993 
0.90895612516612678267 0.09104387283387332941 0.00000000099999999996 0.00000000099999999996 
0.64654145029542264833 0.35345854770457740823 0.00000000099999999992 0.00000000099999999992 
0.90602089635270766088 0.09397910164729238180 0.00000000099999999994 0.00000000099999999994 
0.94870789422199197638 0.05129210377800812876 0.00000000099999999997 0.00000000099999999997 
0.95666155010261988423 0.04333844789738006131 0.00000000099999999996 0.00000000099999999996 
0.00000000099999999998 0.00245117718760595174 0.99754882081239404368 0.00000000099999999998 
0.46676974256120346007 0.52766329243044496344 0.00000000100000000000 0.00556696400835170711 
0.00000000099999999995 0.99999999700000008485 0.00000000099999999995 0.00000000099999999995 
0.94291562566798825529 0.05708437233201172495 0.00000000099999999997 0.00000000099999999997 
0.65500414817503171960 0.34499584982496833696 0.00000000099999999993 0.00000000099999999993 
0.00000000413999494487 0.00000112283654195919 0.99497648127952698083 0.00502239174393623138 
0.00000000099999999995 0.99999999700000008485 0.00000000099999999995 0.00000000099999999995 
0.36590148058340848936 0.63409851741659140067 0.00000000099999999995 0.00000000099999999995 
0.36993984189653200678 0.63006015610346810529 0.00000000099999999997 0.00000000099999999997 
0.34968068698088783375 0.65031931101911222282 0.00000000099999999997 0.00000000099999999997 
0.35085111108483801878 0.64914888691516203778 0.00000000099999999995 0.00000000099999999995 
0.34106868557508301931 0.65893131242491698174 0.00000000099999999994 0.00000000099999999994 
0.32540320823117069304 0.67459678976882930801 0.00000000099999999994 0.00000000099999999994 
0.33028826310002490363 0.66971173489997515293 0.00000000099999999996 0.00000000099999999996 
0.38268613308883192570 0.61731386491116801984 0.00000000099999999998 0.00000000099999999998 
0.35764700050958397881 0.64235299749041618877 0.00000000099999999994 0.00000000099999999994 
0.36133258760608566451 0.63866741039391439205 0.00000000099999999996 0.00000000099999999996 
0.00000000099999999992 0.00000000099999999992 0.99999999699999986280 0.00000000099999999992 
0.00000000099999999995 0.00000000099999999995 0.99999999699999986280 0.00000000099999999995 
0.00000000099999999991 0.00000000099999999991 0.99999999699999997382 0.00000000099999999991 
0.00000000099999999992 0.00000000099999999992 0.99999999699999986280 0.00000000099999999992 
0.00000000099999999995 0.00000000099999999995 0.99999999699999997382 0.00000000099999999995 
0.00000000099999999990 0.00000000099999999990 0.99999999699999986280 0.00000000099999999990 
0.00000000099999999994 0.00000000099999999994 0.99999999699999986280 0.00000000099999999994 
0.00000000099999999997 0.00000000099999999997 0.99999999699999986280 0.00000000099999999997 
0.00000000099999999998 0.00000000099999999998 0.99580573903559577165 0.00419425896440408022 
0.00000000099999999996 0.00000000099999999996 0.99999999699999997382 0.00000000099999999996 
0.00000000099999999997 0.00000000099999999997 0.83691071088643298470 0.16308928711356707186 
0.00000000099999999996 0.00000000099999999996 0.99999999699999997382 0.00000000099999999996 
0.00000000099999999996 0.00000000099999999996 0.99999999699999997382 0.00000000099999999996 
0.00000000099999999996 0.00000000099999999996 0.99999999699999986280 0.00000000099999999996 
0.00000000099999999997 0.00000000099999999997 0.99624313742743675348 0.00375686057256320637 
0.00000000099999999990 0.00000000099999999990 0.99999999699999986280 0.00000000099999999990 
0.00000000099999999993 0.00000000099999999993 0.99999999699999986280 0.00000000099999999993 
0.00000000099999999999 0.00000000099999999999 0.99797383690799368328 0.00202616109200640451 
0.00000000099999999998 0.00000000099999999998 0.86329270757600329311 0.13670729042399673570 
0.00000000099999999998 0.00000000099999999998 0.99999999699999997382 0.00000000099999999998 
0.00000000099999999999 0.00000000099999999999 0.99986145254680247607 0.00013854545319739222 
0.00000000099999999994 0.00000000099999999994 0.99999999699999986280 0.00000000099999999994 
0.00000000099999999990 0.00000000099999999990 0.99999999699999986280 0.00000000099999999990 
0.00000000099999999991 0.00000000099999999991 0.99999999699999997382 0.00000000099999999991 
0.00000000099999999998 0.00000000099999999998 0.99999999699999997382 0.00000000099999999998 
0.00000000099999999998 0.00817386117207006581 0.99182613682792986065 0.00000000099999999998 
0.00000000099999999998 0.00000000099999999998 0.99999999699999997382 0.00000000099999999998 
0.00001040863149635579 0.00000003873887431575 0.99998955162962932519 0.00000000100000000000 
0.00000000099999999999 0.99816305149811201947 0.00000000099999999999 0.00183694650188796467 
0.00000000099999999997 0.99999999699999997382 0.00000000099999999997 0.00000000099999999997 
0.00000000099999999997 0.99999999700000008485 0.00000000099999999997 0.00000000099999999997 
0.00000000099999999999 0.99726134198006799458 0.00273865601993194792 0.00000000099999999999 
0.00000000099999999999 0.99999898730802794233 0.00000101069197213784 0.00000000099999999999 
0.00000000099999999999 0.99999999699999997382 0.00000000099999999999 0.00000000099999999999 
0.00000000099999999996 0.99999999700000008485 0.00000000099999999996 0.00000000099999999996 
0.00000000099999999999 0.98551091910068000512 0.01448907889931998205 0.00000000099999999999 
0.00000000099999999998 0.98932839142552808642 0.01067160657447202045 0.00000000099999999998 
0.00000000099999999995 0.99999999700000008485 0.00000000099999999995 0.00000000099999999995 
0.00000000099999999995 0.99999999699999997382 0.00000000099999999995 0.00000000099999999995 
0.00000000099999999996 0.99999999699999997382 0.00000000099999999996 0.00000000099999999996 
0.00000000099999999995 0.99999999699999997382 0.00000000099999999995 0.00000000099999999995 
0.00000000099999999997 0.99999999699999997382 0.00000000099999999997 0.00000000099999999997 
0.00000000099999999996 0.99999999700000008485 0.00000000099999999996 0.00000000099999999996 
0.00000000099999999998 0.99999999700000008485 0.00000000099999999998 0.00000000099999999998 
0.00000000099999999998 0.99940874326636686131 0.00059125473363311947 0.00000000099999999998 
0.00000000099999999994 0.99999999700000008485 0.00000000099999999994 0.00000000099999999994 
0.00000000099999999996 0.99999999699999997382 0.00000000099999999996 0.00000000099999999996 
0.00000000099999999997 0.99999999699999997382 0.00000000099999999997 0.00000000099999999997 
0.58067222431337717214 0.41932777368662282891 0.00000000099999999995 0.00000000099999999995 
0.51475500044573807568 0.48524499755426203640 0.00000000099999999998 0.00000000099999999998 
0.51589172812280925662 0.48165768070002501489 0.00245059017716564229 0.00000000099999999999 
0.53500491715569742368 0.46499508084430268839 0.00000000099999999994 0.00000000099999999994 
0.56623533963071970287 0.43376465836928029818 0.00000000099999999994 0.00000000099999999994 
0.51507143792640019964 0.48492856007359974591 0.00000000099999999998 0.00000000099999999998 
0.49996910720177883958 0.46815425239950164693 0.00000000099999999999 0.03187663939871963892 
0.55457313220812354260 0.44542686579187651397 0.00000000099999999995 0.00000000099999999995 
0.53919031449631160680 0.46080968350368839426 0.00000000099999999996 0.00000000099999999996 
0.52658639359524017642 0.47341360440475999116 0.00000000099999999995 0.00000000099999999995 
0.49843474681088906220 0.50156525118911099437 0.00000000099999999996 0.00000000099999999996 
0.52179478996005101976 0.47820520803994909231 0.00000000099999999997 0.00000000099999999997 
0.49994989136196060775 0.50005010663803928228 0.00000000099999999995 0.00000000099999999995 
0.49301300716752805009 0.50698699083247200647 0.00000000099999999995 0.00000000099999999995 
0.50358171137077334389 0.49641828662922665716 0.00000000099999999996 0.00000000099999999996 
0.50412382263939936600 0.49587617536060052403 0.00000000099999999997 0.00000000099999999997 
0.54866397393535748517 0.45133602406464257140 0.00000000099999999998 0.00000000099999999998 
0.51268693559523126346 0.48731306240476884861 0.00000000099999999996 0.00000000099999999996 
0.50673112686528287707 0.49326887113471717949 0.00000000099999999998 0.00000000099999999998 
0.51889338429037823452 0.48110661370962171102 0.00000000099999999994 0.00000000099999999994 
0.53716558018880844472 0.46283441781119150082 0.00000000099999999993 0.00000000099999999993 
0.49759586173635178552 0.50240413626364832655 0.00000000099999999997 0.00000000099999999997 
0.55418478162732820458 0.44581521637267185199 0.00000000099999999994 0.00000000099999999994 
0.52824775788103428553 0.47175224011896566001 0.00000000099999999995 0.00000000099999999995 
0.50016768024530200432 0.49983231775469816327 0.00000000099999999997 0.00000000099999999997 
0.50820171610305620025 0.49179828189694380081 0.00000000099999999995 0.00000000099999999995 
0.55881801012517706706 0.44118198787482282297 0.00000000099999999993 0.00000000099999999993 
0.51481157105812569430 0.48518842694187425124 0.00000000099999999996 0.00000000099999999996 
0.51459680609885449787 0.48540319190114544767 0.00000000099999999996 0.00000000099999999996 
0.53795249193887495487 0.46204750606112510170 0.00000000099999999996 0.00000000099999999996 
0.49789997893199755552 0.50210001906800239002 0.00000000099999999997 0.00000000099999999997 
0.52899894627706234296 0.47100105172293765809 0.00000000099999999994 0.00000000099999999994 
0.49697495129804286629 0.50302504670195713476 0.00000000099999999995 0.00000000099999999995 
0.48079409282157470340 0.50639217681536397020 0.00918755637145312470 0.00362617399160833657 
0.52724326666330745272 0.47275673133669265935 0.00000000099999999996 0.00000000099999999996 
0.51828441872678698843 0.48171557927321306813 0.00000000099999999997 0.00000000099999999997 
0.54583323321414423113 0.45416676478585571441 0.00000000099999999996 0.00000000099999999996 
0.51316734630403648687 0.48683265169596345867 0.00000000099999999998 0.00000000099999999998 
0.53638218504327717095 0.46361781295672294112 0.00000000099999999995 0.00000000099999999995 
0.45821009988329136631 0.53132734231450384765 0.01046255680220478310 0.00000000099999999999 
0.47919404718148922440 0.52080595081851088768 0.00000000099999999997 0.00000000099999999997 
0.50057760476283430506 0.49942239323716575150 0.00000000099999999997 0.00000000099999999997 
0.51472193198998361652 0.48527806601001644005 0.00000000099999999998 0.00000000099999999998 
0.52282892500971145378 0.47717107299028849177 0.00000000099999999997 0.00000000099999999997 
0.49315833190857588653 0.50684166609142422555 0.00000000099999999995 0.00000000099999999995 
0.50081075080699621882 0.49918924719300383774 0.00000000099999999998 0.00000000099999999998 
0.49753881451257536694 0.50246118348742474513 0.00000000099999999997 0.00000000099999999997 
0.50413340316332766466 0.49586659483667239190 0.00000000099999999996 0.00000000099999999996 
0.46749928023031200874 0.53250071776968810333 0.00000000099999999999 0.00000000099999999999 
0.49062761115644243359 0.50937238684355756746 0.00000000099999999996 0.00000000099999999996 
0.88150748729209760235 0.11849251070790241258 0.00000000099999999995 0.00000000099999999995 
0.89167473068742353348 0.10832526731257655084 0.00000000099999999995 0.00000000099999999995 
0.89720496152698481218 0.10279503647301532765 0.00000000099999999997 0.00000000099999999997 
0.92073959320438347742 0.07926040479561652363 0.00000000099999999995 0.00000000099999999995 
0.89767063121505730194 0.10232936678494268523 0.00000000099999999995 0.00000000099999999995 
0.91382156726109686762 0.08617843073890317507 0.00000000099999999996 0.00000000099999999996 
0.90472012491394959710 0.09527987308605039007 0.00000000099999999994 0.00000000099999999994 
0.89012454751642622330 0.10987545048357369448 0.00000000099999999998 0.00000000099999999998 
0.91409251997408869084 0.08590747802591117144 0.00000000099999999994 0.00000000099999999994 
0.90666424547430624070 0.09333575252569388525 0.00000000099999999993 0.00000000099999999993 
0.00000000099999999998 0.99096392148770195973 0.00903607651229804132 0.00000000099999999998 
0.00000000099999999997 0.99201391690334850271 0.00798608109665142028 0.00000000099999999997 
0.00000077053056094800 0.98445010320421955097 0.01554912526521943020 0.00000000099999999999 
0.00000000173520054692 0.99411225127714109018 0.00588774598765848256 0.00000000099999999999 
0.00000000099999999999 0.98902691293115663207 0.01097308506884340888 0.00000000099999999999 
0.00000002254612057616 0.99196193594829740192 0.00803804050558204128 0.00000000099999999999 
0.00000000099999999999 0.98877130017484726743 0.01122869782515265730 0.00000000099999999999 
0.00000000099999999998 0.99025240063478159325 0.00974759736521842689 0.00000000099999999998 
0.00000000099999999999 0.99189302394560296960 0.00810697405439707135 0.00000000099999999999 
0.00000000099999999998 0.99745147826411095782 0.00254851973588914428 0.00000000099999999998 
0.00000000099999999995 0.00000000099999999995 0.95938194521646158464 0.04061805278353828458 
0.00000000099999999989 0.00000000099999999989 0.99999999699999986280 0.00000000099999999989 
0.00000000099999999986 0.00000000099999999986 0.99999999699999997382 0.00000000099999999986 
0.00000000099999999987 0.00000000099999999987 0.99999999699999997382 0.00000000099999999987 
0.00000000099999999986 0.00000000099999999986 0.99999999699999997382 0.00000000099999999986 
0.00000000099999999985 0.00000000099999999985 0.99999999699999986280 0.00000000099999999985 
0.00000000099999999985 0.00000000099999999985 0.99999999699999997382 0.00000000099999999985 
0.00000000099999999984 0.00000000099999999984 0.99999999699999986280 0.00000000099999999984 
0.00000000099999999988 0.00000000099999999988 0.99999999699999997382 0.00000000099999999988 
0.00000000099999999984 0.00000000099999999984 0.99999999699999986280 0.00000000099999999984 
0.95869817362040077313 0.04130182437959936670 0.00000000099999999995 0.00000000099999999995 
0.96647862696509179159 0.03352137103490827191 0.00000000099999999994 0.00000000099999999994 
0.99999999700000008485 0.00000000099999999991 0.00000000099999999991 0.00000000099999999991 
0.97887021915384542226 0.02112977884615453369 0.00000000099999999992 0.00000000099999999992 
0.99997409965498762485 0.00002589834501228352 0.00000000099999999991 0.00000000099999999991 
0.99405027830525660715 0.00594971969474337829 0.00000000099999999995 0.00000000099999999995 
0.99334614043533664418 0.00665385756466327621 0.00000000099999999992 0.00000000099999999992 
0.96877573736560818052 0.03122426063439174768 0.00000000099999999993 0.00000000099999999993 
0.99506208059905643104 0.00493791740094349195 0.00000000099999999992 0.00000000099999999992 
0.99998889268732604751 0.00001110531267409499 0.00000000099999999993 0.00000000099999999993 
0.00000000099999999995 0.00000000099999999995 0.99999999699999986280 0.00000000099999999995 
0.00000000244075877358 0.00000000099999999998 0.99999999555924112826 0.00000000099999999998 
0.00477321139533869350 0.00953639208043708698 0.98569039552422432759 0.00000000100000000000 
0.00000000099999999993 0.00000000099999999993 0.99999999699999986280 0.00000000099999999993 
0.00000000099999999998 0.00000000099999999998 0.99999999699999997382 0.00000000099999999998 
0.00000000099999999995 0.00000000099999999995 0.99999999699999986280 0.00000000099999999995 
0.00000000099999999998 0.00000000099999999998 0.99703752794720168495 0.00296247005279820638 
0.00000000099999999996 0.00000000099999999996 0.99999999699999997382 0.00000000099999999996 
0.00000000099999999991 0.00000000099999999991 0.99999999699999986280 0.00000000099999999991 
0.00000000099999999999 0.00000000099999999999 0.99999996090974829777 0.00000003709025170613 
0.00000000099999999978 0.00000000099999999978 0.00000000099999999978 0.99999999700000008485 
0.00000000099999999979 0.00000000099999999979 0.00000000099999999979 0.99999999699999997382 
0.00000000099999999987 0.00000000099999999987 0.00000000099999999987 0.99999999699999997382 
0.00000000099999999981 0.00000000099999999981 0.00000000099999999981 0.99999999700000008485 
0.00000000099999999974 0.00000000099999999974 0.00000000099999999974 0.99999999700000008485 
0.00000000099999999979 0.00000000099999999979 0.00000000099999999979 0.99999999699999997382 
0.00000000099999999984 0.00000000099999999984 0.00000000099999999984 0.99999999699999997382 
0.00000000099999999976 0.00000000099999999976 0.00000000099999999976 0.99999999700000008485 
0.00000000099999999986 0.00000000099999999986 0.00000000099999999986 0.99999999699999997382 
0.00000000099999999976 0.00000000099999999976 0.00000000099999999976 0.99999999700000008485 
0.00000000099999999992 0.00000000099999999992 0.99999999699999997382 0.00000000099999999992 
0.00000000099999999992 0.00000000099999999992 0.99999999699999997382 0.00000000099999999992 
0.00000000099999999994 0.00000000099999999994 0.99999999699999997382 0.00000000099999999994 
0.00000000099999999991 0.00000000099999999991 0.99999999699999997382 0.00000000099999999991 
0.00000000099999999995 0.00000000099999999995 0.99999999699999986280 0.00000000099999999995 
0.00000000099999999992 0.00000000099999999992 0.99999999699999986280 0.00000000099999999992 
0.00000000099999999989 0.00000000099999999989 0.99999999699999986280 0.00000000099999999989 
0.00000000099999999994 0.00000000099999999994 0.99999999699999986280 0.00000000099999999994 
0.00000000099999999991 0.00000000099999999991 0.99999999699999986280 0.00000000099999999991 
0.00000000099999999994 0.00000000099999999994 0.99999999699999986280 0.00000000099999999994 
0.00000000099999999995 0.99999999699999997382 0.00000000099999999995 0.00000000099999999995 
0.00400752847404486825 0.99599246952595510418 0.00000000099999999998 0.00000000099999999998 
0.00000000099999999996 0.99999999699999997382 0.00000000099999999996 0.00000000099999999996 
0.00000000099999999996 0.99999999700000008485 0.00000000099999999996 0.00000000099999999996 
0.00000000099999999994 0.99999999700000008485 0.00000000099999999994 0.00000000099999999994 
0.00000000099999999998 0.92113228573773120456 0.00000000099999999998 0.07886771226226875486 
0.00000000099999999995 0.99999999699999997382 0.00000000099999999995 0.00000000099999999995 
0.00000000099999999996 0.99999999700000008485 0.00000000099999999996 0.00000000099999999996 
0.00000000099999999999 0.89713917814412524887 0.00000000099999999999 0.10286081985587476606 
0.00034051798352708311 0.99965945552779722494 0.00000002548867557680 0.00000000099999999999 
0.00000000099999999998 0.00000000099999999998 0.99999999296877650767 0.00000000503122338303 
0.00000000099999999998 0.00000000099999999998 0.99999999699999986280 0.00000000099999999998 
0.00000000099999999995 0.00000000099999999995 0.99999999699999997382 0.00000000099999999995 
0.00000000099999999998 0.00000000099999999998 0.99516297980743706475 0.00483701819256280099 
0.00000000099999999995 0.00000000099999999995 0.99999999699999986280 0.00000000099999999995 
0.00000000099999999995 0.00000000099999999995 0.99999999699999997382 0.00000000099999999995 
