0.00000000099999999996 0.91491410249863880377 0.00000004286623752715 0.00000000099999999996 0.08500303657755120534 0.00000000099999999996 0.00000000099999999996 0.00000000099999999996 0.00008281105757250704 0.00000000099999999996 0.00000000099999999996 
0.00000000099999999997 0.85882644028187149488 0.00000000099999999997 0.00000000099999999997 0.13915299807647144026 0.00000000099999999997 0.00202055364165723214 0.00000000099999999997 0.00000000099999999997 0.00000000099999999997 0.00000000099999999997 
0.00000000099999999988 0.00000000099999999988 0.00000000099999999988 0.00000000099999999988 0.00000000099999999988 0.00000000099999999988 0.00000000099999999988 0.00000000099999999988 0.02771811301761250776 0.97227923050579923014 0.00000264847658837486 
0.00000000099999999994 0.90730642493587265740 0.00000000099999999994 0.00000016856805800959 0.08826612594470560624 0.00000000099999999994 0.00000000099999999994 0.00442727355136377041 0.00000000099999999994 0.00000000099999999994 0.00000000099999999994 
0.00610117531334944223 0.93311141444518397314 0.00000000099999999991 0.00003745012856074898 0.02544736588151989137 0.00000000099999999991 0.01128394659029937144 0.02401864264108662800 0.00000000099999999991 0.00000000099999999991 0.00000000099999999991 
0.01247170885460469753 0.94965026301433530520 0.00000000099999999991 0.02302529298835208696 0.00123082730415910468 0.00000000099999999991 0.01362190183854890442 0.00000000099999999991 0.00000000099999999991 0.00000000099999999991 0.00000000099999999991 
0.00000000099999999978 0.88314690971368914330 0.00000000099999999978 0.00000000099999999978 0.11685308128631115288 0.00000000099999999978 0.00000000099999999978 0.00000000099999999978 0.00000000099999999978 0.00000000099999999978 0.00000000099999999978 
0.00000000099999999983 0.80664053196209928309 0.00000000099999999983 0.00000000099999999983 0.19335945903790097145 0.00000000099999999983 0.00000000099999999983 0.00000000099999999983 0.00000000099999999983 0.00000000099999999983 0.00000000099999999983 
0.00000000099999999979 0.86692067504696757041 0.00000000099999999979 0.00000000099999999979 0.13307931595303262862 0.00000000099999999979 0.00000000099999999979 0.00000000099999999979 0.00000000099999999979 0.00000000099999999979 0.00000000099999999979 
0.00000000099999999990 0.93139426561386506886 0.00000000099999999990 0.00000000099999999990 0.01562988790062246752 0.00000000099999999990 0.04689812077410723118 0.00607771871140541826 0.00000000099999999990 0.00000000099999999990 0.00000000099999999990 
0.00000000099999999993 0.98075930844143932585 0.00000000099999999993 0.00000000099999999993 0.00003600219446139025 0.00000000099999999993 0.00000047875986024254 0.01920420360423917908 0.00000000099999999993 0.00000000099999999993 0.00000000099999999993 
0.00000000099999999991 0.95075520096096732825 0.00000000099999999991 0.00000000099999999991 0.00574998285940446496 0.00000000099999999991 0.00000000099999999991 0.04349480817962837059 0.00000000099999999991 0.00000000099999999991 0.00000000099999999991 
0.08810447067687658673 0.00000000099999999986 0.00000000099999999986 0.00000000099999999986 0.00000000099999999986 0.00000000099999999986 0.00000000099999999986 0.00000000099999999986 0.00895549993308147885 0.90294002139004181373 0.00000000099999999986 
0.00000000099999999984 0.90568296275117499139 0.00000000099999999984 0.00000000099999999984 0.09431702618543348626 0.00000000099999999984 0.00000000306339178486 0.00000000099999999984 0.00000000099999999984 0.00000000099999999984 0.00000000099999999984 
0.01724085434247183551 0.81188937038180664096 0.00000000099999999976 0.00000000099999999976 0.17032062001940462270 0.00000000099999999976 0.00054914825631708058 0.00000000099999999976 0.00000000099999999976 0.00000000099999999976 0.00000000099999999976 
0.01976105763613005689 0.65663004282486758800 0.00000000099999999976 0.00000000099999999976 0.07854269116936628270 0.00000000099999999976 0.24506620136963611079 0.00000000099999999976 0.00000000099999999976 0.00000000099999999976 0.00000000099999999976 
0.00000000099999999984 0.89742170259324316461 0.00000000099999999984 0.00000000099999999984 0.10257809147701658914 0.00000000099999999984 0.00000019792974039544 0.00000000099999999984 0.00000000099999999984 0.00000000099999999984 0.00000000099999999984 
0.00000000099999999904 0.00000000099999999904 0.00000000099999999904 0.00000000099999999904 0.00000000099999999904 0.00000000099999999904 0.99999999000000006077 0.00000000099999999904 0.00000000099999999904 0.00000000099999999904 0.00000000099999999904 
0.00000000099999999901 0.00000000099999999901 0.00000000099999999901 0.00000000099999999901 0.00000000099999999901 0.00000000099999999901 0.99999999000000006077 0.00000000099999999901 0.00000000099999999901 0.00000000099999999901 0.00000000099999999901 
0.00000000099999999997 0.96565892633579719639 0.00008818956838455227 0.00000000099999999997 0.00000992215439608177 0.00648296034057067438 0.00224933053934266896 0.02551041356170601765 0.00000025223182824878 0.00000000099999999997 0.00000000226797472346 
0.00000000099999999934 0.00000000099999999934 0.00000000099999999934 0.00000000099999999934 0.99999999000000017180 0.00000000099999999934 0.00000000099999999934 0.00000000099999999934 0.00000000099999999934 0.00000000099999999934 0.00000000099999999934 
0.00000000099999999981 0.85587231629376192554 0.00000000099999999981 0.00000000099999999981 0.13871070836439947094 0.00000000099999999981 0.00541696734183865283 0.00000000099999999981 0.00000000099999999981 0.00000000099999999981 0.00000000099999999981 
0.08050473485193883338 0.83388459946381443544 0.00000000099999999978 0.00000003736167860290 0.08528151961337179787 0.00000000099999999978 0.00032910270919646675 0.00000000099999999978 0.00000000099999999978 0.00000000099999999978 0.00000000099999999978 
0.02351493257796491085 0.72632609875427123214 0.00000000099999999964 0.00000000099999999964 0.25015896066776394102 0.00000000099999999964 0.00000000099999999964 0.00000000099999999964 0.00000000099999999964 0.00000000099999999964 0.00000000099999999964 
0.23246420275621415552 0.00000000099999999992 0.00000000099999999992 0.00000000099999999992 0.00000000099999999992 0.76180841009484234760 0.00479945589777670389 0.00000000099999999992 0.00000000099999999992 0.00092792425116679006 0.00000000099999999992 
0.00000000099999999997 0.96278210503185757130 0.00000000099999999997 0.00000000099999999997 0.00540545510456694970 0.00000000099999999997 0.00965471565403736021 0.00857564302183467207 0.01358002399522217907 0.00000000099999999997 0.00000205219248135076 
0.02321190731678597977 0.74802665302973259109 0.00000000099999999994 0.00000000099999999994 0.17379797394676180233 0.00000000099999999994 0.03259481774297596363 0.00000000099999999994 0.00000000099999999994 0.02236864196374382593 0.00000000099999999994 
0.00577075061591798312 0.74051869436306405614 0.00914874573748911298 0.00000000099999999998 0.21193499559415251987 0.00000000099999999998 0.02045204299843475168 0.00000000099999999998 0.01216903679086640822 0.00000000099999999998 0.00000572990007532337 
0.02258933618266950952 0.71800158937616376242 0.00000000099999999984 0.09581046265772134862 0.15496212298481248926 0.00000000099999999984 0.00863648279863285344 0.00000000099999999984 0.00000000099999999984 0.00000000099999999984 0.00000000099999999984 
0.00000000099999999982 0.84678276760826409753 0.00000000099999999982 0.00000000099999999982 0.15321722339173607375 0.00000000099999999982 0.00000000099999999982 0.00000000099999999982 0.00000000099999999982 0.00000000099999999982 0.00000000099999999982 
0.00000000099999999996 0.93540280958303734238 0.00000000099999999996 0.01825815807345840952 0.01519732726948832234 0.00000000099999999996 0.03114152478174854466 0.00000017429226749597 0.00000000099999999996 0.00000000099999999996 0.00000000099999999996 
0.00000000099999999923 0.00000000099999999923 0.00000000099999999923 0.00000000099999999923 0.99999999000000006077 0.00000000099999999923 0.00000000099999999923 0.00000000099999999923 0.00000000099999999923 0.00000000099999999923 0.00000000099999999923 
0.00000000099999999988 0.88103046994992983976 0.00000000099999999988 0.00000000099999999988 0.11896952105007030376 0.00000000099999999988 0.00000000099999999988 0.00000000099999999988 0.00000000099999999988 0.00000000099999999988 0.00000000099999999988 
0.00000000099999999998 0.77853436947879672836 0.00000000099999999998 0.00000000099999999998 0.11236380391151239155 0.00000000256148177750 0.03457002375275032569 0.00335688611182065420 0.00000017879739502932 0.06268190473052828726 0.00849282765571486575 
0.03577937032109402421 0.75763128794822831580 0.00000000099999999990 0.00000000099999999990 0.15240688973219226887 0.00000000099999999990 0.03387787997781856186 0.00000000099999999990 0.00000000099999999990 0.02030456602066696772 0.00000000099999999990 
0.00000000099999999997 0.78300618181641168380 0.00000000099999999997 0.00000014658619376590 0.11053675840865070934 0.08197733902790167726 0.00000000099999999997 0.00452629461236118188 0.00000000099999999997 0.00000000099999999997 0.01995327454848099674 
0.18576512708844314381 0.00000000099999999982 0.00000000099999999982 0.00000000099999999982 0.00000000099999999982 0.81423486391155686093 0.00000000099999999982 0.00000000099999999982 0.00000000099999999982 0.00000000099999999982 0.00000000099999999982 
0.00000000099999999995 0.82954721103686057671 0.00000000099999999995 0.00000000099999999995 0.13627328820840134416 0.00000000099999999995 0.01115999441552175189 0.00000000099999999995 0.00000000099999999995 0.02301949933921655297 0.00000000099999999995 
0.04891792984822258827 0.87306269778897882539 0.00000000099999999983 0.01629127410819955143 0.06027033823133256391 0.00000000099999999983 0.00145775402326665652 0.00000000099999999983 0.00000000099999999983 0.00000000099999999983 0.00000000099999999983 
0.00000000099999999991 0.92768679988049029816 0.00000000099999999991 0.00000000099999999991 0.04652515539659257682 0.00000000099999999991 0.00692389842247102122 0.01886413930044627402 0.00000000099999999991 0.00000000099999999991 0.00000000099999999991 
0.00000000099999999992 0.00000000099999999992 0.00000000099999999992 0.00000000099999999992 0.00000000099999999992 0.97914139943300793067 0.00000000099999999992 0.00000000099999999992 0.02085859156699203937 0.00000000099999999992 0.00000000099999999992 
0.17280152156193417934 0.00000000099999999992 0.00000000099999999992 0.04164560572849198422 0.00000000099999999992 0.78555286470957375045 0.00000000099999999992 0.00000000099999999992 0.00000000099999999992 0.00000000099999999992 0.00000000099999999992 
0.15392260340562294307 0.00000000099999999994 0.00000000099999999994 0.00083829527195364100 0.00000000099999999994 0.77408580474306920571 0.00000000099999999994 0.05923767226370590250 0.00000000099999999994 0.00000000099999999994 0.01191561831564845117 
0.00000000099999999996 0.00000000099999999996 0.01853243968964019342 0.00000000099999999996 0.00000000099999999996 0.27500163399351978954 0.00000000099999999996 0.00664490232960090240 0.24048460309075467278 0.00000000099999999996 0.45933641489648452394 
0.07011415943640340875 0.00000000099999999999 0.02322915524840234516 0.03950624191375753935 0.00000000099999999999 0.59069923197523022118 0.00000000099999999999 0.00016107487245266457 0.06336990755814125853 0.00007484455631671049 0.21284538143929568332 
0.09421946942674239156 0.00000000099999999982 0.00000000099999999982 0.00000000099999999982 0.00000000099999999982 0.00000000099999999982 0.00000000099999999982 0.00000000099999999982 0.07536646150784642728 0.00000000099999999982 0.83041406106541115761 
0.18902738831001830722 0.00000000099999999979 0.00000000099999999979 0.00000000099999999979 0.00000000099999999979 0.00000000099999999979 0.00000000099999999979 0.00000000099999999979 0.00000000099999999979 0.00000000099999999979 0.81097260268998172528 
0.20274953313938612331 0.00000000099999999998 0.01353972999462153999 0.01541527768461914763 0.00000000099999999998 0.51688710655774350311 0.00000000099999999998 0.01959019606372832886 0.12666192031092374237 0.00000000099999999998 0.10515623224897767407 
0.23615198144938487346 0.00000000099999999970 0.00000000099999999970 0.00000000099999999970 0.00000000099999999970 0.00000000099999999970 0.00000000099999999970 0.00000000099999999970 0.00000000099999999970 0.00000000099999999970 0.76384800955061527006 
0.00000000099999999985 0.00000000099999999985 0.00000000099999999985 0.00000000099999999985 0.00000000099999999985 0.00000000099999999985 0.00000000099999999985 0.00000000099999999985 0.00000000099999999985 0.00000000099999999985 0.99999998999999994975 
0.13370147500594978252 0.01329842203997889938 0.00203179638722878961 0.03706518321574690800 0.00000000099999999999 0.54013535643005738951 0.00622056936794703700 0.00000000099999999999 0.17214666771656106370 0.00000000099999999999 0.09540052683653019172 
0.00000000099999999991 0.00000000099999999991 0.00000000099999999991 0.00000000099999999991 0.00000000099999999991 0.07657903317613615202 0.00000000099999999991 0.00000000099999999991 0.21369507093075060244 0.00000000099999999991 0.70972588789311330526 
0.00000000099999999948 0.00000000099999999948 0.00000000099999999948 0.00000000099999999948 0.00000000099999999948 0.00000000099999999948 0.99999999000000006077 0.00000000099999999948 0.00000000099999999948 0.00000000099999999948 0.00000000099999999948 
0.27959520667005027805 0.00000000099999999980 0.00000000099999999980 0.00000000099999999980 0.00000000099999999980 0.00000000099999999980 0.00000000099999999980 0.00000000099999999980 0.00000000099999999980 0.00000000099999999980 0.72040478432994947688 
0.30990261701067378652 0.00000000099999999975 0.00000000099999999975 0.00000000099999999975 0.00000000099999999975 0.00000000099999999975 0.00000000099999999975 0.00000000099999999975 0.00000000099999999975 0.00000000099999999975 0.69009737398932591290 
0.23602585127388908681 0.00000000099999999978 0.00000000099999999978 0.00000000099999999978 0.00000000099999999978 0.00000000099999999978 0.00000000099999999978 0.00000000099999999978 0.00000000099999999978 0.00000000099999999978 0.76397413972611083466 
0.23065765845146760094 0.00000000099999999980 0.00000000099999999980 0.00000000099999999980 0.00000000099999999980 0.00000000099999999980 0.00000000099999999980 0.00000000099999999980 0.00000000099999999980 0.00000000099999999980 0.76934233254853245931 
0.26480633752476084863 0.00000000099999999978 0.00000000099999999978 0.00000000099999999978 0.00000000099999999978 0.00000000099999999978 0.00000000099999999978 0.00000000099999999978 0.00000000099999999978 0.00000000099999999978 0.73519365347523901733 
0.16915798841144549791 0.00000000099999999982 0.00000000099999999982 0.00000000099999999982 0.00000000099999999982 0.00000000099999999982 0.00000000099999999982 0.00000000099999999982 0.00000000099999999982 0.00000000099999999982 0.83084200258855445131 
0.00000000099999999998 0.93153549046705519388 0.00000000099999999998 0.00000000099999999998 0.00000019946057333186 0.00723098507772435700 0.01801027572434136734 0.02074613122851796249 0.00000000099999999998 0.02247691304178793884 0.00000000099999999998 
0.02924577210627619592 0.93303154963664769461 0.00000000099999999986 0.00072993914126989984 0.02674703851135436586 0.00000000099999999986 0.00533823921439685514 0.00490745639005510034 0.00000000099999999986 0.00000000099999999986 0.00000000099999999986 
0.00000000099999999967 0.22160070569526232886 0.00000000099999999967 0.00000000099999999967 0.00000000099999999967 0.00000000099999999967 0.77839928530473778689 0.00000000099999999967 0.00000000099999999967 0.00000000099999999967 0.00000000099999999967 
0.00000000099999999976 0.00000000099999999976 0.00000000099999999976 0.00000000099999999976 0.99999999000000017180 0.00000000099999999976 0.00000000099999999976 0.00000000099999999976 0.00000000099999999976 0.00000000099999999976 0.00000000099999999976 
0.00000000099999999973 0.64195462018796567438 0.00000000099999999973 0.00000000099999999973 0.35804537081203446913 0.00000000099999999973 0.00000000099999999973 0.00000000099999999973 0.00000000099999999973 0.00000000099999999973 0.00000000099999999973 
0.00000000099999999914 0.00000000099999999914 0.00000000099999999914 0.00000000099999999914 0.99999999000000006077 0.00000000099999999914 0.00000000099999999914 0.00000000099999999914 0.00000000099999999914 0.00000000099999999914 0.00000000099999999914 
0.00000000099999999985 0.87767253823135882307 0.00000000099999999985 0.00000000099999999985 0.12232745276864133432 0.00000000099999999985 0.00000000099999999985 0.00000000099999999985 0.00000000099999999985 0.00000000099999999985 0.00000000099999999985 
0.00000000099999999979 0.90149315026278742380 0.00000000099999999979 0.00000000099999999979 0.09850684073721276135 0.00000000099999999979 0.00000000099999999979 0.00000000099999999979 0.00000000099999999979 0.00000000099999999979 0.00000000099999999979 
0.08053005500851134757 0.80283460155055241803 0.00000000099999999979 0.00000000099999999979 0.09398161863956691620 0.00000000099999999979 0.00268764815877723913 0.01996607064259227696 0.00000000099999999979 0.00000000099999999979 0.00000000099999999979 
0.00000000099999999900 0.00000000099999999900 0.00000000099999999900 0.00000000099999999900 0.00000000099999999900 0.00000000099999999900 0.99999998999999994975 0.00000000099999999900 0.00000000099999999900 0.00000000099999999900 0.00000000099999999900 
0.06764151770692039545 0.85019686423232432304 0.00000000099999999986 0.00909293956995727709 0.07051911106799647888 0.00000000099999999986 0.00254956142280162801 0.00000000099999999986 0.00000000099999999986 0.00000000099999999986 0.00000000099999999986 
0.00000000099999999972 0.86683092528381178177 0.00000000099999999972 0.00000000099999999972 0.13316906571618841726 0.00000000099999999972 0.00000000099999999972 0.00000000099999999972 0.00000000099999999972 0.00000000099999999972 0.00000000099999999972 
0.15576368639873103272 0.00000000099999999978 0.00000000099999999978 0.00000000099999999978 0.00000000099999999978 0.84423630460126908304 0.00000000099999999978 0.00000000099999999978 0.00000000099999999978 0.00000000099999999978 0.00000000099999999978 
0.00000000099999999983 0.88727410662071237724 0.00000000099999999983 0.00000000099999999983 0.11272588437928789118 0.00000000099999999983 0.00000000099999999983 0.00000000099999999983 0.00000000099999999983 0.00000000099999999983 0.00000000099999999983 
0.00000000099999999996 0.96482077244219743850 0.00000000099999999996 0.00000000099999999996 0.01517307813481127629 0.00000000099999999996 0.00000000099999999996 0.02000614142299151146 0.00000000099999999996 0.00000000099999999996 0.00000000099999999996 
0.00000000099999999918 0.00000000099999999918 0.00000000099999999918 0.00000000099999999918 0.99999999000000006077 0.00000000099999999918 0.00000000099999999918 0.00000000099999999918 0.00000000099999999918 0.00000000099999999918 0.00000000099999999918 
0.00000000099999999981 0.88938168598124256459 0.00000000099999999981 0.00000000099999999981 0.11060944511381400057 0.00000000099999999981 0.00000886090494361260 0.00000000099999999981 0.00000000099999999981 0.00000000099999999981 0.00000000099999999981 
0.00000000099999999974 0.90791033737400650416 0.00000000099999999974 0.00000000099999999974 0.09208965362599361160 0.00000000099999999974 0.00000000099999999974 0.00000000099999999974 0.00000000099999999974 0.00000000099999999974 0.00000000099999999974 
0.00000000099999999990 0.88453263399672299450 0.00000000099999999990 0.00000000099999999990 0.11266348854555338632 0.00000000099999999990 0.00280386945772373181 0.00000000099999999990 0.00000000099999999990 0.00000000099999999990 0.00000000099999999990 
0.03693709359881434950 0.86659622701418770330 0.00000000099999999980 0.00135801833990365850 0.07736207389821020408 0.00000000099999999980 0.01774658114888427035 0.00000000099999999980 0.00000000099999999980 0.00000000099999999980 0.00000000099999999980 
0.00000000099999999995 0.00000000099999999995 0.00325289427957681536 0.00000000099999999995 0.00000000099999999995 0.94374794287694840911 0.00000000099999999995 0.00000000099999999995 0.05299915484347468564 0.00000000099999999995 0.00000000099999999995 
0.00000000099999999934 0.00000000099999999934 0.00000000099999999934 0.00000000099999999934 0.99999999000000017180 0.00000000099999999934 0.00000000099999999934 0.00000000099999999934 0.00000000099999999934 0.00000000099999999934 0.00000000099999999934 
0.00000000099999999943 0.00000000099999999943 0.00000000099999999943 0.00000000099999999943 0.99999999000000017180 0.00000000099999999943 0.00000000099999999943 0.00000000099999999943 0.00000000099999999943 0.00000000099999999943 0.00000000099999999943 
0.00000000099999999990 0.95048391890689609696 0.00000000099999999990 0.00000000099999999990 0.04951602857244886968 0.00000000099999999990 0.00000000099999999990 0.00000004452065522328 0.00000000099999999990 0.00000000099999999990 0.00000000099999999990 
0.09861829185820114585 0.00000000099999999986 0.22744339889039186242 0.00000000099999999986 0.00000000099999999986 0.00000688192660879115 0.00000000099999999986 0.00000000099999999986 0.31519956562541523448 0.35873185569938276229 0.00000000099999999986 
0.09080958485903109501 0.00000000099999999990 0.00000000099999999990 0.00000000099999999990 0.00000000099999999990 0.07438820986048606809 0.00000000099999999990 0.00000000099999999990 0.76813418251778486923 0.00000000099999999990 0.06666801576269788809 
0.17879614616971598040 0.00000000099999999969 0.00000000099999999969 0.00000000099999999969 0.00000000099999999969 0.00000000099999999969 0.00000000099999999969 0.00000000099999999969 0.82120384483028396883 0.00000000099999999969 0.00000000099999999969 
0.00000000099999999931 0.00000000099999999931 0.00000000099999999931 0.00000000099999999931 0.00000000099999999931 0.00000000099999999931 0.00000000099999999931 0.00000000099999999931 0.00000000099999999931 0.99999998999999994975 0.00000000099999999931 
0.00000000099999999920 0.00000000099999999920 0.00000000099999999920 0.00000000099999999920 0.00000000099999999920 0.00000000099999999920 0.00000000099999999920 0.00000000099999999920 0.00000000099999999920 0.99999998999999994975 0.00000000099999999920 
0.00000000099999999977 0.80165587896672974022 0.00000000099999999977 0.00000000099999999977 0.19176573371136348967 0.00000000099999999977 0.00657837932190681509 0.00000000099999999977 0.00000000099999999977 0.00000000099999999977 0.00000000099999999977 
0.11092888801474438953 0.00000000099999999995 0.01710219009487926045 0.00000000099999999995 0.00000000099999999995 0.08817764410606583614 0.00000000099999999995 0.00000000099999999995 0.74200749632698981273 0.00000000099999999995 0.04178377545732080145 
0.00000000099999999994 0.00000000099999999994 0.03916700215444574029 0.00000000099999999994 0.00000000099999999994 0.21129820839320723191 0.00000000099999999994 0.00823867652631836422 0.61868464916096055362 0.02185574425859498210 0.10075571450647287375 
0.21161757909007894440 0.00000000099999999992 0.01268770111061703551 0.00000000099999999992 0.00000000099999999992 0.04475378317095518588 0.00000000099999999992 0.00693504870331496191 0.72400588192503390061 0.00000000099999999992 0.00000000099999999992 
0.20651352350420915105 0.00000000099999999980 0.00000000099999999980 0.00000000099999999980 0.00000000099999999980 0.00000179977392076134 0.00000000099999999980 0.00000000099999999980 0.79348466872187006782 0.00000000099999999980 0.00000000099999999980 
0.18004734588442003473 0.00000000099999999971 0.00000000099999999971 0.00000000099999999971 0.00000000099999999971 0.00000000099999999971 0.00000000099999999971 0.00000000099999999971 0.81995264511557997000 0.00000000099999999971 0.00000000099999999971 
0.00000000099999999917 0.00000000099999999917 0.00000000099999999917 0.00000000099999999917 0.00000000099999999917 0.00000000099999999917 0.00000000099999999917 0.00000000099999999917 0.00000000099999999917 0.99999999000000006077 0.00000000099999999917 
0.00000000099999999936 0.00000000099999999936 0.00000000099999999936 0.00000000099999999936 0.00000000099999999936 0.00000000099999999936 0.00000000099999999936 0.00000000099999999936 0.00000000099999999936 0.99999998999999994975 0.00000000099999999936 
0.12803018120423897974 0.00000000099999999991 0.00000000099999999991 0.00000000099999999991 0.00000000099999999991 0.09031255076645983149 0.00000000099999999991 0.00000000099999999991 0.78165726002930113747 0.00000000099999999991 0.00000000099999999991 
0.16760326562855618060 0.00000000099999999967 0.00000000099999999967 0.00000000099999999967 0.00000000099999999967 0.00000000099999999967 0.00000000099999999967 0.00000000099999999967 0.83239672537144382414 0.00000000099999999967 0.00000000099999999967 
0.00000000099999999992 0.00000000099999999992 0.00007005679021619751 0.00000000099999999992 0.00000000099999999992 0.17504319362916770375 0.00000000099999999992 0.00000000099999999992 0.74458505525164297989 0.00000000099999999992 0.08030168732897308148 
0.21695968008693480855 0.00000000099999999993 0.01204283734486634623 0.00000000099999999993 0.00000000099999999993 0.10413081989882663758 0.00000000099999999993 0.00000000099999999993 0.62722080824890846795 0.03964584842046358498 0.00000000099999999993 
0.01928543738508782177 0.00000000099999999997 0.02549852800353127197 0.00525016232394701944 0.00000000099999999997 0.19320767598320084946 0.00000000099999999997 0.00000000099999999997 0.59333099868598382365 0.02682435235122471867 0.13660284126702446073 
0.00000000099999999991 0.00000000099999999991 0.24213418883491130695 0.00000000099999999991 0.00000000099999999991 0.03381373387639294986 0.00000000099999999991 0.00000000099999999991 0.36336685562389092752 0.33961043858716039034 0.02107477707764435215 
0.00000000099999999994 0.00000000099999999994 0.02656514146232541451 0.00000000099999999994 0.00000000099999999994 0.22498066675365485656 0.00000000099999999994 0.00000000099999999994 0.61515888840468491150 0.03448580297161735891 0.09880949440771732983 
0.00000000099999999996 0.00000000099999999996 0.00000638504645734599 0.00000000099999999996 0.00000000099999999996 0.21025088146803899702 0.00000000099999999996 0.00000000099999999996 0.66650047892599639798 0.03433459450211615721 0.08890765405739113614 
0.05230291928801071577 0.00000000099999999993 0.00004105923294473451 0.00000000099999999993 0.00000000099999999993 0.09400406878406361577 0.00000000099999999993 0.00000000099999999993 0.72435053595562415296 0.00000000099999999993 0.12930141073935683127 
0.09934077500986715492 0.00000000099999999983 0.00000000099999999983 0.00000000099999999983 0.00000000099999999983 0.89438807376151563400 0.00000000099999999983 0.00000000099999999983 0.00000000099999999983 0.00000000099999999983 0.00627114322861743907 
0.00000000099999999992 0.00000000099999999992 0.17598851703312920480 0.00000000099999999992 0.00000000099999999992 0.06579594380815073640 0.00000000099999999992 0.00000000099999999992 0.24436245742591555796 0.35940255983446334209 0.15445051589834124517 
0.15503738842239789264 0.01062362659729687402 0.00198598229992051536 0.04325480682599693733 0.00000000099999999999 0.52259562079052712669 0.00273263592586371748 0.00000000737559399240 0.11368118671447133283 0.00261831838193958381 0.14747042566599180557 
0.01691068084879636391 0.00000000099999999986 0.00000000099999999986 0.00000000099999999986 0.00000000099999999986 0.94326262211468192564 0.00000000099999999986 0.00000000099999999986 0.00000000099999999986 0.00000000099999999986 0.03982668903652188119 
0.00000000099999999991 0.00000000099999999991 0.20725160370614509331 0.00000000099999999991 0.00000000099999999991 0.00040146046306196851 0.00000000099999999991 0.00000000099999999991 0.15883777044236613296 0.54421053401493746371 0.08929862537348925988 
0.07662502217191186071 0.00000000099999999992 0.12755042835474600382 0.00000000099999999992 0.00000000099999999992 0.00704932467938956808 0.00000000099999999992 0.00000000099999999992 0.32168827181893694389 0.33101781578446470844 0.13606913219055094544 
0.03854348640321925840 0.00000000099999999995 0.17801666014071843014 0.00000000099999999995 0.00000000099999999995 0.04601395616343469108 0.00000000099999999995 0.00000000099999999995 0.25872268946707627224 0.32094963668837639403 0.15775356613717494980 
0.00000000099999999994 0.00000000099999999994 0.01329384664691376020 0.00035424551685475040 0.00000000099999999994 0.98469161913049596535 0.00000000099999999994 0.00000000099999999994 0.00000000099999999994 0.00000000099999999994 0.00166028170573571921 
0.07363813815215507208 0.00000000099999999983 0.00000000099999999983 0.00000000099999999983 0.00000000099999999983 0.00000000099999999983 0.00000000099999999983 0.00000000099999999983 0.00000000099999999983 0.00000000099999999983 0.92636185284784489102 
0.00000000099999999990 0.00000000099999999990 0.00000000706811035528 0.00000000099999999990 0.00000000099999999990 0.92883264935978226973 0.00000000099999999990 0.00000000099999999990 0.06726152886034239553 0.00000000099999999990 0.00390580771176516532 
0.00000000099999999955 0.00000000099999999955 0.00000000099999999955 0.00000000099999999955 0.00000000099999999955 0.00000000099999999955 0.00000000099999999955 0.00000000099999999955 0.00000000099999999955 0.99999998999999994975 0.00000000099999999955 
0.00000000099999999988 0.00000000099999999988 0.21292394350522253488 0.00000000099999999988 0.00000000099999999988 0.00000001246967089413 0.00000000099999999988 0.00000000099999999988 0.14146169847450687507 0.58977009958782644627 0.05584423996277335794 
0.10047110546711106316 0.00472305768746825519 0.05314442604428961520 0.03820703660226032472 0.00000000099999999999 0.55502378096964710696 0.00000000099999999999 0.00002030286204006494 0.04151449893436824634 0.01369570924400142359 0.19320008018881390521 
0.00000000099999999996 0.00000000099999999996 0.15626822576324223002 0.00000000099999999996 0.00000000099999999996 0.06363548797527876499 0.00000000099999999996 0.00000000099999999996 0.28231190822350721303 0.38254420269093214468 0.11524016934703960879 
0.00000000099999999991 0.00000000099999999991 0.19583171255097533980 0.00000000099999999991 0.00000000099999999991 0.03995297502195633427 0.00000000099999999991 0.00000000099999999991 0.24968792126473782211 0.37919673578278373371 0.13533064937954669693 
0.07559843107343895696 0.00000000099999999986 0.00000000099999999986 0.00000000099999999986 0.00000000099999999986 0.00000000099999999986 0.00000000099999999986 0.00000000099999999986 0.78935084435942992620 0.00000000099999999986 0.13505071656713107942 
0.09175265485059194703 0.00000000099999999958 0.00000000099999999958 0.00000000099999999958 0.00000000099999999958 0.00000000099999999958 0.00000000099999999958 0.00000000099999999958 0.00000000099999999958 0.90824733614940789117 0.00000000099999999958 
0.00000000099999999954 0.00000000099999999954 0.00000000099999999954 0.00000000099999999954 0.00000000099999999954 0.00000000099999999954 0.00000000099999999954 0.00000000099999999954 0.00000000099999999954 0.99999998999999994975 0.00000000099999999954 
0.00000000099999999962 0.00000000099999999962 0.00000000099999999962 0.00000000099999999962 0.00000000099999999962 0.00000000099999999962 0.00000000099999999962 0.00000000099999999962 0.00000000099999999962 0.99999999000000006077 0.00000000099999999962 
0.02141573601330763396 0.00000000099999999993 0.17890494613415894309 0.00000000099999999993 0.00000000099999999993 0.04492684918540978956 0.00000000099999999993 0.00000000099999999993 0.23275077647099665090 0.43891545057784581152 0.08308623661828125340 
0.00000000099999999994 0.00000000099999999994 0.13476453299539029040 0.00000000099999999994 0.00000000099999999994 0.10023082612908218447 0.00000000099999999994 0.00000000099999999994 0.26291959147333004987 0.40359425369858675792 0.09849078970361073437 
0.06353732385958531237 0.00000000099999999992 0.00703277133497737326 0.00000000099999999992 0.00000000099999999992 0.02648252135037770794 0.00000000099999999992 0.00000000099999999992 0.68982883713945508664 0.00000000099999999992 0.21311854031560456546 
0.05983905701444387076 0.00000000099999999992 0.17896301137928741221 0.00000000099999999992 0.00000000099999999992 0.03388034188019208026 0.00000000099999999992 0.00000000099999999992 0.23991279593001918480 0.36569447879056776740 0.12171031000548956924 
0.04093062520941850857 0.00000000099999999994 0.16296308294331640631 0.00000000099999999994 0.00000000099999999994 0.06675165035013171100 0.00000000099999999994 0.00000000099999999994 0.25084565682027826217 0.34285943567919030528 0.13564954399766490645 
0.00000000099999999987 0.00000000099999999987 0.00000000099999999987 0.00000000099999999987 0.00000000099999999987 0.99999851961541075251 0.00000000099999999987 0.00000000099999999987 0.00000000099999999987 0.00000000099999999987 0.00000147138458949075 
0.16555057536203007795 0.00000000099999999979 0.00000000099999999979 0.00000000099999999979 0.00000000099999999979 0.00000000099999999979 0.00000000099999999979 0.00000000099999999979 0.83444941563797003781 0.00000000099999999979 0.00000000099999999979 
0.02915955677053736275 0.00000000099999999986 0.00000000099999999986 0.00000000099999999986 0.00000000099999999986 0.00000000099999999986 0.00000000099999999986 0.00000000099999999986 0.00000000099999999986 0.00000000099999999986 0.97084043422946264545 
0.01975563139196877260 0.00000000099999999989 0.00000000099999999989 0.00000000099999999989 0.00000000099999999989 0.95100861369069189521 0.00000000099999999989 0.00000000099999999989 0.00000000099999999989 0.00000000099999999989 0.02923574691733947517 
0.00000000099999999959 0.00000000099999999959 0.00000000099999999959 0.00000000099999999959 0.00000000099999999959 0.00000000099999999959 0.00000000099999999959 0.00000000099999999959 0.00000000099999999959 0.99999999000000006077 0.00000000099999999959 
0.03468237256462197021 0.00000000099999999990 0.25374147278955438978 0.00000000099999999990 0.00000000099999999990 0.00000000099999999990 0.00000000099999999990 0.00000000099999999990 0.19845454842577070487 0.38461661981962358414 0.12850498040042934722 
0.05837886829089627971 0.00000000099999999996 0.09627641461693961511 0.00000000099999999996 0.00000000099999999996 0.08735971931423976156 0.00000000099999999996 0.00000000099999999996 0.36375713449982655101 0.27165159621403600632 0.12257626206406176117 
0.00000000099999999981 0.00000000099999999981 0.00000000099999999981 0.00000000099999999981 0.00000000099999999981 0.00000000099999999981 0.00000000099999999981 0.00000000099999999981 0.00000000099999999981 0.00000000099999999981 0.99999998999999994975 
0.03625728530170654190 0.00000000099999999996 0.03548933986446331512 0.00000001224152480406 0.00000000099999999996 0.24232885017661409677 0.00000000099999999996 0.00454198266514484975 0.19257406875631707943 0.00000000099999999996 0.48880845699422931228 
0.00000000099999999977 0.00000000099999999977 0.00000000099999999977 0.00000000099999999977 0.00000000099999999977 0.00000000099999999977 0.00000000099999999977 0.00000000099999999977 0.00000000099999999977 0.99999998999999994975 0.00000000099999999977 
0.03237496281326415759 0.00000000099999999991 0.20403817678435476335 0.00000000099999999991 0.00000000099999999991 0.01442025961499836771 0.00000000099999999991 0.00000000099999999991 0.17878328411879770843 0.52262094102483813707 0.04776237064374670022 
0.12913692767402398798 0.46761650756362516113 0.00000000099999999994 0.00000000099999999994 0.00589673626519567843 0.00000000099999999994 0.00132724389753226669 0.39602257859962286535 0.00000000099999999994 0.00000000099999999994 0.00000000099999999994 
0.00000000099999999936 0.00000000099999999936 0.00000000099999999936 0.99999999000000017180 0.00000000099999999936 0.00000000099999999936 0.00000000099999999936 0.00000000099999999936 0.00000000099999999936 0.00000000099999999936 0.00000000099999999936 
0.00000000099999999954 0.00000000099999999954 0.00000000099999999954 0.44887191090315348152 0.00000000099999999954 0.00000000099999999954 0.00000000099999999954 0.55112808009684632893 0.00000000099999999954 0.00000000099999999954 0.00000000099999999954 
0.11176923630926792474 0.47182277317674881090 0.00000000099999999995 0.00000000099999999995 0.00000000099999999995 0.00000000099999999995 0.01633798829799648980 0.40006999521598690661 0.00000000099999999995 0.00000000099999999995 0.00000000099999999995 
0.00000000099999999937 0.00000000099999999937 0.00000000099999999937 0.00000000099999999937 0.00000000099999999937 0.00000000099999999937 0.00000000099999999937 0.99999999000000006077 0.00000000099999999937 0.00000000099999999937 0.00000000099999999937 
0.00000000099999999941 0.00000000099999999941 0.00000000099999999941 0.68121361779722522378 0.00000000099999999941 0.00000000099999999941 0.00000000099999999941 0.31878637320277469769 0.00000000099999999941 0.00000000099999999941 0.00000000099999999941 
0.00000000099999999934 0.00000000099999999934 0.00000000099999999934 0.61882468926234768247 0.00000000099999999934 0.00000000099999999934 0.00000000099999999934 0.38117530173765246104 0.00000000099999999934 0.00000000099999999934 0.00000000099999999934 
0.11843274474990887757 0.47582177297580935393 0.00000000099999999996 0.00000000099999999996 0.00000000099999999996 0.00842852636858672580 0.00124872881572261527 0.39606822108997258303 0.00000000099999999996 0.00000000099999999996 0.00000000099999999996 
0.00000000099999999946 0.00000000099999999946 0.00000000099999999946 0.48038045936886852871 0.00000000099999999946 0.00000000099999999946 0.00000000099999999946 0.51961953163113139276 0.00000000099999999946 0.00000000099999999946 0.00000000099999999946 
0.05399106335386619215 0.48062738272500049597 0.00000000099999999996 0.00000000099999999996 0.00000000099999999996 0.02551171727154912666 0.02580412740911415884 0.40169925767403624750 0.00000000099999999996 0.00000000099999999996 0.01236644656643381621 
0.00000000099999999932 0.00000000099999999932 0.00000000099999999932 0.85775773764400153887 0.00000000099999999932 0.00000000099999999932 0.00000000099999999932 0.14224225335599854914 0.00000000099999999932 0.00000000099999999932 0.00000000099999999932 
0.00837198916283390590 0.16267532819035454561 0.00000000099999999966 0.00000000099999999966 0.07307432150229629941 0.00000000099999999966 0.75587835414451531868 0.00000000099999999966 0.00000000099999999966 0.00000000099999999966 0.00000000099999999966 
0.00157320401866624967 0.87654653432544549219 0.00000000099999999994 0.00000000099999999994 0.12188020443794446435 0.00000000099999999994 0.00000005021794388746 0.00000000099999999994 0.00000000099999999994 0.00000000099999999994 0.00000000099999999994 
0.00000000099999999922 0.00000000099999999922 0.00000000099999999922 0.00000000099999999922 0.00000000099999999922 0.00000000099999999922 0.99999999000000006077 0.00000000099999999922 0.00000000099999999922 0.00000000099999999922 0.00000000099999999922 
0.00000000099999999990 0.00000000099999999990 0.22439808040574171777 0.00000000099999999990 0.00000000099999999990 0.03032989021413981870 0.00000000099999999990 0.00000000099999999990 0.28007232048528640789 0.38479603943195328508 0.08040366346287873556 
0.00000000099999999981 0.86577352271483021262 0.00000000099999999981 0.00000000099999999981 0.13422646828517004192 0.00000000099999999981 0.00000000099999999981 0.00000000099999999981 0.00000000099999999981 0.00000000099999999981 0.00000000099999999981 
0.00813496279303562581 0.92550424691044208547 0.00000000099999999995 0.00000000099999999995 0.03428518662718510468 0.00000000099999999995 0.00541696170254351954 0.02665863596679365205 0.00000000099999999995 0.00000000099999999995 0.00000000099999999995 
