0.00000000099999999996 0.00000000099999999996 0.00000001663495984555 0.00000000099999999996 0.00000000099999999996 0.02627875779106094573 0.00000000099999999996 0.97372121957397916869 0.00000000099999999996 
0.00000000099999999994 0.00000000099999999994 0.00078386794641723836 0.00000000099999999994 0.00000000099999999994 0.07622543638231664420 0.00000000099999999994 0.92299068967126607355 0.00000000099999999994 
0.99999999200000011523 0.00000000099999999989 0.00000000099999999989 0.00000000099999999989 0.00000000099999999989 0.00000000099999999989 0.00000000099999999989 0.00000000099999999989 0.00000000099999999989 
0.00000000099999999995 0.00000000099999999995 0.00000000099999999995 0.00282604184865889972 0.00000000099999999995 0.04802826217026355538 0.00000000099999999995 0.88242947179026409721 0.06671621919081335839 
0.00000000099999999987 0.00000000099999999987 0.00000000099999999987 0.00000000099999999987 0.00000000099999999987 0.02047813537103879838 0.00000000099999999987 0.46647215137818021091 0.51304970725078080651 
0.00000000099999999990 0.00000000099999999990 0.00000000099999999990 0.00000000099999999990 0.00000000099999999990 0.00000000331027293225 0.00000000099999999990 0.51501804868537059967 0.48498194200435645884 
0.00000000099999999986 0.00000000099999999986 0.00000000099999999986 0.00000000099999999986 0.00000000099999999986 0.07344507810622907806 0.00000000099999999986 0.86991447877779715103 0.05664043711597383651 
0.00000000099999999988 0.00000000099999999988 0.00000007002293816622 0.00000000099999999988 0.00000000099999999988 0.14456496398543738913 0.00000000099999999988 0.85543495999162433296 0.00000000099999999988 
0.00000000099999999986 0.00000000099999999986 0.00000000099999999986 0.00000000099999999986 0.00000000099999999986 0.08784107585066081025 0.00000000099999999986 0.86215754493574903172 0.05000137321359007792 
0.00000000099999999988 0.00000000099999999988 0.00970271793921000276 0.00000000099999999988 0.00000000099999999988 0.00358721702484572982 0.00000000099999999988 0.45051955873365406857 0.53619050130229028994 
0.00000000099999999993 0.00000000099999999993 0.00000000099999999993 0.00000000099999999993 0.00000000099999999993 0.00000000099999999993 0.00000000099999999993 0.61411268858420364758 0.38588730441579627284 
0.00000000099999999991 0.00000000099999999991 0.00000000099999999991 0.00000000099999999991 0.00000000099999999991 0.00000000732324865169 0.00000000099999999991 0.50663704356352545766 0.49336294311322603789 
0.91311870541966611015 0.00000000099999999990 0.00000000099999999990 0.00000000099999999990 0.00000000099999999990 0.00000000099999999990 0.08688128758033412946 0.00000000099999999990 0.00000000099999999990 
0.00000000099999999989 0.00000000099999999989 0.00000000159658491097 0.00000000099999999989 0.00000000099999999989 0.05222083027530537158 0.00000000099999999989 0.84970151684239603185 0.09807764628571365162 
0.00000000099999999985 0.00000000099999999985 0.00364864923915195162 0.00000000099999999985 0.00000000099999999985 0.12962906848358904388 0.00000000099999999985 0.77806898479664132751 0.08865329248061767919 
0.00000000099999999981 0.00000000099999999981 0.21022316956119271869 0.00000000099999999981 0.00000000099999999981 0.07861955364314490713 0.00000000099999999981 0.18485824682447185574 0.52629902497119041005 
0.00000000099999999990 0.00000000099999999990 0.00000000099999999990 0.00000000099999999990 0.00000000099999999990 0.04752184104564809858 0.00000000099999999990 0.89301236065622235927 0.05946579229812960776 
0.00000000099999999926 0.00000000099999999926 0.99999999200000000421 0.00000000099999999926 0.00000000099999999926 0.00000000099999999926 0.00000000099999999926 0.00000000099999999926 0.00000000099999999926 
0.00000000099999999924 0.00000000099999999924 0.99999999200000011523 0.00000000099999999924 0.00000000099999999924 0.00000000099999999924 0.00000000099999999924 0.00000000099999999924 0.00000000099999999924 
0.00000000099999999996 0.00000000099999999996 0.00000000099999999996 0.00000000099999999996 0.00000000099999999996 0.00000000099999999996 0.00000000099999999996 0.59995591732774633531 0.40004407567225375164 
0.00000000099999999952 0.00000000099999999952 0.00000000099999999952 0.00000000099999999952 0.00000000099999999952 0.99999999200000011523 0.00000000099999999952 0.00000000099999999952 0.00000000099999999952 
0.00000000099999999987 0.00000000099999999987 0.00879353653177582587 0.00000000099999999987 0.00000000099999999987 0.08685719219047835504 0.00000000099999999987 0.90434926527774572858 0.00000000099999999987 
0.00000000099999999985 0.00000000099999999985 0.00000000099999999985 0.00000000099999999985 0.00000000099999999985 0.09823827984841977667 0.00000000099999999985 0.40340515255680653439 0.49835656159477359495 
0.00000000099999999978 0.00000000099999999978 0.00000000099999999978 0.00000000099999999978 0.00000000099999999978 0.21365592624253582077 0.00000000099999999978 0.69725238215817131326 0.08909168559929284137 
0.00571312189747205917 0.00000000099999999996 0.01041825756486736143 0.00000000099999999996 0.96943467861036780597 0.00000000099999999996 0.01443393692729291397 0.00000000099999999996 0.00000000099999999996 
0.00000000099999999996 0.00000000099999999996 0.00000000099999999996 0.00000000099999999996 0.00000000099999999996 0.00000000099999999996 0.00000000099999999996 0.51269547680391003297 0.48730451619608999847 
0.03118322345870439688 0.00000000100000000000 0.03762704128679104226 0.00113427036670543939 0.00000002731396655713 0.13630855339154721029 0.00000000100000000000 0.75094800828607299881 0.04279887389621242488 
0.00000000099999999998 0.00813038491054918384 0.02673829741271121010 0.00000000099999999998 0.00000000099999999998 0.15846980581005104538 0.01795145163011152567 0.78871005623657697292 0.00000000099999999998 
0.00000000099999999990 0.00000000099999999990 0.01228905786107287526 0.10252157334472815353 0.00000000099999999990 0.12387620943424183795 0.00000000099999999990 0.67552484586400585176 0.08578830949595135646 
0.00000000099999999987 0.00000000099999999987 0.00000000099999999987 0.00000000099999999987 0.00000000099999999987 0.10701795184630216728 0.00000000099999999987 0.89298202073737686923 0.00000002141632114229 
0.00000000099999999995 0.00000000099999999995 0.01089845145312979234 0.00000000099999999995 0.00000000099999999995 0.00035339892749461274 0.00000000099999999995 0.58985535046126047476 0.39889279415811507157 
0.00000000099999999942 0.00000000099999999942 0.00000000099999999942 0.00000000099999999942 0.00000000099999999942 0.99999999200000000421 0.00000000099999999942 0.00000000099999999942 0.00000000099999999942 
0.00000000099999999992 0.00000000099999999992 0.00000000099999999992 0.00000000099999999992 0.00000000099999999992 0.07206620866627126698 0.00000000099999999992 0.87959806727858858011 0.04833571805514017689 
0.07029858432299061766 0.00000000100000000000 0.03974071322503574394 0.00000082497170208567 0.00016299983511595546 0.07161399016137229290 0.00000000100000000000 0.79205672608117549949 0.02612615940260771055 
0.03228102176659446154 0.00000000099999999997 0.03618735150348264401 0.00109536522741115420 0.00000000099999999997 0.12617242700023023616 0.00000000099999999997 0.71069223342329401749 0.09357159807898748904 
0.00000000099999999999 0.00000000099999999999 0.00000000099999999999 0.00570110791100424900 0.09898162876150738698 0.05933192193913110896 0.00076791749127635034 0.80459561493565423529 0.03062180596142661734 
0.00000000099999999986 0.00000000099999999986 0.00000000099999999986 0.00000000099999999986 0.99974728350252572984 0.00000000099999999986 0.00025270949747430182 0.00000000099999999986 0.00000000099999999986 
0.02259151544970019673 0.00000000099999999996 0.00377008575470461505 0.00000000099999999996 0.00000000099999999996 0.09634742658880292299 0.00000000099999999996 0.77112067840717157807 0.10617028979962070401 
0.00000000099999999987 0.00000000099999999987 0.00000000099999999987 0.00000000099999999987 0.00000000099999999987 0.06650929243418272907 0.00000000099999999987 0.38887528419838146565 0.54461541736743579456 
0.00000000099999999989 0.00000000099999999989 0.00000000099999999989 0.00000000099999999989 0.00000000099999999989 0.03468559671929288823 0.00000000099999999989 0.50118822165109488953 0.46412617562961222539 
0.00000000099999999994 0.00000000182146975341 0.00000000099999999994 0.00000000099999999994 0.99999999117853022312 0.00000000099999999994 0.00000000099999999994 0.00000000099999999994 0.00000000099999999994 
0.00000000099999999993 0.00000000099999999993 0.00000000099999999993 0.04453561234712520578 0.95546438065287486729 0.00000000099999999993 0.00000000099999999993 0.00000000099999999993 0.00000000099999999993 
0.00000000099999999995 0.00000000099999999995 0.00000000099999999995 0.05793302885635472771 0.94206696414364521353 0.00000000099999999995 0.00000000099999999995 0.00000000099999999995 0.00000000099999999995 
0.00000000099999999997 0.03425017128544884104 0.00000000099999999997 0.01339585141746014486 0.42262325558855090568 0.00000000099999999997 0.52973071670854021686 0.00000000099999999997 0.00000000099999999997 
0.00346800501881691474 0.01901405116715909616 0.00000000099999999999 0.03965960765889528505 0.72689138173860678993 0.00000000099999999999 0.20914489500628885565 0.00182205136505229383 0.00000000604518096703 
0.00000000099999999992 0.00000000099999999992 0.00000000099999999992 0.00000000099999999992 0.25295471403357405737 0.00000000099999999992 0.74704527896642591855 0.00000000099999999992 0.00000000099999999992 
0.00000000099999999991 0.00000000099999999991 0.00000000099999999991 0.00474341759500369886 0.28931987282816834517 0.00000000099999999991 0.70593670357682802852 0.00000000099999999991 0.00000000099999999991 
0.00000000099999999998 0.01358199540447518026 0.00000000099999999998 0.03707425592252461266 0.67272741565314786438 0.00565795589925830161 0.27095837312059412039 0.00000000099999999998 0.00000000099999999998 
0.00000000099999999988 0.00000000099999999988 0.00000000099999999988 0.00000000099999999988 0.25110721516911688189 0.00000000099999999988 0.74889277783088314955 0.00000000099999999988 0.00000000099999999988 
0.00000000099999999993 0.00000000099999999993 0.00000000099999999993 0.00955649553885910483 0.30535770201629430787 0.00000000099999999993 0.68508579644484668414 0.00000000099999999993 0.00000000099999999993 
0.00000000099999999999 0.00456391379997245477 0.00891632689251182706 0.03627378429309460056 0.65880475716473163583 0.00000000099999999999 0.27892969391893207565 0.01251141544994157154 0.00000010648081585227 
0.00000000099999999997 0.00076807445047086666 0.00000000099999999997 0.00384867696047832544 0.27773133087122603424 0.00000000099999999997 0.71765191271782469151 0.00000000099999999997 0.00000000099999999997 
0.00000000099999999960 0.00000000099999999960 0.99999999200000000421 0.00000000099999999960 0.00000000099999999960 0.00000000099999999960 0.00000000099999999960 0.00000000099999999960 0.00000000099999999960 
0.00000000099999999996 0.00000000099999999996 0.00000000099999999996 0.03764228279012778872 0.32775359275445398177 0.00000000099999999996 0.63460411845541819797 0.00000000099999999996 0.00000000099999999996 
0.00000000099999999992 0.00000000099999999992 0.00000000099999999992 0.04007725506617933198 0.28274740654906060922 0.00000000099999999992 0.67717533238476002033 0.00000000099999999992 0.00000000099999999992 
0.00000000099999999996 0.00000000099999999996 0.00000303818619815479 0.02955101041685156277 0.29826381114785699422 0.00000000099999999996 0.66841103171869309385 0.00000000099999999996 0.00377110453040013522 
0.00000000099999999993 0.00000000099999999993 0.00000000099999999993 0.03271807370875865623 0.27087288186939739720 0.00000000099999999993 0.69640903842184398442 0.00000000099999999993 0.00000000099999999993 
0.00000000099999999995 0.00000000099999999995 0.00000000099999999995 0.03199352676838214393 0.30669951276433427001 0.00000000099999999995 0.65622989904954109885 0.00000000099999999995 0.00507705641774244040 
0.00580509514799988809 0.00000000099999999995 0.00000000099999999995 0.02948959003141598395 0.29319913903039129810 0.00000000099999999995 0.67150617079019292444 0.00000000099999999995 0.00000000099999999995 
0.02521783568877683165 0.00000000099999999999 0.00198028072663767067 0.00558002325176404704 0.00130763077024617061 0.00000000099999999999 0.00000000099999999999 0.64325412717654406602 0.32266009938603118501 
0.00000000099999999986 0.00000000099999999986 0.00000000099999999986 0.00000000099999999986 0.00000000099999999986 0.02062269217973379878 0.00000000099999999986 0.52140473625347494302 0.45797256556679122319 
0.00000000099999999979 0.00000000099999999979 0.75786186387456988545 0.00000000099999999979 0.00000000099999999979 0.00000000099999999979 0.00000000099999999979 0.08066524930172407071 0.16147288082370617190 
0.00000000099999999981 0.00000000099999999981 0.00000000099999999981 0.00000000099999999981 0.00000000099999999981 0.99999999200000000421 0.00000000099999999981 0.00000000099999999981 0.00000000099999999981 
0.00000000099999999982 0.00000000099999999982 0.00000000099999999982 0.00000000099999999982 0.00000000099999999982 0.30027637823013625384 0.00000000099999999982 0.69972361476986355555 0.00000000099999999982 
0.00000000099999999936 0.00000000099999999936 0.00000000099999999936 0.00000000099999999936 0.00000000099999999936 0.99999999200000011523 0.00000000099999999936 0.00000000099999999936 0.00000000099999999936 
0.00000000099999999991 0.00000000099999999991 0.00531648535439525633 0.00000000099999999991 0.00000000099999999991 0.07190025352896334265 0.00000000099999999991 0.92278325511664149872 0.00000000099999999991 
0.00000000099999999987 0.00000000099999999987 0.00000000099999999987 0.00000000099999999987 0.00000000099999999987 0.05397137931320751536 0.00000000099999999987 0.87422460295148674003 0.07180401173530592818 
0.00000000099999999984 0.00000000099999999984 0.00000000099999999984 0.00000000099999999984 0.00000000099999999984 0.11377206171476396401 0.00000000099999999984 0.25044368233366243182 0.63578424995157378774 
0.00000000099999999924 0.00000000099999999924 0.99999999200000000421 0.00000000099999999924 0.00000000099999999924 0.00000000099999999924 0.00000000099999999924 0.00000000099999999924 0.00000000099999999924 
0.00000000099999999996 0.00000000099999999996 0.00000000099999999996 0.00464474961204227633 0.00000000099999999996 0.08080571702848855786 0.00000000099999999996 0.44596324781302681961 0.46858628054644241301 
0.00000000099999999981 0.00000000099999999981 0.00000000099999999981 0.00000000099999999981 0.00000000099999999981 0.08946633087980150612 0.00000000099999999981 0.83516984568063357131 0.07536381743956499513 
0.00000000099999999981 0.00000000099999999981 0.00000000099999999981 0.00000000099999999981 0.99999999200000011523 0.00000000099999999981 0.00000000099999999981 0.00000000099999999981 0.00000000099999999981 
0.00000000099999999987 0.00000000099999999987 0.00000001790956836703 0.00000000099999999987 0.00000000099999999987 0.03403504508398512429 0.00000000099999999987 0.96596493100644642560 0.00000000099999999987 
0.00000000099999999995 0.00000000099999999995 0.00000000099999999995 0.00000000509563549964 0.00000000099999999995 0.00000000099999999995 0.00000000099999999995 0.67485599801884088578 0.32514399088552359274 
0.00000000099999999939 0.00000000099999999939 0.00000000099999999939 0.00000000099999999939 0.00000000099999999939 0.99999999200000000421 0.00000000099999999939 0.00000000099999999939 0.00000000099999999939 
0.00000000099999999987 0.00000000099999999987 0.00000010674602618398 0.00000000099999999987 0.00000000099999999987 0.06409056799430222495 0.00000000099999999987 0.93590931925967146832 0.00000000099999999987 
0.00000000099999999984 0.00000000099999999984 0.00000000099999999984 0.00000000099999999984 0.00000000099999999984 0.04701914813218789624 0.00000000099999999984 0.88575571275635067714 0.06722513311146158244 
0.00000000099999999992 0.00000000099999999992 0.01230221877320864486 0.00000000099999999992 0.00000000099999999992 0.05513942470288282077 0.00000000099999999992 0.93255835052390845252 0.00000000099999999992 
0.00000000099999999983 0.00000000099999999983 0.00000333044456561256 0.00000000099999999983 0.00000000099999999983 0.07591984480645504185 0.00000000099999999983 0.46708611770259900187 0.45699070204638037040 
0.00000000099999999995 0.03436486218591980335 0.00000000099999999995 0.00000000099999999995 0.96563513081408025585 0.00000000099999999995 0.00000000099999999995 0.00000000099999999995 0.00000000099999999995 
0.00000000099999999952 0.00000000099999999952 0.00000000099999999952 0.00000000099999999952 0.00000000099999999952 0.99999999200000000421 0.00000000099999999952 0.00000000099999999952 0.00000000099999999952 
0.00000000099999999959 0.00000000099999999959 0.00000000099999999959 0.00000000099999999959 0.00000000099999999959 0.99999999200000000421 0.00000000099999999959 0.00000000099999999959 0.00000000099999999959 
0.00000000099999999994 0.00000000099999999994 0.00000000099999999994 0.00000000099999999994 0.00000000099999999994 0.00678751792657287904 0.00000000099999999994 0.95290654357719428713 0.04030593249623280749 
0.36249150813266012294 0.25934261672483305272 0.00000000099999999986 0.00000000099999999986 0.00654355053268566682 0.00000000099999999986 0.37162231960982128331 0.00000000099999999986 0.00000000099999999986 
0.00000000099999999990 0.00000000378729795525 0.00000000099999999990 0.00000000099999999990 0.10725434053076453311 0.00000000099999999990 0.89274564968193748093 0.00000000099999999990 0.00000000099999999990 
0.00000000099999999975 0.00000000099999999975 0.00000000099999999975 0.00000000099999999975 0.00000000099999999975 0.00000000099999999975 0.99999999200000000421 0.00000000099999999975 0.00000000099999999975 
0.99999999200000011523 0.00000000099999999945 0.00000000099999999945 0.00000000099999999945 0.00000000099999999945 0.00000000099999999945 0.00000000099999999945 0.00000000099999999945 0.00000000099999999945 
0.99999999200000011523 0.00000000099999999936 0.00000000099999999936 0.00000000099999999936 0.00000000099999999936 0.00000000099999999936 0.00000000099999999936 0.00000000099999999936 0.00000000099999999936 
0.00000000099999999983 0.00000000099999999983 0.00640916935330511795 0.00000000099999999983 0.00000000099999999983 0.13505284206621362419 0.00000000099999999983 0.85853798258048119596 0.00000000099999999983 
0.00000000099999999996 0.05245052964925319555 0.00192288186595248700 0.00000000099999999996 0.12222552233207800709 0.00000000099999999996 0.82340106115271627374 0.00000000099999999996 0.00000000099999999996 
0.03519460843944807737 0.11150749339989907138 0.00000000099999999996 0.00479668088848562903 0.22340607920078620063 0.00000000099999999996 0.62509513407138117547 0.00000000099999999996 0.00000000099999999996 
0.00000000099999999992 0.03816870166465623909 0.00000000099999999992 0.00660119185569386056 0.11385522106422943378 0.00000000099999999992 0.84137488041542063399 0.00000000099999999992 0.00000000099999999992 
0.00000000099999999985 0.00357878746770013941 0.00000000099999999985 0.00000000099999999985 0.08564745811094963412 0.00000000099999999985 0.91077374842135017108 0.00000000099999999985 0.00000000099999999985 
0.00000000099999999979 0.02164792453824119708 0.00000000099999999979 0.00000000099999999979 0.00000000099999999979 0.00000000099999999979 0.97835206846175881701 0.00000000099999999979 0.00000000099999999979 
0.99999999200000022626 0.00000000099999999933 0.00000000099999999933 0.00000000099999999933 0.00000000099999999933 0.00000000099999999933 0.00000000099999999933 0.00000000099999999933 0.00000000099999999933 
0.99999999200000022626 0.00000000099999999949 0.00000000099999999949 0.00000000099999999949 0.00000000099999999949 0.00000000099999999949 0.00000000099999999949 0.00000000099999999949 0.00000000099999999949 
0.00000000099999999992 0.02735978870041155808 0.00000000099999999992 0.00000000099999999992 0.11931059255121277685 0.00000000099999999992 0.85332961274837570986 0.00000000099999999992 0.00000000099999999992 
0.00000000099999999972 0.00000000099999999972 0.00000000099999999972 0.00000000099999999972 0.00000000099999999972 0.00000000099999999972 0.99999999199999989319 0.00000000099999999972 0.00000000099999999972 
0.00000000099999999992 0.04355647365293095763 0.00000000099999999992 0.00000000099999999992 0.17349090344294840205 0.00000000099999999992 0.78295261690412076838 0.00000000099999999992 0.00000000099999999992 
0.03847264092503167865 0.04568907379489541010 0.00000000099999999997 0.00000000099999999997 0.19233943862918218004 0.00000000099999999997 0.72349884165089084487 0.00000000099999999997 0.00000000099999999997 
0.03384523177413934630 0.05941457399376837145 0.00000000099999999997 0.00078042855943416859 0.22906320789504922009 0.00000000099999999997 0.67689655377760882260 0.00000000099999999997 0.00000000099999999997 
0.35833169568680933725 0.30781023812471874912 0.00000000099999999991 0.00000000099999999991 0.00302159864666895830 0.00000000099999999991 0.33083646254180298918 0.00000000099999999991 0.00000000099999999991 
0.04264981068075975046 0.09045880071547154899 0.00000000099999999994 0.00000000159239943094 0.23417343516129179859 0.00000000099999999994 0.63271794785007751116 0.00000000099999999994 0.00000000099999999994 
0.04466863720851101810 0.04232410722996036295 0.00000000099999999997 0.00000000099999999997 0.21618120455124290036 0.00000000099999999997 0.69682604601028563795 0.00000000099999999997 0.00000000099999999997 
0.00000000099999999992 0.03441175518384152754 0.00000000099999999992 0.00000000099999999992 0.12300943009368171810 0.00000000099999999992 0.84257880872247681303 0.00000000099999999992 0.00000000099999999992 
0.00000000099999999981 0.00000000099999999981 0.00000000099999999981 0.00000000099999999981 0.99999999200000011523 0.00000000099999999981 0.00000000099999999981 0.00000000099999999981 0.00000000099999999981 
0.37567725150880060259 0.21311945668699022738 0.00000000099999999992 0.00000000099999999992 0.09396579933447742061 0.00000000099999999992 0.31723748746973190471 0.00000000099999999992 0.00000000099999999992 
0.00060930763165034088 0.00491225055174881759 0.00570905517982841799 0.04589967992066418950 0.67324788943464686231 0.00000000099999999999 0.25895288780826442032 0.01066892747319692254 0.00000000099999999999 
0.00000000099999999984 0.00000000099999999984 0.00000000099999999984 0.00000000099999999984 0.99999999200000000421 0.00000000099999999984 0.00000000099999999984 0.00000000099999999984 0.00000000099999999984 
0.55952669750961758766 0.24698399707010276760 0.00000000099999999992 0.00000000099999999992 0.01218787431502604823 0.00000000099999999992 0.18130142610525354363 0.00000000099999999992 0.00000000099999999992 
0.33661066596008198948 0.14293324405511659281 0.00000000099999999992 0.00000000099999999992 0.05756247834977425842 0.00000000099999999992 0.46289360663502709947 0.00000000099999999992 0.00000000099999999992 
0.32922574459068987274 0.20269152205866272642 0.00000000099999999995 0.00000000099999999995 0.08849811703346431579 0.00000000099999999995 0.37958461131718307380 0.00000000099999999995 0.00000000099999999995 
0.00000000099999999993 0.01347937653487983438 0.00000000099999999993 0.00000000099999999993 0.98652061646512034798 0.00000000099999999993 0.00000000099999999993 0.00000000099999999993 0.00000000099999999993 
0.00000000099999999995 0.00000000099999999995 0.00000000099999999995 0.00449998669445453043 0.31528556124881207401 0.00000000099999999995 0.68021444605673353490 0.00000000099999999995 0.00000000099999999995 
0.00000000099999999989 0.01051646579619320600 0.00000000099999999989 0.00000000099999999989 0.94615894239006814725 0.00000000099999999989 0.04332458581373870715 0.00000000099999999989 0.00000000099999999989 
0.99999999200000022626 0.00000000099999999961 0.00000000099999999961 0.00000000099999999961 0.00000000099999999961 0.00000000099999999961 0.00000000099999999961 0.00000000099999999961 0.00000000099999999961 
0.61141659067885600898 0.26440468604717570766 0.00000000099999999991 0.00000000099999999991 0.00019663454669095724 0.00000000099999999991 0.12398208372727731463 0.00000000099999999991 0.00000000099999999991 
0.01383461971331653197 0.05472190145175231252 0.00000000099999999999 0.03996686068718120072 0.70063101911041569814 0.00000000099999999999 0.18441023589872662658 0.00643536013860765595 0.00000000099999999999 
0.39956614344751545387 0.19480694237234769117 0.00000000099999999996 0.00000000099999999996 0.08234181630869091828 0.00000000099999999996 0.32328509287144602258 0.00000000099999999996 0.00000000099999999996 
0.39428656694511621250 0.22178124873414334361 0.00000000099999999991 0.00000000099999999991 0.06270504517405593725 0.00000000099999999991 0.32122713414668463416 0.00000000099999999991 0.00000000099999999991 
0.00000000099999999984 0.00875756481537779373 0.00000000099999999984 0.00000000099999999984 0.00000000099999999984 0.00000000099999999984 0.99124242818462227067 0.00000000099999999984 0.00000000099999999984 
0.99999999200000022626 0.00000000099999999977 0.00000000099999999977 0.00000000099999999977 0.00000000099999999977 0.00000000099999999977 0.00000000099999999977 0.00000000099999999977 0.00000000099999999977 
0.99999999200000022626 0.00000000099999999958 0.00000000099999999958 0.00000000099999999958 0.00000000099999999958 0.00000000099999999958 0.00000000099999999958 0.00000000099999999958 0.00000000099999999958 
0.99999999200000022626 0.00000000099999999966 0.00000000099999999966 0.00000000099999999966 0.00000000099999999966 0.00000000099999999966 0.00000000099999999966 0.00000000099999999966 0.00000000099999999966 
0.44852527394024577223 0.20279620139272894197 0.00000000099999999991 0.00000000099999999991 0.06264285544818884444 0.00000000099999999991 0.28603566421883652726 0.00000000099999999991 0.00000000099999999991 
0.42210907860966417893 0.18754971326806699206 0.00000000099999999994 0.00000000099999999994 0.11111002229081951009 0.00000000099999999994 0.27923118083144937707 0.00000000099999999994 0.00000000099999999994 
0.00000000099999999991 0.03385674870433982853 0.00000000099999999991 0.00000000099999999991 0.08853387219771025052 0.00000000099999999991 0.87760937309794995187 0.00000000099999999991 0.00000000099999999991 
0.37311555403663931862 0.19897921326365394790 0.00000000099999999991 0.00000000099999999991 0.07310070598543615128 0.00000000099999999991 0.35480452171427062646 0.00000000099999999991 0.00000000099999999991 
0.35219974976607737460 0.18391694078749232233 0.00000000099999999993 0.00000000099999999993 0.10444615929403953947 0.00000000099999999993 0.35943714515239083562 0.00000000099999999993 0.00000000099999999993 
0.00000000099999999988 0.00000000099999999988 0.00000000099999999988 0.00000000099999999988 0.99999999200000011523 0.00000000099999999988 0.00000000099999999988 0.00000000099999999988 0.00000000099999999988 
0.00000000099999999982 0.00045274717681177511 0.00000000099999999982 0.00000000099999999982 0.00000000099999999982 0.00000000099999999982 0.99954724582318810189 0.00000000099999999982 0.00000000099999999982 
0.00000000099999999995 0.00000000099999999995 0.00000000099999999995 0.00381745907322486849 0.30528267005916226440 0.00000000099999999995 0.69089986486761278961 0.00000000099999999995 0.00000000099999999995 
0.00000000099999999986 0.00000000099999999986 0.00000000099999999986 0.00000000099999999986 0.99999999200000000421 0.00000000099999999986 0.00000000099999999986 0.00000000099999999986 0.00000000099999999986 
0.99999999200000011523 0.00000000099999999964 0.00000000099999999964 0.00000000099999999964 0.00000000099999999964 0.00000000099999999964 0.00000000099999999964 0.00000000099999999964 0.00000000099999999964 
0.39609109542500636758 0.27476350633705798332 0.00000000099999999990 0.00000000099999999990 0.01356215952496957200 0.00000000099999999990 0.31558323371296609361 0.00000000099999999990 0.00000000099999999990 
0.27913649786122168850 0.11356131366976394970 0.00000000099999999995 0.00000000099999999995 0.12565232695393405149 0.00000000099999999995 0.48164985651508018805 0.00000000099999999995 0.00000000099999999995 
0.00000000099999999993 0.00000000099999999993 0.00000000099999999993 0.00000000099999999993 0.31019617074566252501 0.00000000099999999993 0.68980382225433733989 0.00000000099999999993 0.00000000099999999993 
0.00000000099999999997 0.03807967199912193346 0.00000000099999999997 0.01322843782040959183 0.41340825003944864369 0.00000000099999999997 0.53528363514101995335 0.00000000099999999997 0.00000000099999999997 
0.99999999200000011523 0.00000000099999999975 0.00000000099999999975 0.00000000099999999975 0.00000000099999999975 0.00000000099999999975 0.00000000099999999975 0.00000000099999999975 0.00000000099999999975 
0.53150584139409418061 0.22938874074692844340 0.00000000099999999990 0.00000000099999999990 0.02959040683614292191 0.00000000099999999990 0.20951500602283448793 0.00000000099999999990 0.00000000099999999990 
0.00000000099999999998 0.00000000099999999998 0.00000000099999999998 0.35234157692539258555 0.10721072635379494398 0.02448893164578488241 0.00000005100086770133 0.00000000099999999998 0.51595871007415972098 
0.00000000099999999949 0.00000000099999999949 0.00000000099999999949 0.99999999200000000421 0.00000000099999999949 0.00000000099999999949 0.00000000099999999949 0.00000000099999999949 0.00000000099999999949 
0.00000000099999999961 0.00000000099999999961 0.00000000099999999961 0.99999999200000000421 0.00000000099999999961 0.00000000099999999961 0.00000000099999999961 0.00000000099999999961 0.00000000099999999961 
0.00000000099999999999 0.00000000099999999999 0.00000000099999999999 0.34100564093052321279 0.10802230099908899374 0.01765382729569515280 0.00000000099999999999 0.00000000120922885760 0.53331822556546371050 
0.00000000099999999953 0.00000000099999999953 0.00000000099999999953 0.99999999200000011523 0.00000000099999999953 0.00000000099999999953 0.00000000099999999953 0.00000000099999999953 0.00000000099999999953 
0.00000000099999999947 0.00000000099999999947 0.00000000099999999947 0.99999999200000011523 0.00000000099999999947 0.00000000099999999947 0.00000000099999999947 0.00000000099999999947 0.00000000099999999947 
0.00000000099999999940 0.00000000099999999940 0.00000000099999999940 0.99999999200000000421 0.00000000099999999940 0.00000000099999999940 0.00000000099999999940 0.00000000099999999940 0.00000000099999999940 
0.00000000099999999998 0.00000000099999999998 0.00000000099999999998 0.34582199839702509880 0.12115610825374256709 0.00544476846056974207 0.00000000099999999998 0.00015647156652419782 0.52742064932213827966 
0.00000000099999999954 0.00000000099999999954 0.00000000099999999954 0.99999999200000000421 0.00000000099999999954 0.00000000099999999954 0.00000000099999999954 0.00000000099999999954 0.00000000099999999954 
0.00000000099999999998 0.00000000099999999998 0.00057608656432425330 0.33314051971128566532 0.09899003321720652171 0.00000000099999999998 0.00000000099999999998 0.00000000099999999998 0.56729335550718351655 
0.00000000099999999940 0.00000000099999999940 0.00000000099999999940 0.99999999200000000421 0.00000000099999999940 0.00000000099999999940 0.00000000099999999940 0.00000000099999999940 0.00000000099999999940 
0.00000000099999999975 0.00000000099999999975 0.72443131904998459003 0.00000000099999999975 0.00000000099999999975 0.06011097944595233250 0.00000000099999999975 0.00000000099999999975 0.21545769550406318471 
0.00000000099999999994 0.00000000099999999994 0.00000246613397588048 0.00000000099999999994 0.00000000099999999994 0.07482500157674414065 0.00000000099999999994 0.87796591798837941845 0.04720660930090071761 
0.00000000099999999941 0.00000000099999999941 0.99999999200000011523 0.00000000099999999941 0.00000000099999999941 0.00000000099999999941 0.00000000099999999941 0.00000000099999999941 0.00000000099999999941 
0.40239100702630165030 0.26602366877655853061 0.00000000099999999989 0.00000000099999999989 0.02407494934314999280 0.00000000099999999989 0.30751036985398982893 0.00000000099999999989 0.00000000099999999989 
0.00000000099999999988 0.00000000099999999988 0.00000000099999999988 0.00000000099999999988 0.00000000099999999988 0.07287662078956713696 0.00000000099999999988 0.88440185765453283029 0.04272151555590011224 
0.00000000099999999991 0.00000000099999999991 0.00000000099999999991 0.00000000099999999991 0.00000000099999999991 0.02368627003234665893 0.00000000099999999991 0.46016874193873741339 0.51614498202891601064 
0.41350663145601807003 0.31626560920618856931 0.00000000099999999989 0.00000000099999999989 0.00000267815725190552 0.00000000099999999989 0.27022507618054164569 0.00000000099999999989 0.00000000099999999989 
0.00000000099999999991 0.00000000099999999991 0.00000000099999999991 0.00000000099999999991 0.00000000099999999991 0.00000000099999999991 0.00000000099999999991 0.49454546703536489405 0.50545452596463502637 
0.00000000099999999994 0.00000000099999999994 0.00000000099999999994 0.00425066966854365479 0.38868385745833833322 0.00000000099999999994 0.60706546687311790933 0.00000000099999999994 0.00000000099999999994 
0.37305865082266431720 0.30352339949314760537 0.00000000099999999990 0.00000000099999999990 0.04492518499633892798 0.00000000099999999990 0.27849275968784925617 0.00000000099999999990 0.00000000099999999990 
0.00000000099999999996 0.00000030054166564359 0.00000000099999999996 0.00666440305371114594 0.36267254045198960011 0.00000000099999999996 0.63066275095263368833 0.00000000099999999996 0.00000000099999999996 
0.38557056642088094467 0.22290156036469521705 0.00000000099999999986 0.00000000099999999986 0.00000000099999999986 0.00000000099999999986 0.39152786721442400797 0.00000000099999999986 0.00000000099999999986 
0.00000000099999999998 0.00609496498609175211 0.00422245447376499300 0.01576566118666264740 0.42885696644386661625 0.00000000099999999998 0.54505994890961395605 0.00000000099999999998 0.00000000099999999998 
0.00000000099999999988 0.00000000099999999988 0.00000000099999999988 0.00000000099999999988 0.00000000099999999988 0.00184133807599686796 0.00000000099999999988 0.53160972521134652879 0.46654893071265657323 
0.00000000099999999986 0.00000000099999999986 0.01821711404612274404 0.00000000099999999986 0.00000000099999999986 0.14396019963818604270 0.00000000099999999986 0.83782268031569129274 0.00000000099999999986 
0.01126286846177093973 0.00000000099999999993 0.00000000099999999993 0.00000000099999999993 0.30535032861582800390 0.00000000099999999993 0.68338679692240089647 0.00000000099999999993 0.00000000099999999993 
0.00000000099999999992 0.00000000099999999992 0.00000000099999999992 0.00572128013989385217 0.39256119287756113811 0.00000000099999999992 0.60171752098254505103 0.00000000099999999992 0.00000000099999999992 
0.33074138720823387239 0.24902535790291971396 0.00000000099999999986 0.00000000099999999986 0.00336805300091746031 0.00000000099999999986 0.41686519688792905702 0.00000000099999999986 0.00000000099999999986 
0.00000000099999999950 0.00000000099999999950 0.00000000099999999950 0.99999999200000000421 0.00000000099999999950 0.00000000099999999950 0.00000000099999999950 0.00000000099999999950 0.00000000099999999950 
0.00000000099999999993 0.00000000099999999993 0.00000000099999999993 0.05624412631776173205 0.94375586668223832021 0.00000000099999999993 0.00000000099999999993 0.00000000099999999993 0.00000000099999999993 
0.00000000099999999945 0.00000000099999999945 0.00000000099999999945 0.99999999200000000421 0.00000000099999999945 0.00000000099999999945 0.00000000099999999945 0.00000000099999999945 0.00000000099999999945 
0.00000000099999999950 0.00000000099999999950 0.00000000099999999950 0.99999999200000000421 0.00000000099999999950 0.00000000099999999950 0.00000000099999999950 0.00000000099999999950 0.00000000099999999950 
0.00000000099999999998 0.00000000099999999998 0.00000000099999999998 0.05854066504000095261 0.94126401963670280892 0.00000000099999999998 0.00019100688320461065 0.00000000099999999998 0.00000430344009151846 
0.00000000099999999974 0.00000000099999999974 0.00000000099999999974 0.99999999200000011523 0.00000000099999999974 0.00000000099999999974 0.00000000099999999974 0.00000000099999999974 0.00000000099999999974 
0.00000000099999999994 0.00000000099999999994 0.00000000099999999994 0.05171068020943917626 0.94828931279056083437 0.00000000099999999994 0.00000000099999999994 0.00000000099999999994 0.00000000099999999994 
0.00000000099999999977 0.00000000099999999977 0.00000000099999999977 0.99999999200000000421 0.00000000099999999977 0.00000000099999999977 0.00000000099999999977 0.00000000099999999977 0.00000000099999999977 
0.00000000099999999999 0.00000044679330050265 0.00000000099999999999 0.05337860555365079446 0.94237786637553555558 0.00000000099999999999 0.00121222231736079736 0.00000000099999999999 0.00303085496015234428 
0.00000000099999999984 0.00000000099999999984 0.00483888349162308641 0.00000000099999999984 0.00000000099999999984 0.17417817660849996275 0.00000000099999999984 0.79758335545797043320 0.02339957944190654629 
0.00000000099999999981 0.96221084845222581983 0.00000000099999999981 0.00000000099999999981 0.00000000099999999981 0.00000000099999999981 0.03778914454777435039 0.00000000099999999981 0.00000000099999999981 
0.00000000099999999989 0.00000000099999999989 0.00000000099999999989 0.00000000099999999989 0.00000000099999999989 0.00277694002550613658 0.00000000099999999989 0.51094935851325440357 0.48627369546123960786 
0.00000000099999999981 0.00000000099999999981 0.00865044182467585195 0.00000000099999999981 0.00000000099999999981 0.15699508610307688627 0.00000000099999999981 0.74870119088614572878 0.08565327618610162064 
0.00000000099999999990 0.00000000099999999990 0.00000000099999999990 0.00000000099999999990 0.00000000099999999990 0.07823449144108152176 0.00000000099999999990 0.83398035331980879814 0.08778514923910959999 
0.00000000099999999992 0.00000000099999999992 0.00000000099999999992 0.00000000099999999992 0.00000000099999999992 0.02398600126617402017 0.00000000099999999992 0.53051872488242857173 0.44549526785139748064 
0.00000000099999999980 0.00000000099999999980 0.00000000099999999980 0.00000000099999999980 0.99999999200000000421 0.00000000099999999980 0.00000000099999999980 0.00000000099999999980 0.00000000099999999980 
0.00000000099999999991 0.00000000099999999991 0.00000000099999999991 0.00000000099999999991 0.00000000099999999991 0.00041316098595649210 0.00000000099999999991 0.34538973005814632700 0.65419710295589705851 
0.00000000099999999985 0.00000000099999999985 0.00000000099999999985 0.00000000099999999985 0.99999999200000000421 0.00000000099999999985 0.00000000099999999985 0.00000000099999999985 0.00000000099999999985 
0.00000000099999999945 0.00000000099999999945 0.00000000099999999945 0.00000000099999999945 0.00000000099999999945 0.99999999200000000421 0.00000000099999999945 0.00000000099999999945 0.00000000099999999945 
0.00000000099999999986 0.00000000099999999986 0.00000000099999999986 0.00000000099999999986 0.00000000099999999986 0.14377772372547836799 0.00000000099999999986 0.85622226927452171896 0.00000000099999999986 
0.00000000099999999941 0.00000000099999999941 0.00000000099999999941 0.00000000099999999941 0.00000000099999999941 0.99999999200000011523 0.00000000099999999941 0.00000000099999999941 0.00000000099999999941 
0.00000000099999999979 0.00000214445682500241 0.00000000099999999979 0.00000000099999999979 0.99584150938496507344 0.00000000099999999979 0.00415634015820986937 0.00000000099999999979 0.00000000099999999979 
0.00000000099999999983 0.00000000099999999983 0.00000000099999999983 0.00000000099999999983 0.00000000099999999983 0.13753996798803361234 0.00000000099999999983 0.77209446615323751306 0.09036555985872880836 
