0.00605799929762523143 0.00883228762576766455 0.00000000099999999999 0.98510971107660705304 0.00000000099999999999 
0.00002398214948721167 0.01471815810545336854 0.00000000100000000000 0.98525785774505936221 0.00000000100000000000 
0.00000000099999999996 0.00000000099999999996 0.99999999600000000211 0.00000000099999999996 0.00000000099999999996 
0.00000000099999999999 0.00000208532462002921 0.00000000099999999999 0.99244240401036465382 0.00755550866501544186 
0.00000000099999999997 0.03460510327836331668 0.00000000099999999997 0.92569501858919189807 0.03969987613244481406 
0.00000000099999999998 0.04387412586703136330 0.00000000099999999998 0.91458917100304726322 0.04153670112992138841 
0.00000000099999999994 0.00000045359530581564 0.00000000099999999994 0.99999954340469410230 0.00000000099999999994 
0.00000000099999999994 0.01418915423683801344 0.00000000099999999994 0.98581084276316188753 0.00000000099999999994 
0.00000000099999999993 0.00716629885213382941 0.00000000099999999993 0.99283369814786615049 0.00000000099999999993 
0.00000000099999999997 0.07233194963056463478 0.00000000099999999997 0.91527261188000763603 0.01239543648942770422 
0.00000000099999999999 0.02651755245049650100 0.00000000099999999999 0.94611044276386013774 0.02737200278564341782 
0.00000000099999999998 0.01720662878919092600 0.00000000099999999998 0.93225123306997503825 0.05054213614083402639 
0.06177976454522010608 0.00539912431760820617 0.93282110913717175560 0.00000000099999999998 0.00000000099999999998 
0.00000000099999999995 0.01426245790456424564 0.00000000099999999995 0.98573753909543571083 0.00000000099999999995 
0.00000000099999999993 0.02095049958102640844 0.00000000099999999993 0.97904949741897351334 0.00000000099999999993 
0.00000000099999999992 0.27280640809229245169 0.00000000099999999992 0.72719358890770735560 0.00000000099999999992 
0.00000000099999999996 0.00956196802959174107 0.00000000099999999996 0.99043802897040822408 0.00000000099999999996 
0.00000000099999999963 0.99999999600000011313 0.00000000099999999963 0.00000000099999999963 0.00000000099999999963 
0.00000000099999999962 0.99999999600000011313 0.00000000099999999962 0.00000000099999999962 0.00000000099999999962 
0.01027963423040036822 0.01857819012263651343 0.00000000100000000000 0.93550635947815907745 0.03563581516880401368 
0.00000000099999999982 0.00000000099999999982 0.00000000099999999982 0.99999999599999989108 0.00000000099999999982 
0.00000000099999999993 0.01984632247451272730 0.00000000099999999993 0.98015367452548729510 0.00000000099999999993 
0.00000000099999999996 0.03811149200064321840 0.00000000099999999996 0.92040543888035475373 0.04148306711900189708 
0.00000000099999999988 0.00428789610671523238 0.00000000099999999988 0.99571210089328465731 0.00000000099999999988 
0.95593105161446267903 0.01962214306875814315 0.00000000099999999999 0.00000000099999999999 0.02444680331677916846 
0.01528746874764581529 0.03168740685570405058 0.00000000100000000000 0.93903047810473849744 0.01399464529191154875 
0.00003970065226182530 0.04770770967263734258 0.03106589059797398508 0.91779323198192153122 0.00339346709520521811 
0.02743697246673751713 0.02938047664836685585 0.00000000099999999999 0.94318254888489549970 0.00000000099999999999 
0.00000000099999999995 0.02536565934872544656 0.00000000099999999995 0.86832946722050574628 0.10630487143076892964 
0.00000000099999999994 0.00000398609221934882 0.00000000099999999994 0.99999601090778056367 0.00000000099999999994 
0.00000000099999999999 0.05416569816618037325 0.00000000099999999999 0.91671287137233825604 0.02912142846148136482 
0.00000000099999999982 0.00000000099999999982 0.00000000099999999982 0.99999999600000000211 0.00000000099999999982 
0.00000000099999999997 0.00453990253321464882 0.00000000099999999997 0.99546009446678540566 0.00000000099999999997 
0.00025696121839679717 0.04759220500621205718 0.06865741473926935401 0.87891446881962342896 0.00457895021649837482 
0.00000000099999999999 0.05144530660287491286 0.03126625773831800265 0.91186578111687499604 0.00542265354193219046 
0.09330746385317309488 0.00000000099999999999 0.00000000099999999999 0.89254238311238298653 0.01415015103444401852 
0.97784297445608048260 0.00000000099999999997 0.00000000099999999997 0.00000000099999999997 0.02215702254391956755 
0.00000000099999999999 0.02635504252775712833 0.02264346034798639384 0.95100149512425646847 0.00000000099999999999 
0.00000000099999999996 0.03235558277941078670 0.00000000099999999996 0.92113684843033749594 0.04650756679025178780 
0.00000000099999999997 0.03581654937386129917 0.00000000099999999997 0.93376436754422487141 0.03041908108191398660 
0.97300567799086379317 0.00818552502107872289 0.00000000099999999999 0.00000000099999999999 0.01880879498805750755 
0.88997164707642173465 0.01226248596938890427 0.00000000099999999997 0.00000000099999999997 0.09776586495418951306 
0.87414267097973352705 0.00055504638140487839 0.00000000099999999999 0.01070811909698278844 0.11459416254187890227 
0.94876127288566702855 0.00000000099999999999 0.02322854612312790293 0.00000000099999999999 0.02801017899120518406 
0.91360829009952615465 0.00006190304229911346 0.00190046889800106456 0.01773356977660051764 0.06669576818357321468 
0.97343493462977448427 0.00000000099999999998 0.01977343005681276786 0.00000000099999999998 0.00679163331341282438 
0.97154023227498720328 0.00000000099999999997 0.00935932098960090900 0.00000000099999999997 0.01910044473541200674 
0.92205432522308861110 0.00506253011467799278 0.00000000100000000000 0.01007029318075185718 0.06281285048148144146 
0.98536538106342996812 0.00000000099999999998 0.00353733759255649627 0.00000000099999999998 0.01109727934401349807 
0.96375759295748120170 0.00000000099999999998 0.01666827705629772213 0.00000000099999999998 0.01957412798622122641 
0.90859026676320742144 0.00976888218989768742 0.00000000100000000000 0.02402660875874902333 0.05761424128814588569 
0.95932588277251007458 0.00000000099999999999 0.02733238186215685914 0.00000000099999999999 0.01334173336533313846 
0.00000000099999999980 0.99999999600000000211 0.00000000099999999980 0.00000000099999999980 0.00000000099999999980 
0.92468630296267950719 0.00073289320695524502 0.02160028914385269533 0.00000000099999999999 0.05298051368651249260 
0.92648401459259510649 0.00000000099999999998 0.02130909659853542221 0.00000000099999999998 0.05220688680886940991 
0.93291213015742691095 0.01066543318581552810 0.01342677799165228024 0.00000000099999999999 0.04299565766510544257 
0.93038688813681413858 0.00000000099999999998 0.02424923709419732690 0.00000000099999999998 0.04536387276898853904 
0.92934254766159885008 0.00783378530695058757 0.01550979413881908679 0.00000000099999999999 0.04731387189263151771 
0.92188027333071342895 0.00000000099999999998 0.03683079409503736690 0.00000000099999999998 0.04128893057424917051 
0.00667251352662017426 0.04754551084646078951 0.02334665296321571798 0.89228171678846801562 0.03015360587523529742 
0.00000000099999999997 0.03268307042135290552 0.00000000099999999997 0.93386637817483308943 0.03345054940381413794 
0.00000000099999999988 0.80905008508281528457 0.00000000099999999988 0.19094991191718466150 0.00000000099999999988 
0.01471012720459610734 0.00000000099999999997 0.00000000099999999997 0.98528986979540378321 0.00000000099999999997 
0.00000000099999999989 0.00000004906386588875 0.00000000099999999989 0.99999994793613400379 0.00000000099999999989 
0.00000000099999999978 0.00000000099999999978 0.00000000099999999978 0.99999999599999989108 0.00000000099999999978 
0.00000000099999999996 0.01028936025969343776 0.00000000099999999996 0.98971063674030657076 0.00000000099999999996 
0.00000000099999999995 0.00000005020984065887 0.00000000099999999995 0.99999994679015924426 0.00000000099999999995 
0.00000000099999999997 0.04703246159049306874 0.00000000099999999997 0.89371528213467354984 0.05925225427483330615 
0.00000000099999999962 0.99999999600000000211 0.00000000099999999962 0.00000000099999999962 0.00000000099999999962 
0.01601147722567066237 0.04187987100830493914 0.00000000099999999998 0.90328473124741870404 0.03882391951860567764 
0.00000000099999999990 0.00403141867015443817 0.00000000099999999990 0.99596857832984542203 0.00000000099999999990 
0.98647647179379638338 0.00000000099999999995 0.00000000099999999995 0.00000000099999999995 0.01352352520620358871 
0.00000000099999999994 0.00932482459255712555 0.00000000099999999994 0.99067517240744273899 0.00000000099999999994 
0.00000000099999999999 0.01500078060288292242 0.00000000099999999999 0.95598351784290447331 0.02901569955421271982 
0.00000000099999999978 0.00000000099999999978 0.00000000099999999978 0.99999999599999989108 0.00000000099999999978 
0.00000000099999999994 0.01058115013153100754 0.00000000099999999994 0.98941884686846881536 0.00000000099999999994 
0.00000000099999999992 0.01095463503561194991 0.00000000099999999992 0.98904536196438785911 0.00000000099999999992 
0.00000000099999999998 0.01723817552471082135 0.00000000099999999998 0.98276182147528901023 0.00000000099999999998 
0.00000000099999999994 0.05112595381070557388 0.00000000099999999994 0.91872102805765976097 0.03015301613163471478 
0.97564244398549915260 0.00283138922120731345 0.00000000100000000000 0.01481062320467907596 0.00671554258861453701 
0.00000000099999999983 0.00000000099999999983 0.00000000099999999983 0.99999999600000000211 0.00000000099999999983 
0.00000000099999999984 0.00000000099999999984 0.00000000099999999984 0.99999999600000000211 0.00000000099999999984 
0.00000000099999999998 0.00000298645823809172 0.00000000099999999998 0.99354134092368306952 0.00645567061807876107 
0.53729088627365906294 0.00000000099999999992 0.46270911072634113292 0.00000000099999999992 0.00000000099999999992 
0.95839491090843509369 0.00000000099999999996 0.04160508609156488014 0.00000000099999999996 0.00000000099999999996 
0.96657407686505036892 0.00000000099999999991 0.03342592013494954245 0.00000000099999999991 0.00000000099999999991 
0.00000000099999999976 0.00000000099999999976 0.99999999599999989108 0.00000000099999999976 0.00000000099999999976 
0.00000000099999999973 0.00000000099999999973 0.99999999599999989108 0.00000000099999999973 0.00000000099999999973 
0.00000000099999999991 0.01734446963243396408 0.00000000099999999991 0.98265552736756611729 0.00000000099999999991 
0.95042739517533936233 0.00000000099999999998 0.04508686217643762678 0.00000000099999999998 0.00448574064822300934 
0.89904379944029566563 0.00000000099999999998 0.09163197641069883992 0.00000000099999999998 0.00932422214900553541 
0.94203992330462293925 0.00000000099999999996 0.05203702171244799918 0.00000000099999999996 0.00592305298292921875 
0.96670298216751371356 0.00000000099999999993 0.03329701483248643373 0.00000000099999999993 0.00000000099999999993 
0.95213540382196437672 0.00000000099999999991 0.04786459317803558322 0.00000000099999999991 0.00000000099999999991 
0.00000000099999999972 0.00000000099999999972 0.99999999600000000211 0.00000000099999999972 0.00000000099999999972 
0.00000000099999999977 0.00000000099999999977 0.99999999600000000211 0.00000000099999999977 0.00000000099999999977 
0.94917517682230634346 0.00000000099999999997 0.05082482017769369975 0.00000000099999999997 0.00000000099999999997 
0.96726822033088966091 0.00000000099999999989 0.03273177666911040312 0.00000000099999999989 0.00000000099999999989 
0.94884524495619904094 0.00000000099999999996 0.05115475204380100921 0.00000000099999999996 0.00000000099999999996 
0.91085967176010773638 0.00000002669525231131 0.08914029954464001981 0.00000000099999999999 0.00000000099999999999 
0.91064624784625758380 0.00000000099999999999 0.08094954673591958638 0.00000000099999999999 0.00840420341782279964 
0.53062913040816739318 0.00000000099999999995 0.46937086659183280268 0.00000000099999999995 0.00000000099999999995 
0.90677524977698442665 0.00000000099999999997 0.08913462333328896203 0.00000000099999999997 0.00409012488972671125 
0.90570247377295431956 0.00000000099999999999 0.09259926417013496225 0.00000000099999999999 0.00169826005691077323 
0.94540781926410144553 0.00000000099999999996 0.05459217773589863931 0.00000000099999999996 0.00000000099999999996 
0.98259590538881802502 0.00000000099999999995 0.00000000099999999995 0.00000000099999999995 0.01740409161118205636 
0.54017765826081465264 0.00000000099999999996 0.45982233873918537670 0.00000000099999999996 0.00000000099999999996 
0.89621226984164437113 0.00853751586946864885 0.00693629877772681570 0.01441332075980274706 0.07390059475135746236 
0.98119500122274505571 0.00000000099999999995 0.00000000099999999995 0.00000000099999999995 0.01880499577725496321 
0.35777397673890454222 0.00000000099999999996 0.64222602026109543161 0.00000000099999999996 0.00000000099999999996 
0.58833221013850867109 0.00000000099999999996 0.41166778686149130273 0.00000000099999999996 0.00000000099999999996 
0.58706256082699992405 0.00000000099999999998 0.41293743617300016080 0.00000000099999999998 0.00000000099999999998 
0.95888687407910844218 0.00395812590177569996 0.00000000099999999999 0.00000000099999999999 0.03715499801911586325 
0.96472159936872836639 0.00000000099999999998 0.01741644676944502368 0.00000000099999999998 0.01786195186182670466 
0.98763703804862978952 0.00000000099999999996 0.00000000099999999996 0.00000000099999999996 0.01236295895137027451 
0.00000000099999999981 0.00000000099999999981 0.99999999599999989108 0.00000000099999999981 0.00000000099999999981 
0.30650105321999582264 0.00000000099999999995 0.69349894378000409567 0.00000000099999999995 0.00000000099999999995 
0.89465266825295408637 0.00001054600011719470 0.02039059495161614152 0.01625032909754537541 0.06869586169776721596 
0.52122000193135731294 0.00000000099999999998 0.47877999506864282742 0.00000000099999999998 0.00000000099999999998 
0.52330883468553224258 0.00000000099999999995 0.47669116231446784226 0.00000000099999999995 0.00000000099999999995 
0.93722300867038932370 0.00000000099999999993 0.06277698832961069175 0.00000000099999999993 0.00000000099999999993 
0.00000000099999999989 0.00000000099999999989 0.99999999599999989108 0.00000000099999999989 0.00000000099999999989 
0.00000000099999999980 0.00000000099999999980 0.99999999599999989108 0.00000000099999999980 0.00000000099999999980 
0.00000000099999999984 0.00000000099999999984 0.99999999599999989108 0.00000000099999999984 0.00000000099999999984 
0.47844802595187796435 0.00000000099999999996 0.52155197104812200948 0.00000000099999999996 0.00000000099999999996 
0.50294224056547687240 0.00000000099999999997 0.49705775643452315693 0.00000000099999999997 0.00000000099999999997 
0.94626194132618224319 0.00000000099999999996 0.05373805567381766818 0.00000000099999999996 0.00000000099999999996 
0.54763829000659458579 0.00000000099999999995 0.45236170699340538803 0.00000000099999999995 0.00000000099999999995 
0.57147402671396796414 0.00000000099999999996 0.42852597028603212070 0.00000000099999999996 0.00000000099999999996 
0.98177931062700507514 0.00000000099999999998 0.00000000099999999998 0.00000000099999999998 0.01822068637299509644 
0.94937296611974475447 0.00000000099999999990 0.05062703088025529569 0.00000000099999999990 0.00000000099999999990 
0.95508390128310716172 0.00000000099999999999 0.02602637593607005570 0.00000000099999999999 0.01888972078082282180 
0.97632801058419327322 0.00000000099999999997 0.00000000099999999997 0.00000000099999999997 0.02367198641580682203 
0.00000000099999999985 0.00000000099999999985 0.99999999599999989108 0.00000000099999999985 0.00000000099999999985 
0.50439342747385873533 0.00000000099999999994 0.49560656952614123849 0.00000000099999999994 0.00000000099999999994 
0.65429653469881099426 0.00000000099999999998 0.34570345711198857686 0.00000000099999999998 0.00000000618920061531 
0.97329884014187650898 0.00000000099999999998 0.01198490550409945371 0.00000000099999999998 0.01471625235402412683 
0.95686141370043864551 0.00000006870175649677 0.01429179085050768204 0.00068824029871226511 0.02815848644858492261 
0.00000000099999999988 0.00000000099999999988 0.99999999600000000211 0.00000000099999999988 0.00000000099999999988 
0.38901296570023891075 0.00000000099999999995 0.61098703129976117410 0.00000000099999999995 0.00000000099999999995 
0.12352374442294841717 0.02825471777950002567 0.00000000100000000000 0.45973219553763455814 0.38848934125991707589 
0.00000000099999999974 0.00000000099999999974 0.00000000099999999974 0.00000000099999999974 0.99999999600000000211 
0.00000000099999999980 0.00000000099999999980 0.00000000099999999980 0.00000000099999999980 0.99999999599999989108 
0.12251002960807060027 0.05009029936953873774 0.00000000100000000000 0.44740736744282560977 0.37999230257956517764 
0.00000000099999999976 0.00000000099999999976 0.00000000099999999976 0.00000000099999999976 0.99999999599999989108 
0.00000000099999999973 0.00000000099999999973 0.00000000099999999973 0.00000000099999999973 0.99999999599999989108 
0.00000000099999999969 0.00000000099999999969 0.00000000099999999969 0.00000000099999999969 0.99999999599999989108 
0.13457565463977033682 0.03011440701504186634 0.00000000099999999999 0.45077426507454521065 0.38453567227064244793 
0.00000000099999999976 0.00000000099999999976 0.00000000099999999976 0.00000000099999999976 0.99999999599999989108 
0.10512346868607892747 0.05731106770941854500 0.00000000099999999999 0.46183408960999988713 0.37573137299450271032 
0.00000000099999999970 0.00000000099999999970 0.00000000099999999970 0.00000000099999999970 0.99999999600000000211 
0.00000000099999999986 0.77807295321742553362 0.00000000099999999986 0.22192704378257449571 0.00000000099999999986 
0.00154490461722824740 0.01370021537772160569 0.00000000099999999998 0.98475470651139207501 0.00000017249365803891 
0.00000000099999999971 0.99999999600000011313 0.00000000099999999971 0.00000000099999999971 0.00000000099999999971 
0.50216426680545100947 0.00000000099999999994 0.49783573019454896436 0.00000000099999999994 0.00000000099999999994 
0.00000000099999999994 0.00409119295272695332 0.00000000099999999994 0.99590880404727288866 0.00000000099999999994 
0.00000000099999999999 0.03345050014330945565 0.00000000099999999999 0.92541335624960263662 0.04113614160708796430 
0.47480520880925536353 0.00000000099999999994 0.52519478819074472131 0.00000000099999999994 0.00000000099999999994 
0.00000000099999999998 0.03706009267191351375 0.00000000099999999998 0.92913701972105178228 0.03380288560703466338 
0.97522884868606052322 0.00386006357223579125 0.00298124478557883514 0.00000000099999999999 0.01792984195612495196 
0.52312960558857257709 0.00000000099999999994 0.47687039141142756327 0.00000000099999999994 0.00000000099999999994 
0.95473072654750412713 0.00000000099999999999 0.02581607936431779340 0.00000000099999999999 0.01945319208817821582 
0.51889032731587036995 0.00000000099999999992 0.48110966968412965938 0.00000000099999999992 0.00000000099999999992 
0.94430824548056657708 0.00517506011722116636 0.02090669071479287280 0.00000000100000000000 0.02961000268741946495 
0.00000000099999999997 0.01509236616961957302 0.00000000099999999997 0.95241832143851290482 0.03248931039186756659 
0.00000000099999999993 0.02649904758590941947 0.00000000099999999993 0.97350094941409048843 0.00000000099999999993 
0.94922239884113779329 0.00000000099999999997 0.04020977538041133059 0.00000000099999999997 0.01056782377845092921 
0.96301480991762078432 0.00000000099999999998 0.01611572713669561993 0.00000000099999999998 0.02086946094568365925 
0.56845329155024992840 0.00000000099999999992 0.43154670544975010094 0.00000000099999999992 0.00000000099999999992 
0.00000000099999999974 0.00000000099999999974 0.00000000099999999974 0.00000000099999999974 0.99999999600000000211 
0.88192586355340218951 0.00266065051576701121 0.00000000099999999999 0.00000000099999999999 0.11541348393083090962 
0.00000000099999999972 0.00000000099999999972 0.00000000099999999972 0.00000000099999999972 0.99999999599999989108 
0.00000000099999999974 0.00000000099999999974 0.00000000099999999974 0.00000000099999999974 0.99999999600000000211 
0.88201062628656223819 0.00392231633452462709 0.00000000099999999999 0.01239714385887522898 0.10166991252003799995 
0.00000000099999999987 0.00000000099999999987 0.00000000099999999987 0.00000000099999999987 0.99999999600000000211 
0.88555359064526895096 0.00524993444386181746 0.00000000099999999999 0.00000000099999999999 0.10919647291086916063 
0.00000000099999999988 0.00000000099999999988 0.00000000099999999988 0.00000000099999999988 0.99999999599999989108 
0.88931626115618567230 0.00000003861384120965 0.00000000099999999999 0.01462503219809135196 0.09605866703188171984 
0.00000000099999999991 0.01719536310443082333 0.00000000099999999991 0.98280463389556904641 0.00000000099999999991 
0.80707734115621476700 0.00000000099999999990 0.19292265584378534560 0.00000000099999999990 0.00000000099999999990 
0.00000000099999999998 0.01824038432213493863 0.00000000099999999998 0.93196651156171539387 0.04979310211614970672 
0.00000000099999999990 0.02236151829309740435 0.00000000099999999990 0.97763847870690245845 0.00000000099999999990 
0.00000000099999999996 0.01196505317223043111 0.00000000099999999996 0.98378421233307145055 0.00425073249469832843 
0.00000000099999999998 0.00837559930518903990 0.00000000099999999998 0.95125385547298879629 0.04037054322182210414 
0.97648244828159225239 0.00000000099999999995 0.00000000099999999995 0.00000000099999999995 0.02351754871840780817 
0.00304986374886525875 0.04724635698017150276 0.00000000099999999999 0.88763339498392568316 0.06207038328703753938 
0.97099348704338916960 0.00000000099999999997 0.00000000099999999997 0.00000000099999999997 0.02900650995661086667 
0.00000000099999999982 0.00000000099999999982 0.00000000099999999982 0.99999999599999989108 0.00000000099999999982 
0.00000000099999999993 0.00292226061979373444 0.00000000099999999993 0.99707773638020624762 0.00000000099999999993 
0.00000000099999999981 0.00000000099999999981 0.00000000099999999981 0.99999999600000000211 0.00000000099999999981 
0.98833576638943121395 0.00000000099999999995 0.00000000099999999995 0.00000000099999999995 0.01166423061056900273 
0.00000000099999999991 0.00030258644318924489 0.00000000099999999991 0.99969741055681060615 0.00000000099999999991 
0.00000000099999999998 0.01248482945447305231 0.00000000099999999998 0.95077530201284576883 0.03673986653268118685 
0.00000000099999999994 0.00510024079468588548 0.00000000099999999994 0.99489975620531412304 0.00000000099999999994 
0.00000000099999999995 0.00000023830999451131 0.00000000099999999995 0.99999975869000545803 0.00000000099999999995 
0.00000000099999999993 0.01994121601590569115 0.00000000099999999993 0.98005878098409426880 0.00000000099999999993 
0.00000000099999999995 0.00000355769084652162 0.00000000099999999995 0.99999643930915338430 0.00000000099999999995 
0.00000000099999999996 0.02896026367933260404 0.00000000099999999996 0.97103973332066739754 0.00000000099999999996 
0.98305977182495607458 0.00000000099999999994 0.00000000099999999994 0.00000000099999999994 0.01694022517504415945 
0.96670050282178732193 0.00000000099999999998 0.00000000099999999998 0.00000000099999999998 0.03329949417821272822 
0.98157796917864914565 0.00000000099999999995 0.00000000099999999995 0.00000000099999999995 0.01842202782135098776 
0.98183689635084836489 0.00000000099999999996 0.00000000099999999996 0.00000000099999999996 0.01816310064915171649 
0.98448900030043828835 0.00000000099999999997 0.00000000099999999997 0.00000000099999999997 0.01551099669956174792 
0.98493904915789320942 0.00000000099999999995 0.00000000099999999995 0.00000000099999999995 0.01506094784210697778 
0.98529936186460231884 0.00000000099999999998 0.00000000099999999998 0.00000000099999999998 0.01470063513539781805 
0.98103669769158419189 0.00000000099999999994 0.00000000099999999994 0.00000000099999999994 0.01896329930841596581 
0.00000000099999999991 0.00000000099999999991 0.00000000099999999991 0.99999999599999989108 0.00000000099999999991 
0.00000000099999999958 0.99999999600000011313 0.00000000099999999958 0.00000000099999999958 0.00000000099999999958 
0.00000000099999999999 0.00462623479605302115 0.00000000099999999999 0.99537247477957413455 0.00000128842437279133 
0.93849288695412491634 0.00000000099999999994 0.06150711004587517544 0.00000000099999999994 0.00000000099999999994 
0.80874111642021095925 0.00000000099999999990 0.19125888057978909784 0.00000000099999999990 0.00000000099999999990 
0.00000000099999999997 0.03161164457313501985 0.00000000099999999997 0.93500898792887077171 0.03337936549799423724 
0.94508629222988016494 0.00000000099999999995 0.05491370477011996154 0.00000000099999999995 0.00000000099999999995 
0.02872330114886453498 0.05284160252645764277 0.00000000100000000000 0.85627250900144924461 0.06216258632322852612 
0.95807766412690320568 0.00000000099999999991 0.04192233287309672651 0.00000000099999999991 0.00000000099999999991 
0.98683569699808548759 0.00000000099999999996 0.00000000099999999996 0.00000000099999999996 0.01316430000191468747 
0.94343938983286879107 0.00000000099999999992 0.05656060716713132153 0.00000000099999999992 0.00000000099999999992 
0.94838482041166627390 0.00000000099999999993 0.05161517658833372074 0.00000000099999999993 0.00000000099999999993 
0.96327410828193837933 0.00000000099999999992 0.03672588871806166388 0.00000000099999999992 0.00000000099999999992 
0.78084116268036607433 0.00000000099999999994 0.21915883431963401051 0.00000000099999999994 0.00000000099999999994 
0.95405926095555837474 0.00000000099999999991 0.04594073604444168235 0.00000000099999999991 0.00000000099999999991 
0.95286994894567145220 0.00000000099999999993 0.04713004805432862571 0.00000000099999999993 0.00000000099999999993 
0.99206367209819679154 0.00000000099999999995 0.00000000099999999995 0.00000000099999999995 0.00793632490180337831 
0.00000000099999999998 0.04201352983060994278 0.00000000099999999998 0.92804916157998995629 0.02993730658940015402 
0.00000000099999999999 0.02940871494658692242 0.00000000099999999999 0.93963882298886436395 0.03095246006454864529 
0.00000000099999999956 0.99999999600000011313 0.00000000099999999956 0.00000000099999999956 0.00000000099999999956 
0.80409881897567303533 0.00000000099999999992 0.19590117802432693850 0.00000000099999999992 0.00000000099999999992 
0.96386373236454747637 0.00000000099999999991 0.03613626463545250439 0.00000000099999999991 0.00000000099999999991 
0.99512801366250924762 0.00000000099999999996 0.00000000099999999996 0.00000000099999999996 0.00487198333749073054 
0.80219976590543173867 0.00000000099999999995 0.19780023109456829067 0.00000000099999999995 0.00000000099999999995 
0.95679617439348374486 0.00000000099999999992 0.04320382260651640938 0.00000000099999999992 0.00000000099999999992 
0.80931148778723127624 0.00000000099999999991 0.19068850921276878085 0.00000000099999999991 0.00000000099999999991 
0.78145877470698932310 0.00000000099999999995 0.21854122229301076175 0.00000000099999999995 0.00000000099999999995 
0.79004896601662455424 0.00000000099999999994 0.20995103098337547509 0.00000000099999999994 0.00000000099999999994 
0.00000000099999999996 0.02688323221051328732 0.00000000099999999996 0.94460959709139091789 0.02850716869809582013 
0.92797429015229349059 0.00032447059698102856 0.05845824954259620093 0.00000000100000000000 0.01324298870812931975 
0.99041692160199334971 0.00000000099999999997 0.00000000099999999997 0.00000000099999999997 0.00958307539800680279 
0.79583173027936415789 0.00000000099999999996 0.20416826672063578818 0.00000000099999999996 0.00000000099999999996 
0.95513760943050529661 0.00000000099999999993 0.04486238756949477435 0.00000000099999999993 0.00000000099999999993 
0.00000000099999999999 0.07562010660901642700 0.00000000099999999999 0.91679680159179532950 0.00758308979918822113 
0.99456464727406757032 0.00000000099999999996 0.00000000099999999996 0.00000000099999999996 0.00543534972593253361 
0.96653436386595525942 0.00000000099999999997 0.00844585519157784945 0.00000000099999999997 0.02501977894246694770 
0.96530236511992240089 0.00000000099999999998 0.02617658415769055780 0.00000000099999999998 0.00852104872238710481 
0.94661206213880666471 0.00000000099999999999 0.03800915433283478390 0.00000000099999999999 0.01537878152835852469 
0.96405625215822554619 0.00000000099999999998 0.01835315147285335527 0.00000000099999999998 0.01759059436892132511 
0.96637980753260488420 0.00000000099999999996 0.02014616246858149870 0.00000000099999999996 0.01347402799881348805 
0.95431379069955546424 0.00000000099999999996 0.03567067702517215388 0.00000000099999999996 0.01001553027527257896 
0.95185059124022952659 0.00000000099999999997 0.03434711002675824160 0.00000000099999999997 0.01380229673301219991 
0.96871501707369567225 0.00000000099999999997 0.01310083327263658268 0.00000000099999999997 0.01818414765366768715 
0.96493590829136577369 0.00000000099999999998 0.02327258703867300313 0.00000000099999999998 0.01179150266996137342 
0.95969289034084104273 0.00000000099999999996 0.02378799009352890528 0.00000000099999999996 0.01651911756562997324 
0.00000000099999999992 0.01680871502814333673 0.00000000099999999992 0.98319128197185656770 0.00000000099999999992 
0.00000000099999999998 0.00900340671390759996 0.00000000099999999998 0.99099659028609232703 0.00000000099999999998 
0.00000000099999999994 0.00001991589961478733 0.00000000099999999994 0.99998008110038527629 0.00000000099999999994 
0.00000000099999999990 0.02898309871460490184 0.00000000099999999990 0.97101689828539505811 0.00000000099999999990 
0.00000000099999999996 0.01481106767974445237 0.00000000099999999996 0.98518892932025547982 0.00000000099999999996 
0.00000000099999999991 0.04324629629759348115 0.00000000099999999991 0.95675370070240650655 0.00000000099999999991 
0.00000000099999999990 0.01425951438421571744 0.00000000099999999990 0.98574048261578428587 0.00000000099999999990 
0.00000000099999999993 0.01074875400985724448 0.00000000099999999993 0.98925124299014266516 0.00000000099999999993 
0.00000000099999999996 0.00000000099999999996 0.00000000099999999996 0.99999999600000000211 0.00000000099999999996 
0.00000000099999999990 0.03145044652817157588 0.00000000099999999990 0.96854955047182844652 0.00000000099999999990 
0.00000000099999999984 0.00000000099999999984 0.00000000099999999984 0.00000000099999999984 0.99999999599999989108 
0.00000000099999999979 0.00000000099999999979 0.00000000099999999979 0.00000000099999999979 0.99999999600000000211 
0.00000000099999999983 0.00000000099999999983 0.00000000099999999983 0.00000000099999999983 0.99999999599999989108 
0.00000000099999999979 0.00000000099999999979 0.00000000099999999979 0.00000000099999999979 0.99999999600000000211 
0.00000000099999999982 0.00000000099999999982 0.00000000099999999982 0.00000000099999999982 0.99999999599999989108 
0.00000000099999999988 0.00000000099999999988 0.00000000099999999988 0.00000000099999999988 0.99999999600000000211 
0.00000000099999999985 0.00000000099999999985 0.00000000099999999985 0.00000000099999999985 0.99999999600000000211 
0.00000000099999999974 0.00000000099999999974 0.00000000099999999974 0.00000000099999999974 0.99999999600000000211 
0.00000000099999999974 0.00000000099999999974 0.00000000099999999974 0.00000000099999999974 0.99999999600000000211 
0.00000000099999999979 0.00000000099999999979 0.00000000099999999979 0.00000000099999999979 0.99999999600000000211 
0.00000000099999999980 0.00000000099999999980 0.00000000099999999980 0.00000000099999999980 0.99999999599999989108 
0.00000000099999999969 0.00000000099999999969 0.00000000099999999969 0.00000000099999999969 0.99999999600000000211 
0.00000000099999999981 0.00000000099999999981 0.00000000099999999981 0.00000000099999999981 0.99999999600000000211 
0.00000000099999999973 0.00000000099999999973 0.00000000099999999973 0.00000000099999999973 0.99999999600000000211 
0.00000000099999999971 0.00000000099999999971 0.00000000099999999971 0.00000000099999999971 0.99999999599999989108 
0.00000000099999999989 0.00000000099999999989 0.00000000099999999989 0.00000000099999999989 0.99999999600000000211 
0.00000000099999999981 0.00000000099999999981 0.00000000099999999981 0.00000000099999999981 0.99999999599999989108 
0.00000000099999999972 0.00000000099999999972 0.00000000099999999972 0.00000000099999999972 0.99999999599999989108 
0.00000000099999999983 0.00000000099999999983 0.00000000099999999983 0.00000000099999999983 0.99999999600000000211 
0.00000000099999999989 0.00000000099999999989 0.00000000099999999989 0.00000000099999999989 0.99999999599999989108 
0.00000000099999999996 0.01769593995520268512 0.00000000099999999996 0.98230405704479739626 0.00000000099999999996 
0.00000000099999999996 0.00000000099999999996 0.00000000099999999996 0.99999999600000000211 0.00000000099999999996 
0.00000000099999999997 0.02119433945523740981 0.00000000099999999997 0.96985183504545191546 0.00895382349931062721 
0.00000000099999999998 0.00015976207996746614 0.00000000099999999998 0.99983677007606674980 0.00000346584396576850 
0.00000000099999999998 0.00751277326027317404 0.00000000099999999998 0.98738746870582838611 0.00509975603389841228 
0.00000000099999999993 0.01859988447732092640 0.00000000099999999993 0.98140011252267900232 0.00000000099999999993 
0.00000000099999999996 0.01774576085876370182 0.00000000099999999996 0.98225423614123619220 0.00000000099999999996 
0.00000000099999999999 0.00589267967571993623 0.00000000099999999999 0.99410731732428014862 0.00000000099999999999 
0.00000000099999999988 0.03697324613111723640 0.00000000099999999988 0.96302675086888278599 0.00000000099999999988 
0.00000000099999999998 0.02040725513067373140 0.00000000099999999998 0.97414959216234420225 0.00544315070698208302 
0.00000000099999999994 0.00300258078349217557 0.00000000099999999994 0.99699741621650783685 0.00000000099999999994 
0.00000000099999999991 0.01668335675880111210 0.00000000099999999991 0.98331664024119880274 0.00000000099999999991 
0.00000000099999999994 0.00710761782639223426 0.00000000099999999994 0.99289237917360773089 0.00000000099999999994 
0.00000000099999999998 0.01243481040472832824 0.00000000099999999998 0.98405212846947587302 0.00351305912579585574 
0.00000000099999999994 0.00532537413681224373 0.00000000099999999994 0.99467462286318775178 0.00000000099999999994 
0.00902967318284420700 0.00592467156025459907 0.00000000099999999999 0.98504265643659116858 0.00000299782030994906 
0.00000004098958153030 0.01282972730121310218 0.00000000099999999999 0.98717022970920542679 0.00000000099999999999 
0.00000385862602142526 0.00669645724479400132 0.00002402928189270566 0.99314910633501307657 0.00012654851227883359 
0.93981964115210980815 0.01329575231691166801 0.00000000099999999998 0.00000000179917284820 0.04688460373180579344 
0.94340058350534072851 0.00728579314522951466 0.00000000099999999997 0.00000000099999999997 0.04931362134942975095 
0.93066509436646382980 0.00696359067138441201 0.00000000099999999998 0.02089719737681427006 0.04147411658533755457 
0.94831059196821121393 0.00001160839163848938 0.00000000099999999999 0.01147685667615465019 0.04020094196399576214 
0.92052123862877255345 0.00313986468546570245 0.00000000099999999999 0.02374756295434066189 0.05259133273142108100 
0.94273397266732605893 0.00837567064840343510 0.00000000099999999999 0.01020023889291825706 0.03869011679135223730 
0.94347276029614923765 0.00000000099999999999 0.00000000099999999999 0.02095462379222452765 0.03557261391162638148 
0.95372334583573481481 0.00000000099999999998 0.00000000099999999998 0.00000000099999999998 0.04627665116426524228 
0.94573313684288173864 0.00356476125817229176 0.00000000099999999998 0.00484769453823699278 0.04585440636070903242 
0.95741519370290184554 0.00358090214693921596 0.00000000099999999999 0.00711321984895320510 0.03189068330120576472 
0.93602166873388570334 0.00311120649363369429 0.00000000099999999999 0.00897842977454906162 0.05188869399793165360 
0.95423521602038108291 0.00796270970069772217 0.00000000099999999998 0.00361056231933909975 0.03419151095958231079 
0.91421995519975496336 0.01350643206241679793 0.00000000099999999998 0.00791247349414628265 0.06436113824368192016 
0.96564075735022725233 0.00000000099999999999 0.00000000099999999999 0.00426328028518372249 0.03009596036458896812 
0.95406529365459424863 0.00000000099999999997 0.00000000099999999997 0.00993108106094502813 0.03600362328446075205 
0.91407619102962489599 0.00688151675900028868 0.00000000099999999998 0.00705941915581201080 0.07198287205556286317 
0.95588733779071788366 0.00000000099999999997 0.00000000099999999997 0.00000000226484149085 0.04411265794444060862 
0.94752413085851228125 0.00170514989318511852 0.00000000099999999999 0.00572382876081059273 0.04504688948749215743 
0.94854840345498048215 0.00501140171491758126 0.00000000099999999997 0.00000000099999999997 0.04644019283010189514 
0.95503547578657721484 0.00002486428307370989 0.00000000099999999998 0.00775489802892222017 0.03718476090142698587 
0.96072773734138072754 0.00000000099999999995 0.03927225965861924628 0.00000000099999999995 0.00000000099999999995 
0.94045198000877128219 0.00000000099999999995 0.05954801699122873326 0.00000000099999999995 0.00000000099999999995 
0.94465984720327622615 0.00000000099999999998 0.05484943465330410772 0.00000000099999999998 0.00049071614341980097 
0.89982086922849879862 0.00306016539515309655 0.07894929257852482951 0.01031960545286687327 0.00785006734495654647 
0.93145770401953520423 0.00000000099999999999 0.06487898784534916474 0.00000000099999999999 0.00366330613511572228 
0.94296979616424969617 0.00000000099999999997 0.05702758646620991606 0.00000000099999999997 0.00000261536954042684 
0.94425869632541270526 0.00000000099999999997 0.05574130067458724774 0.00000000099999999997 0.00000000099999999997 
0.92415040051276364785 0.00941652439898872998 0.06643307308824766833 0.00000000099999999999 0.00000000099999999999 
0.94074704659904961890 0.00000000099999999996 0.05925295040095046595 0.00000000099999999996 0.00000000099999999996 
0.93452818845754248578 0.00000000099999999998 0.06547180854245757131 0.00000000099999999998 0.00000000099999999998 
0.92401289888634363656 0.00000000099999999998 0.07193662682813246889 0.00000000099999999998 0.00405047228552398407 
0.90658454848600600329 0.00000000099999999999 0.08677636095219926071 0.00000000099999999999 0.00663908856179491486 
0.88170658792772849122 0.00000000099999999996 0.10133713231251004205 0.00000000099999999996 0.01695627775976154064 
0.91225877638497365751 0.00000000099999999997 0.07591325411598866257 0.00000000099999999997 0.01182796749903774515 
0.90829232597071807298 0.00000000099999999996 0.08087521877299075346 0.00000000099999999996 0.01083245325629137064 
0.91678658139564717100 0.00000000099999999995 0.08321341560435287221 0.00000000099999999995 0.00000000099999999995 
0.93594661708415660684 0.00000000099999999997 0.05284919417295987076 0.00000000099999999997 0.01120418674288367437 
0.92513694346582076022 0.00000000099999999997 0.07008485209750338341 0.00000000099999999997 0.00477820243667589298 
0.91573408221635677062 0.00000000099999999997 0.08426418107680379299 0.00000000099999999997 0.00000173470683942246 
0.89825839808885576954 0.00000000099999999997 0.10168718126325396178 0.00000000099999999997 0.00005441864789022832 
0.93229228316301648860 0.00000000100000000000 0.05860915760074456027 0.00000000100000000000 0.00909855723623886545 
0.93658112461154729989 0.00256237704815113045 0.04932457635205876600 0.00000000099999999999 0.01153192098824277513 
0.94177771184384939662 0.00000000099999999998 0.05747323334461913041 0.00000000099999999998 0.00074905281153160683 
0.92011582329942753766 0.00000000099999999997 0.07849284615190620096 0.00000000099999999997 0.00139132854866626569 
0.94367549574133058332 0.00000000099999999996 0.05630541923236750956 0.00000000099999999996 0.00001908302630200623 
