0.00000000099999999996 0.00000000099999999996 0.92421468512435256404 0.00000000099999999996 0.00000000099999999996 0.00000000099999999996 0.00000000099999999996 0.07578530687564738466 0.00000000099999999996 0.00000000099999999996 
0.00000000099999999995 0.00000000099999999995 0.87112532574920420458 0.00000000099999999995 0.00000000099999999995 0.00135740822306996034 0.00000000099999999995 0.12751725902772592658 0.00000000099999999995 0.00000000099999999995 
0.00000000099999999992 0.00000142199855993491 0.00000000099999999992 0.99999857000144021235 0.00000000099999999992 0.00000000099999999992 0.00000000099999999992 0.00000000099999999992 0.00000000099999999992 0.00000000099999999992 
0.00000000099999999992 0.00000000099999999992 0.91483199035292928070 0.00000000099999999992 0.00000000099999999992 0.00000000099999999992 0.00000000099999999992 0.08516800164707069576 0.00000000099999999992 0.00000000099999999992 
0.00000000099999999992 0.00000000099999999992 0.96562707503258959907 0.00000000099999999992 0.00000000099999999992 0.01306994821155326413 0.00000000099999999992 0.02130296975585718386 0.00000000099999999992 0.00000000099999999992 
0.00000000099999999996 0.00000000099999999996 0.98333327443166673731 0.00000000099999999996 0.00000000099999999996 0.01627667207003603150 0.00000000099999999996 0.00000401529325806662 0.00038603220503915430 0.00000000099999999996 
0.00000000099999999952 0.00000000099999999952 0.00000000099999999952 0.00000000099999999952 0.99999999100000003249 0.00000000099999999952 0.00000000099999999952 0.00000000099999999952 0.00000000099999999952 0.00000000099999999952 
0.00000000099999999980 0.00000000099999999980 0.88044134676198115841 0.00000000099999999980 0.00000000099999999980 0.00000000099999999980 0.00000000099999999980 0.11955864523801883192 0.00000000099999999980 0.00000000099999999980 
0.00000000099999999935 0.00000000099999999935 0.00000000099999999935 0.00000000099999999935 0.99999999100000003249 0.00000000099999999935 0.00000000099999999935 0.00000000099999999935 0.00000000099999999935 0.00000000099999999935 
0.00000000099999999983 0.00000000099999999983 0.81574069957342687509 0.00000000099999999983 0.00000000099999999983 0.00000000099999999983 0.00000000099999999983 0.18425929242657318463 0.00000000099999999983 0.00000000099999999983 
0.00000000099999999979 0.00000000099999999979 0.88239480416123894368 0.00000000099999999979 0.00000000099999999979 0.00000000099999999979 0.00000000099999999979 0.11760518783876126869 0.00000000099999999979 0.00000000099999999979 
0.00000000099999999989 0.00000000099999999989 0.93749390709956303969 0.00000000099999999989 0.00000000099999999989 0.04168713234501295745 0.00000000099999999989 0.02081895355542402043 0.00000000099999999989 0.00000000099999999989 
0.00000000099999999995 0.00000000099999999995 0.99977941191764296835 0.00000000099999999995 0.00000000099999999995 0.00011423482114946043 0.00000000099999999995 0.00010634626120763555 0.00000000099999999995 0.00000000099999999995 
0.00000000099999999995 0.00000000099999999995 0.99122698033976541776 0.00000000099999999995 0.00000000099999999995 0.00000000099999999995 0.00000000099999999995 0.00877301166023458298 0.00000000099999999995 0.00000000099999999995 
0.00000000099999999991 0.09141672810054778109 0.00000000099999999991 0.90858326389945232027 0.00000000099999999991 0.00000000099999999991 0.00000000099999999991 0.00000000099999999991 0.00000000099999999991 0.00000000099999999991 
0.00000000099999999984 0.00000000099999999984 0.91270853183399736075 0.00000000099999999984 0.00000000099999999984 0.00000000099999999984 0.00000000099999999984 0.08729146016600274061 0.00000000099999999984 0.00000000099999999984 
0.00000000099999999979 0.00000000099999999979 0.83214621645127229144 0.00000000099999999979 0.00000000099999999979 0.00570082862355435292 0.00000000099999999979 0.16215294792517334632 0.00000000099999999979 0.00000000099999999979 
0.00000000099999999978 0.00000000099999999978 0.68379016097418587883 0.00000000099999999978 0.00000000099999999978 0.24254895675629201124 0.00000000099999999978 0.07366087526952214137 0.00000000099999999978 0.00000000099999999978 
0.00000000099999999986 0.00000000099999999986 0.90428326544486348215 0.00000000099999999986 0.00000000099999999986 0.00000535106898737318 0.00000000099999999986 0.09571137648614923277 0.00000000099999999986 0.00000000099999999986 
0.00000000099999999916 0.00000000099999999916 0.00000000099999999916 0.00000000099999999916 0.00000000099999999916 0.99999999100000003249 0.00000000099999999916 0.00000000099999999916 0.00000000099999999916 0.00000000099999999916 
0.00000000099999999948 0.00000000099999999948 0.00000000099999999948 0.00000000099999999948 0.99999999100000014352 0.00000000099999999948 0.00000000099999999948 0.00000000099999999948 0.00000000099999999948 0.00000000099999999948 
0.00000000099999999913 0.00000000099999999913 0.00000000099999999913 0.00000000099999999913 0.00000000099999999913 0.99999999100000014352 0.00000000099999999913 0.00000000099999999913 0.00000000099999999913 0.00000000099999999913 
0.00817477686149430116 0.00000000099999999998 0.98887003322361377577 0.00000000099999999998 0.00000000099999999998 0.00021606367370244936 0.00000000099999999998 0.00000000099999999998 0.00273909563801275156 0.00000002560317669575 
0.00000000099999999934 0.00000000099999999934 0.00000000099999999934 0.00000000099999999934 0.99999999100000003249 0.00000000099999999934 0.00000000099999999934 0.00000000099999999934 0.00000000099999999934 0.00000000099999999934 
0.00000000099999999941 0.00000000099999999941 0.00000000099999999941 0.00000000099999999941 0.00000000099999999941 0.00000000099999999941 0.00000000099999999941 0.99999999099999992147 0.00000000099999999941 0.00000000099999999941 
0.00000000099999999982 0.00000000099999999982 0.87620291013787332535 0.00000000099999999982 0.00000000099999999982 0.00002970230043576677 0.00000000099999999982 0.12376738056169088453 0.00000000099999999982 0.00000000099999999982 
0.00000000099999999991 0.00000000099999999991 0.89080216372862441876 0.00000000099999999991 0.00000000099999999991 0.01281052011908044228 0.00000000099999999991 0.09638730915229512530 0.00000000099999999991 0.00000000099999999991 
0.00000000099999999968 0.00000000099999999968 0.75734945493640715153 0.00000000099999999968 0.00000000099999999968 0.00000000099999999968 0.00000000099999999968 0.24265053706359293595 0.00000000099999999968 0.00000000099999999968 
0.00000000099999999992 0.00000000099999999992 0.00000000099999999992 0.00000000099999999992 0.03536069118093636970 0.00000000099999999992 0.00000000099999999992 0.00000000099999999992 0.00000000099999999992 0.96463930081906368308 
0.00000000099999999961 0.00000000099999999961 0.00000000099999999961 0.00000000099999999961 0.99999999100000003249 0.00000000099999999961 0.00000000099999999961 0.00000000099999999961 0.00000000099999999961 0.00000000099999999961 
0.00000000099999999998 0.01091353027007211859 0.97039105882364673494 0.00000000099999999998 0.00000000099999999998 0.00841936570709268112 0.00000000099999999998 0.00947258649118452867 0.00080345370800396652 0.00000000099999999998 
0.00000000099999999991 0.00000000099999999991 0.71292909841925644621 0.00000000099999999991 0.12396654604603322969 0.00943198885644091524 0.00000000099999999991 0.15367236067826933743 0.00000000099999999991 0.00000000099999999991 
0.01419937074126880264 0.01039202731762178637 0.75890387724335472974 0.00000000099999999998 0.00000000099999999998 0.01436765506056227569 0.00000000099999999998 0.20213706463719260942 0.00000000099999999998 0.00000000099999999998 
0.00000000099999999997 0.00000000099999999997 0.77012460506388569215 0.00000000099999999997 0.00000000099999999997 0.02424034997588091905 0.01590644019549115190 0.15371042640286872172 0.01533228539867018646 0.02068588896320335685 
0.00000000099999999978 0.00000000099999999978 0.06293807792659035505 0.00000000099999999978 0.93706191407340977406 0.00000000099999999978 0.00000000099999999978 0.00000000099999999978 0.00000000099999999978 0.00000000099999999978 
0.00000000099999999983 0.00000000099999999983 0.85841872070236935333 0.00000000099999999983 0.00000000099999999983 0.00000000099999999983 0.00000000099999999983 0.14158127129763073415 0.00000000099999999983 0.00000000099999999983 
0.00000000099999999997 0.00000000099999999997 0.95962416823385232600 0.00000000099999999997 0.00979816077718727828 0.02772077202581519142 0.00000000099999999997 0.00285689296314517492 0.00000000099999999997 0.00000000099999999997 
0.00000000099999999931 0.00000000099999999931 0.00000000099999999931 0.00000000099999999931 0.00000000099999999931 0.00000000099999999931 0.00000000099999999931 0.99999999099999992147 0.00000000099999999931 0.00000000099999999931 
0.00000000099999999986 0.00000000099999999986 0.88867602191393024746 0.00000000099999999986 0.00000000099999999986 0.00000000099999999986 0.00000000099999999986 0.11132397008606981226 0.00000000099999999986 0.00000000099999999986 
0.00000000099999999996 0.00000000099999999996 0.65854973034587538372 0.00000000099999999996 0.25021122742590728993 0.00000003941236031661 0.00000000099999999996 0.09123899681585709298 0.00000000099999999996 0.00000000099999999996 
0.00000000099999999983 0.00000000099999999983 0.72013810119716192837 0.00000000099999999983 0.13903261528590241114 0.00705799388556903849 0.00000000099999999983 0.13377128363136658873 0.00000000099999999983 0.00000000099999999983 
0.00000000099999999997 0.00000000099999999997 0.79862775211414605003 0.00000000099999999997 0.00000000099999999997 0.00000000099999999997 0.00836429540205288306 0.10138884478386056553 0.08754550089481159814 0.00407360180512872806 
0.00000000099999999981 0.00000000099999999981 0.00000000099999999981 0.00000000099999999981 0.00000000099999999981 0.00000000099999999981 0.00000000099999999981 0.00000000099999999981 0.00000000099999999981 0.99999999099999992147 
0.00000000099999999994 0.00000000099999999994 0.84457553220371772706 0.02351671417140915182 0.00000000099999999994 0.00012438819336408049 0.00000000099999999994 0.13178335943150898402 0.00000000099999999994 0.00000000099999999994 
0.00000000099999999993 0.00000000099999999993 0.92634212400672066856 0.00000000099999999993 0.00000000099999999993 0.01152416030876731411 0.00000000099999999993 0.06213370868451189438 0.00000000099999999993 0.00000000099999999993 
0.00000000099999999991 0.00000000099999999991 0.95417880094988749562 0.00000000099999999991 0.00000000099999999991 0.00482549442322254083 0.00000000099999999991 0.04099569762689007912 0.00000000099999999991 0.00000000099999999991 
0.00000000099999999992 0.00000000099999999992 0.00000000099999999992 0.00000000099999999992 0.00000000099999999992 0.00000000099999999992 0.00000000099999999992 0.00000000099999999992 0.05964529899898601134 0.94035469300101404144 
0.00000000099999999980 0.00000000099999999980 0.00000000099999999980 0.00000000099999999980 0.00000000099999999980 0.00000000099999999980 0.00000000099999999980 0.00000000099999999980 0.99999999099999992147 0.00000000099999999980 
0.00000000099999999982 0.00000000099999999982 0.00000000099999999982 0.00000000099999999982 0.00000000099999999982 0.00000000099999999982 0.00000000099999999982 0.00000000099999999982 0.99999999100000003249 0.00000000099999999982 
0.02671241263479376404 0.27751972922401607624 0.00000000099999999995 0.00000000099999999995 0.00000000099999999995 0.00000000099999999995 0.36903754557251999824 0.00000000099999999995 0.18272179390176118696 0.14400851366690886612 
0.02127673107480664363 0.06975730839925377291 0.00250904493749649123 0.00000008252974676207 0.00000000099999999998 0.00000000099999999998 0.20016383209673502264 0.00000000099999999998 0.43425463653753654247 0.27203836142442477941 
0.00000000099999999983 0.10914133885481404340 0.00000000099999999983 0.00000000099999999983 0.00000000099999999983 0.00000000099999999983 0.89085865314518586366 0.00000000099999999983 0.00000000099999999983 0.00000000099999999983 
0.00000000099999999979 0.00000000099999999979 0.00000000099999999979 0.00000000099999999979 0.00000000099999999979 0.00000000099999999979 0.99999999100000003249 0.00000000099999999979 0.00000000099999999979 0.00000000099999999979 
0.00757339118927762185 0.14568075320786658122 0.00000000099999999997 0.00000000099999999997 0.00000000099999999997 0.00000000099999999997 0.19507409799459887734 0.00837971885874340926 0.30805939235869389536 0.33523264239081967952 
0.00000000099999999973 0.00000000099999999973 0.00000000099999999973 0.00000000099999999973 0.00000000099999999973 0.00000000099999999973 0.99999999099999992147 0.00000000099999999973 0.00000000099999999973 0.00000000099999999973 
0.00000000099999999986 0.00000000099999999986 0.00000000099999999986 0.00000000099999999986 0.00000000099999999986 0.00000000099999999986 0.99999650861744049379 0.00000000099999999986 0.00000348338255931843 0.00000000099999999986 
0.00537813411763718874 0.17419067881349936666 0.02346213794304328332 0.00000000099999999998 0.00000000099999999998 0.00526729290553192616 0.14339307204981466271 0.00000000099999999998 0.28063401171823987301 0.36767466945223364894 
0.01805080054195939629 0.24368036088330144451 0.00000000099999999993 0.00000000099999999993 0.00000000099999999993 0.00000000099999999993 0.62712305590456651760 0.00000000099999999993 0.07884576135160464849 0.03230001631856778410 
0.00000000099999999954 0.00000000099999999954 0.00000000099999999954 0.00000000099999999954 0.00000000099999999954 0.99999999100000014352 0.00000000099999999954 0.00000000099999999954 0.00000000099999999954 0.00000000099999999954 
0.00000000099999999982 0.00000000099999999982 0.00000000099999999982 0.00000000099999999982 0.00000000099999999982 0.00000000099999999982 0.99999999100000003249 0.00000000099999999982 0.00000000099999999982 0.00000000099999999982 
0.00000000099999999976 0.00000000099999999976 0.00000000099999999976 0.00000000099999999976 0.00000000099999999976 0.00000000099999999976 0.99999999100000003249 0.00000000099999999976 0.00000000099999999976 0.00000000099999999976 
0.00000000099999999979 0.00000000099999999979 0.00000000099999999979 0.00000000099999999979 0.00000000099999999979 0.00000000099999999979 0.99999999100000003249 0.00000000099999999979 0.00000000099999999979 0.00000000099999999979 
0.00000000099999999980 0.00000000099999999980 0.00000000099999999980 0.00000000099999999980 0.00000000099999999980 0.00000000099999999980 0.99999999100000003249 0.00000000099999999980 0.00000000099999999980 0.00000000099999999980 
0.00000000099999999979 0.00000000099999999979 0.00000000099999999979 0.00000000099999999979 0.00000000099999999979 0.00000000099999999979 0.99999999099999992147 0.00000000099999999979 0.00000000099999999979 0.00000000099999999979 
0.00000000099999999982 0.00000000099999999982 0.00000000099999999982 0.00000000099999999982 0.00000000099999999982 0.00000000099999999982 0.99999999100000003249 0.00000000099999999982 0.00000000099999999982 0.00000000099999999982 
0.00000000099999999999 0.00000000099999999999 0.89784284509920009310 0.00293565464750488152 0.07824686602118220702 0.01087609188394086587 0.00000000099999999999 0.00000000099999999999 0.00147981618175375344 0.00861872216641814369 
0.00000000099999999989 0.00000000099999999989 0.97324399404201278330 0.00000000099999999989 0.00000000099999999989 0.00260479896213099268 0.00000000099999999989 0.02415119999585618737 0.00000000099999999989 0.00000000099999999989 
0.00000000099999999973 0.00000000099999999973 0.22359623155356483926 0.00000000099999999973 0.00000000099999999973 0.77640376044643533149 0.00000000099999999973 0.00000000099999999973 0.00000000099999999973 0.00000000099999999973 
0.00000000099999999957 0.00000000099999999957 0.00000000099999999957 0.00000000099999999957 0.99999999100000003249 0.00000000099999999957 0.00000000099999999957 0.00000000099999999957 0.00000000099999999957 0.00000000099999999957 
0.00000000099999999979 0.00000000099999999979 0.00000000099999999979 0.00000000099999999979 0.00000000099999999979 0.00000000099999999979 0.00000000099999999979 0.99999999099999992147 0.00000000099999999979 0.00000000099999999979 
0.00000000099999999976 0.00000000099999999976 0.65015385886694598838 0.00000000099999999976 0.00000000099999999976 0.00000000099999999976 0.00000000099999999976 0.34984613313305423787 0.00000000099999999976 0.00000000099999999976 
0.00000000099999999923 0.00000000099999999923 0.00000000099999999923 0.00000000099999999923 0.00000000099999999923 0.00000000099999999923 0.00000000099999999923 0.99999999100000003249 0.00000000099999999923 0.00000000099999999923 
0.00000000099999999988 0.00000000099999999988 0.86903364846081576633 0.00000000099999999988 0.01229802139296140052 0.00000000099999999988 0.00000000099999999988 0.11866832314622290101 0.00000000099999999988 0.00000000099999999988 
0.00000000099999999983 0.00000000099999999983 0.90637382033942026638 0.00000000099999999983 0.00000000099999999983 0.00000000099999999983 0.00000000099999999983 0.09362617166057982110 0.00000000099999999983 0.00000000099999999983 
0.00000000099999999996 0.00002112402031815230 0.87300623392059772954 0.00000000099999999996 0.00000000099999999996 0.02148800254057617320 0.00097155871409789429 0.10451307580441014655 0.00000000099999999996 0.00000000099999999996 
0.00000000099999999914 0.00000000099999999914 0.00000000099999999914 0.00000000099999999914 0.00000000099999999914 0.99999999100000014352 0.00000000099999999914 0.00000000099999999914 0.00000000099999999914 0.00000000099999999914 
0.00000000099999999996 0.00000000099999999996 0.87338342866503948514 0.00000000099999999996 0.00000000099999999996 0.01921813535249856930 0.00000000099999999996 0.08525962349565331666 0.00023350883212816477 0.02190529865468065010 
0.00000000099999999973 0.00000000099999999973 0.87960053081256073249 0.00000000099999999973 0.00000000099999999973 0.00000000099999999973 0.00000000099999999973 0.12039946118743925785 0.00000000099999999973 0.00000000099999999973 
0.00000000099999999979 0.00000000099999999979 0.00000000099999999979 0.00000000099999999979 0.00000000099999999979 0.00000000099999999979 0.00000000099999999979 0.00000000099999999979 0.00000000099999999979 0.99999999099999992147 
0.00000000099999999984 0.00000000099999999984 0.90212554723232607490 0.00000000099999999984 0.00000000099999999984 0.00000000099999999984 0.00000000099999999984 0.09787444476767408197 0.00000000099999999984 0.00000000099999999984 
0.00000000099999999996 0.00000000099999999996 0.98567858704676114545 0.00000000099999999996 0.00000000099999999996 0.00000000099999999996 0.00000000099999999996 0.01432140495323887090 0.00000000099999999996 0.00000000099999999996 
0.00000000099999999926 0.00000000099999999926 0.00000000099999999926 0.00000000099999999926 0.00000000099999999926 0.00000000099999999926 0.00000000099999999926 0.99999999099999992147 0.00000000099999999926 0.00000000099999999926 
0.00000000099999999986 0.00000000099999999986 0.89337132147634090718 0.00000000099999999986 0.00000000099999999986 0.00068749124951877601 0.00000000099999999986 0.10594118027414024807 0.00000000099999999986 0.00000000099999999986 
0.00000000099999999976 0.00000000099999999976 0.90961477579504512736 0.00000000099999999976 0.00000000099999999976 0.00000000099999999976 0.00000000099999999976 0.09038521620495482134 0.00000000099999999976 0.00000000099999999976 
0.00000000099999999990 0.00000000099999999990 0.89563738396939196473 0.00000000099999999990 0.00000000099999999990 0.00000000099999999990 0.00000000099999999990 0.10436260803060805336 0.00000000099999999990 0.00000000099999999990 
0.00000000099999999984 0.00000000099999999984 0.89700305333769725369 0.00000000099999999984 0.00000000099999999984 0.02397865320667900285 0.00000000099999999984 0.07901828645562367082 0.00000000099999999984 0.00000000099999999984 
0.01777930369326676668 0.00000000099999999996 0.00000000099999999996 0.00000000099999999996 0.00000000099999999996 0.00000000099999999996 0.00000000099999999996 0.00000000099999999996 0.20654487585017466955 0.77567581345655867153 
0.00000000099999999942 0.00000000099999999942 0.00000000099999999942 0.00000000099999999942 0.00000000099999999942 0.00000000099999999942 0.00000000099999999942 0.99999999100000003249 0.00000000099999999942 0.00000000099999999942 
0.00000000099999999951 0.00000000099999999951 0.00000000099999999951 0.00000000099999999951 0.00000000099999999951 0.00000000099999999951 0.00000000099999999951 0.99999999100000003249 0.00000000099999999951 0.00000000099999999951 
0.00000000099999999989 0.00000000099999999989 0.95366773162929407981 0.00000000099999999989 0.00000000099999999989 0.00000000099999999989 0.00000000099999999989 0.04633226037070609787 0.00000000099999999989 0.00000000099999999989 
0.23411343273895465766 0.36856206425519966174 0.00000000099999999988 0.35599555716552527818 0.00000000099999999988 0.00000000099999999988 0.00068538421698718661 0.00000000099999999988 0.00000000099999999988 0.04064355662333356267 
0.00000000099999999989 0.83105535102505756484 0.00000000099999999989 0.00000000099999999989 0.00000000099999999989 0.00000000099999999989 0.05852178011599458440 0.00000000099999999989 0.06510171725794064446 0.04532114560100739681 
0.00000000099999999973 0.99999999100000025454 0.00000000099999999973 0.00000000099999999973 0.00000000099999999973 0.00000000099999999973 0.00000000099999999973 0.00000000099999999973 0.00000000099999999973 0.00000000099999999973 
0.00000000099999999941 0.00000000099999999941 0.00000000099999999941 0.99999999100000014352 0.00000000099999999941 0.00000000099999999941 0.00000000099999999941 0.00000000099999999941 0.00000000099999999941 0.00000000099999999941 
0.00000000099999999932 0.00000000099999999932 0.00000000099999999932 0.99999999100000003249 0.00000000099999999932 0.00000000099999999932 0.00000000099999999932 0.00000000099999999932 0.00000000099999999932 0.00000000099999999932 
0.00000000099999999979 0.00000000099999999979 0.81480706444104178399 0.00000000099999999979 0.00000000099999999979 0.00308116439217865452 0.00000000099999999979 0.18211176416677957168 0.00000000099999999979 0.00000000099999999979 
0.02554242251621547527 0.80893053737998843467 0.00000000099999999994 0.00000000099999999994 0.00000000099999999994 0.00000000099999999994 0.03850797490739634593 0.00000000099999999994 0.06044113574997274363 0.06657792444642716967 
0.08565484219186252079 0.59208456137743836756 0.00000000099999999994 0.03249914599179042768 0.00000000099999999994 0.00000000099999999994 0.00000000099999999994 0.00000000099999999994 0.28976143972764989432 0.00000000571125909172 
0.01295002855886282118 0.80205522157964470598 0.00000000099999999992 0.00000000099999999992 0.00000000099999999992 0.00000000099999999992 0.06819836566257159172 0.00000000099999999992 0.00000000099999999992 0.11679637819892091377 
0.00000000099999999985 0.90062888421876441392 0.00000000099999999985 0.00000000099999999985 0.00000000099999999985 0.00000000099999999985 0.00000000099999999985 0.00000000099999999985 0.01113827936393579909 0.08823282941730001272 
0.00000000099999999978 0.99999999100000025454 0.00000000099999999978 0.00000000099999999978 0.00000000099999999978 0.00000000099999999978 0.00000000099999999978 0.00000000099999999978 0.00000000099999999978 0.00000000099999999978 
0.00000000099999999928 0.00000000099999999928 0.00000000099999999928 0.99999999100000003249 0.00000000099999999928 0.00000000099999999928 0.00000000099999999928 0.00000000099999999928 0.00000000099999999928 0.00000000099999999928 
0.00000000099999999946 0.00000000099999999946 0.00000000099999999946 0.99999999100000014352 0.00000000099999999946 0.00000000099999999946 0.00000000099999999946 0.00000000099999999946 0.00000000099999999946 0.00000000099999999946 
0.00000000099999999991 0.85587920577908338515 0.00000000099999999991 0.00000000099999999991 0.00000000099999999991 0.00000000099999999991 0.00000000155280975651 0.00000000099999999991 0.07321122485446428241 0.07090956181364282962 
0.00000000099999999971 0.99999999100000025454 0.00000000099999999971 0.00000000099999999971 0.00000000099999999971 0.00000000099999999971 0.00000000099999999971 0.00000000099999999971 0.00000000099999999971 0.00000000099999999971 
0.01130244949191100585 0.77564312198261153863 0.00000000099999999990 0.00000000099999999990 0.00000000099999999990 0.00000000099999999990 0.00000000099999999990 0.00000000099999999990 0.21172659273674038216 0.00132782978873732132 
0.02376586667003692879 0.72640397095088138357 0.00000000099999999996 0.03880269467010021012 0.00000000099999999996 0.00000000099999999996 0.00912783014288035856 0.00000000099999999996 0.06973891814841101655 0.13216071541769017217 
0.03630045986389956320 0.63012420200182028829 0.00000000099999999996 0.03107296853612346102 0.00000000099999999996 0.00000000099999999996 0.06691547787252861978 0.00000000099999999996 0.19051503200696101592 0.04507185571866721002 
0.29011889045958139111 0.32931536347772782936 0.00000000099999999991 0.34946380519688091670 0.00000000099999999991 0.00000000099999999991 0.00000000099999999991 0.00000000099999999991 0.03110154279059765617 0.00000039307521226773 
0.07720545540018475261 0.61901306775793407677 0.00000000099999999993 0.04020506962114703958 0.00000000099999999993 0.00000000099999999993 0.00000000099999999993 0.00000000099999999993 0.21215494821954200555 0.05142145400119232240 
0.02085520888868728703 0.68931855193426572193 0.00000000099999999995 0.04054134294397434418 0.00000000099999999995 0.00000000099999999995 0.00000000099999999995 0.00000000099999999995 0.22409244100260575228 0.02519245023046700130 
0.00127655774331605974 0.79790393434390693983 0.00000000099999999992 0.00000000099999999992 0.00000000099999999992 0.00000000099999999992 0.06670972774593116050 0.00000000099999999992 0.12175618626639800324 0.01235358890044798395 
0.00000000099999999980 0.00000000099999999980 0.00000000099999999980 0.00000000099999999980 0.00000000099999999980 0.00000000099999999980 0.00000000099999999980 0.00000000099999999980 0.00000000099999999980 0.99999999099999992147 
0.20868081330544197005 0.26191066980668464836 0.00000000099999999992 0.36792753752805507084 0.00000000099999999992 0.00000000099999999992 0.05995153715459301119 0.00000000099999999992 0.10152935903580447008 0.00000007916942085795 
0.00011525458181494659 0.12849586193025996916 0.01944545757802953329 0.00000028473128608866 0.00000000099999999998 0.00433034428762752756 0.21254764326538416741 0.00000000099999999998 0.32670406592817047287 0.30836108569742726182 
0.00000000099999999981 0.00000000099999999981 0.00000000099999999981 0.00000000099999999981 0.00000000099999999981 0.00000000099999999981 0.00000000099999999981 0.00000000099999999981 0.00000000099999999981 0.99999999099999992147 
0.23940322239410835592 0.17485600623253055863 0.00000000099999999992 0.55270028190610798191 0.00000000099999999992 0.00000000099999999992 0.00000000099999999992 0.00000000099999999992 0.00002072281641211056 0.03301976165084099385 
0.12331736275265110792 0.39352849791212657360 0.00000000099999999992 0.33121578445184501893 0.00000000099999999992 0.00000000099999999992 0.11568432094634628626 0.00000000099999999992 0.01695753492319578004 0.01929649501383516597 
0.18909282123929352371 0.30709853028190792212 0.00000000099999999994 0.32410198543531126836 0.00000000099999999994 0.00000000099999999994 0.10643582501245696381 0.00000000099999999994 0.05965300074993897667 0.01361783328109133183 
0.00000000099999999989 0.00000000099999999989 0.00000000099999999989 0.00000000099999999989 0.00000000099999999989 0.00000000099999999989 0.00000000099999999989 0.00000000099999999989 0.00000000099999999989 0.99999999100000003249 
0.00000000099999999984 0.00000000099999999984 0.00000000099999999984 0.00000000099999999984 0.00000000099999999984 0.00000000099999999984 0.99984136780271826161 0.00000000099999999984 0.00015862419728175780 0.00000000099999999984 
0.00000000099999999988 0.01984073456085110043 0.00000000099999999988 0.00000000099999999988 0.00000000099999999988 0.00000000099999999988 0.00000000099999999988 0.00000000099999999988 0.00000000099999999988 0.98015925743914877888 
0.00000000099999999961 0.00000000099999999961 0.00000000099999999961 0.99999999100000014352 0.00000000099999999961 0.00000000099999999961 0.00000000099999999961 0.00000000099999999961 0.00000000099999999961 0.00000000099999999961 
0.25116936274663598239 0.10551875977708426169 0.00000000099999999991 0.60652450677366998022 0.00000000099999999991 0.00000000099999999991 0.00000000099999999991 0.00000000099999999991 0.03678736470260981356 0.00000000099999999991 
0.04940726211708366955 0.05429926952205341162 0.00784889791085077206 0.01385928529033841027 0.00000000099999999998 0.00000000099999999998 0.21403484318994461799 0.00000000099999999998 0.36973835760974094189 0.29081208135998820596 
0.18276156598008502785 0.31254875441506502209 0.00000000099999999996 0.39300731252001586125 0.00000000099999999996 0.00000000099999999996 0.00172733959617267291 0.00000000099999999996 0.10995458111532681322 0.00000044237333469090 
0.21299329700734048743 0.28475115081820845386 0.00000000099999999991 0.38899183605688419929 0.00000000099999999991 0.00000000099999999991 0.04162163672963976879 0.00000000099999999991 0.00353384273781797440 0.06810823265010920724 
0.00000000099999999983 0.92049793943102442562 0.00000000099999999983 0.00000000099999999983 0.00000000099999999983 0.00000000099999999983 0.07950205256897575901 0.00000000099999999983 0.00000000099999999983 0.00000000099999999983 
0.00000000099999999979 0.00000000099999999979 0.00000000099999999979 0.99999999100000014352 0.00000000099999999979 0.00000000099999999979 0.00000000099999999979 0.00000000099999999979 0.00000000099999999979 0.00000000099999999979 
0.00000000099999999958 0.00000000099999999958 0.00000000099999999958 0.99999999100000003249 0.00000000099999999958 0.00000000099999999958 0.00000000099999999958 0.00000000099999999958 0.00000000099999999958 0.00000000099999999958 
0.00000000099999999966 0.00000000099999999966 0.00000000099999999966 0.99999999100000014352 0.00000000099999999966 0.00000000099999999966 0.00000000099999999966 0.00000000099999999966 0.00000000099999999966 0.00000000099999999966 
0.19609406557329897569 0.26005607458075635785 0.00000000099999999992 0.44233435340853793916 0.00000000099999999992 0.00000000099999999992 0.02858997648831112376 0.00000000099999999992 0.07292507385644887707 0.00000045209264685463 
0.17978950485865141662 0.27100262353864723597 0.00000000099999999995 0.41772227820715440716 0.00000000099999999995 0.00000000099999999995 0.00000000416261299348 0.00000000099999999995 0.08789985632571270524 0.04358572890722144794 
0.01330795344177046827 0.77669660077870705805 0.00000000099999999990 0.00000000099999999990 0.00000000099999999990 0.00000000099999999990 0.13055331282457893760 0.00000000099999999990 0.07944212695494357046 0.00000000099999999990 
0.18899178022630055973 0.28703254075385992161 0.00000000099999999991 0.36537107936935919739 0.00000000099999999991 0.00000000099999999991 0.09454128793496802130 0.00000000099999999991 0.04820261040376707523 0.01586069731174528930 
0.16828363269787705025 0.30905284575141372949 0.00000000099999999992 0.34727334968699191675 0.00000000099999999992 0.00000000099999999992 0.08499235491604364978 0.00000000099999999992 0.07237958775080316487 0.01801822519687052912 
0.00000000099999999986 0.00000000099999999986 0.00000000099999999986 0.00000000099999999986 0.00000000099999999986 0.00000000099999999986 0.00000000099999999986 0.00000000099999999986 0.00000000099999999986 0.99999999099999992147 
0.00000000099999999982 0.99138481023288882454 0.00000000099999999982 0.00000000099999999982 0.00000000099999999982 0.00000000099999999982 0.00861518176711127508 0.00000000099999999982 0.00000000099999999982 0.00000000099999999982 
0.00000000099999999986 0.00000000099999999986 0.00000000099999999986 0.00000000099999999986 0.00000000099999999986 0.00000000099999999986 0.99999999100000003249 0.00000000099999999986 0.00000000099999999986 0.00000000099999999986 
0.00000000099999999983 0.00000000099999999983 0.00000000099999999983 0.00000000099999999983 0.00000000099999999983 0.00000000099999999983 0.00000000099999999983 0.00000000099999999983 0.00000000099999999983 0.99999999099999992147 
0.00000000099999999963 0.00000000099999999963 0.00000000099999999963 0.99999999100000014352 0.00000000099999999963 0.00000000099999999963 0.00000000099999999963 0.00000000099999999963 0.00000000099999999963 0.00000000099999999963 
0.26920601020649082002 0.23752736444165378771 0.00000000099999999990 0.39058165918946446959 0.00000000099999999990 0.00000000099999999990 0.10068658565988966580 0.00000000099999999990 0.00015872786455409550 0.00183964863794728217 
0.08663671445571656526 0.44220598118937071153 0.00000000099999999994 0.27406434127908441134 0.00000000099999999994 0.00000000099999999994 0.07982224211206490061 0.00000000099999999994 0.09225835234755637437 0.02501236461620726104 
0.00000000099999999984 0.00000000099999999984 0.00000000099999999984 0.00000000099999999984 0.00000000099999999984 0.00000000099999999984 0.99999999100000003249 0.00000000099999999984 0.00000000099999999984 0.00000000099999999984 
0.03349291917991507883 0.23862285333949406763 0.00000000099999999994 0.00000000099999999994 0.00000000099999999994 0.00000000099999999994 0.43227250713127757242 0.00000000099999999994 0.17261528669183678897 0.12299642865747638376 
0.00000000099999999976 0.00000000099999999976 0.00000000099999999976 0.99999999100000003249 0.00000000099999999976 0.00000000099999999976 0.00000000099999999976 0.00000000099999999976 0.00000000099999999976 0.00000000099999999976 
0.21162142719488982734 0.21615349329068009321 0.00000000099999999991 0.52939798323994324836 0.00000000099999999991 0.00000000099999999991 0.00025720717309748786 0.00000000099999999991 0.00440679521703698802 0.03816308988435230393 
0.00000000099999999969 0.00000000099999999969 0.17893227574449824258 0.00000000099999999969 0.00000000099999999969 0.75966123348703573637 0.00000000099999999969 0.06140648376846589984 0.00000000099999999969 0.00000000099999999969 
0.00000000099999999992 0.00000000099999999992 0.89290119959562574969 0.00000000099999999992 0.00000000099999999992 0.00000000099999999992 0.00000000099999999992 0.10709879240437432391 0.00000000099999999992 0.00000000099999999992 
0.00000000099999999932 0.00000000099999999932 0.00000000099999999932 0.00000000099999999932 0.00000000099999999932 0.99999999100000014352 0.00000000099999999932 0.00000000099999999932 0.00000000099999999932 0.00000000099999999932 
0.23450816818497036143 0.31626592888840621143 0.00000000099999999990 0.39216669205479681715 0.00000000099999999990 0.00000000099999999990 0.00000000099999999990 0.00000000099999999990 0.05705920487182673112 0.00000000099999999990 
0.00000000099999999983 0.00000000099999999983 0.87935116398351220734 0.00000000099999999983 0.00000000099999999983 0.00000000099999999983 0.00000000099999999983 0.12064882801648772748 0.00000000099999999983 0.00000000099999999983 
0.00000000099999999996 0.00000000099999999996 0.95863452380853608759 0.00000000099999999996 0.00000000099999999996 0.00684422683059866550 0.00000132414397760819 0.03451991921688766368 0.00000000099999999996 0.00000000099999999996 
0.30185617408977333254 0.23630646977674060749 0.00000000099999999990 0.41010883707403344989 0.00000000099999999990 0.00000000099999999990 0.04986839338267960720 0.00000000099999999990 0.00113596413150687803 0.00072415754526625046 
0.00000000099999999938 0.00000000099999999938 0.00000000099999999938 0.00000000099999999938 0.99999999100000014352 0.00000000099999999938 0.00000000099999999938 0.00000000099999999938 0.00000000099999999938 0.00000000099999999938 
0.00000000099999999995 0.00000000099999999995 0.99806069525486940108 0.00000000099999999995 0.00000000099999999995 0.00078893760241253010 0.00000000099999999995 0.00000000099999999995 0.00115036014271807305 0.00000000099999999995 
0.00000000099999999990 0.26965107891435480258 0.00000000099999999990 0.00000000099999999990 0.00000000099999999990 0.00000000099999999990 0.47627948264817077106 0.00000000099999999990 0.04410579030866456501 0.20996364212880985756 
0.29249715908243867357 0.25602687177671906715 0.00000000099999999990 0.36473378791348937122 0.00000000099999999990 0.00000000099999999990 0.00013034309037410658 0.00000000099999999990 0.08661183313697892738 0.00000000099999999990 
0.00000000246873547261 0.22847760686074028436 0.00000000099999999990 0.00000000099999999990 0.00000000099999999990 0.00000000099999999990 0.57801977992112008042 0.00000000099999999990 0.13875394337342178419 0.05474866237598245006 
0.20414427012335353839 0.36287488674784784681 0.00000000099999999987 0.38158379003794007378 0.00000000099999999987 0.00000000099999999987 0.03362828919729358990 0.00000000099999999987 0.00000000099999999987 0.01776875889356517232 
0.01667058172254333448 0.23450129468235766939 0.00000000099999999995 0.00000000099999999995 0.00000000099999999995 0.00000449390525993657 0.44041072701397687705 0.00000000099999999995 0.20477975961040800756 0.10363313906545414123 
0.00000000099999999990 0.00000000099999999990 0.98723230605787237746 0.00000000099999999990 0.00000000099999999990 0.00000000099999999990 0.00000000099999999990 0.01276768594212760941 0.00000000099999999990 0.00000000099999999990 
0.00000000099999999983 0.00000000099999999983 0.80457716697913406190 0.00000000099999999983 0.00000000099999999983 0.01037329600432689188 0.00000000099999999983 0.18504953001653903777 0.00000000099999999983 0.00000000099999999983 
0.00000005981230853703 0.02170400787257566189 0.00000000099999999989 0.00000000099999999989 0.00000000099999999989 0.00000000099999999989 0.92505112873103534366 0.00000000099999999989 0.05324467514799681445 0.00000012343608369042 
0.00000000099999999990 0.26519368725501851758 0.00000000099999999990 0.00000000099999999990 0.00000000099999999990 0.00000000099999999990 0.45979567067075810538 0.00000000099999999990 0.02531179167284074161 0.24969884440138251369 
0.00000000099999999961 0.00000000099999999961 0.00000000099999999961 0.00000000099999999961 0.99999999100000003249 0.00000000099999999961 0.00000000099999999961 0.00000000099999999961 0.00000000099999999961 0.00000000099999999961 
0.22406743248648713918 0.38075091993291715342 0.00000000099999999987 0.32621496920960202370 0.00000000099999999987 0.00000000099999999987 0.03799985310837696723 0.00000000099999999987 0.00000000099999999987 0.03096682026261686482 
0.00000000099999999983 0.00000000099999999983 0.00000000099999999983 0.00000000099999999983 0.00000000099999999983 0.00000000099999999983 0.00000000099999999983 0.00000000099999999983 0.99999999100000003249 0.00000000099999999983 
0.00000000099999999988 0.00000000099999999988 0.00000000099999999988 0.00000000099999999988 0.00000000099999999988 0.00000000099999999988 0.06165705952871145673 0.00000000099999999988 0.93834293247128852666 0.00000000099999999988 
0.00000000099999999985 0.00000000099999999985 0.00000000099999999985 0.00000000099999999985 0.00000000099999999985 0.00000000099999999985 0.00000000099999999985 0.00000000099999999985 0.99999999100000003249 0.00000000099999999985 
0.00000000099999999991 0.00000000099999999991 0.00000000099999999991 0.00000000099999999991 0.00000000099999999991 0.00000000099999999991 0.00000000099999999991 0.00000000099999999991 0.99999999100000003249 0.00000000099999999991 
0.00000000099999999978 0.00000000099999999978 0.78996679571617356430 0.00000000099999999978 0.00000000099999999978 0.00729284319855790560 0.00000000099999999978 0.20274035408526841495 0.00000000099999999978 0.00000000099999999978 
0.91624036981091805387 0.08375917231773376270 0.00000000099999999982 0.00000000099999999982 0.00000000099999999982 0.00000000099999999982 0.00000000099999999982 0.00000000099999999982 0.00000000099999999982 0.00000045087134846133 
