0.92410871117548221143 0.00000000099999999995 0.00000000099999999995 0.00000000099999999995 0.00000000099999999995 0.00000000099999999995 0.00000000099999999995 0.07589127882451808527 0.00000000099999999995 0.00000000099999999995 0.00000000099999999995 0.00000000099999999995 
0.87121333267120915078 0.00000000099999999994 0.00000000099999999994 0.00000000099999999994 0.00000000099999999994 0.00000000099999999994 0.00000000099999999994 0.12737959321494232712 0.00140706511384882890 0.00000000099999999994 0.00000000099999999994 0.00000000099999999994 
0.00000000099999999986 0.00000000099999999986 0.00000000099999999986 0.00000000099999999986 0.99999998900000020008 0.00000000099999999986 0.00000000099999999986 0.00000000099999999986 0.00000000099999999986 0.00000000099999999986 0.00000000099999999986 0.00000000099999999986 
0.91476029363525601656 0.00000000099999999990 0.00000000099999999990 0.00000000099999999990 0.00000000099999999990 0.00000000099999999990 0.00000000099999999990 0.08523969636474428013 0.00000000099999999990 0.00000000099999999990 0.00000000099999999990 0.00000000099999999990 
0.96565435668065580099 0.00000000099999999990 0.00000000099999999990 0.00000000099999999990 0.00000000099999999990 0.00000000099999999990 0.00000000099999999990 0.02131861024033306420 0.01302702407901146393 0.00000000099999999990 0.00000000099999999990 0.00000000099999999990 
0.98382590270414782552 0.00000000099999999995 0.00000000099999999995 0.00000000099999999995 0.00000000099999999995 0.00000000099999999995 0.00000000099999999995 0.00000668385516575874 0.01616739257084816653 0.00000000099999999995 0.00000001286983831487 0.00000000099999999995 
0.00000000099999999927 0.00000000099999999927 0.99999998900000020008 0.00000000099999999927 0.00000000099999999927 0.00000000099999999927 0.00000000099999999927 0.00000000099999999927 0.00000000099999999927 0.00000000099999999927 0.00000000099999999927 0.00000000099999999927 
0.88077434642015139943 0.00000000099999999976 0.00000000099999999976 0.00000000099999999976 0.00000000099999999976 0.00000000099999999976 0.00000000099999999976 0.11922564357984877237 0.00000000099999999976 0.00000000099999999976 0.00000000099999999976 0.00000000099999999976 
0.00000000099999999884 0.00000000099999999884 0.00000000099999999884 0.00000000099999999884 0.00000000099999999884 0.00000000099999999884 0.99999998899999986701 0.00000000099999999884 0.00000000099999999884 0.00000000099999999884 0.00000000099999999884 0.00000000099999999884 
0.81584780344713736522 0.00000000099999999979 0.00000000099999999979 0.00000000099999999979 0.00000000099999999979 0.00000000099999999979 0.00000000099999999979 0.18415218655286280658 0.00000000099999999979 0.00000000099999999979 0.00000000099999999979 0.00000000099999999979 
0.88233778544864005511 0.00000000099999999974 0.00000000099999999974 0.00000000099999999974 0.00000000099999999974 0.00000000099999999974 0.00000000099999999974 0.11766220455136022771 0.00000000099999999974 0.00000000099999999974 0.00000000099999999974 0.00000000099999999974 
0.93772049436082405283 0.00000000099999999987 0.00000000099999999987 0.00000000099999999987 0.00000000099999999987 0.00000000099999999987 0.00000000099999999987 0.02085522706154239667 0.04142426957763368361 0.00000000099999999987 0.00000000099999999987 0.00000000099999999987 
0.99961460770821386479 0.00000000099999999993 0.00000000099999999993 0.00000000099999999993 0.00000000099999999993 0.00000000099999999993 0.00000000099999999993 0.00016648837850176865 0.00021889491328453277 0.00000000099999999993 0.00000000099999999993 0.00000000099999999993 
0.99092957730552433393 0.00000000099999999994 0.00000000099999999994 0.00000000099999999994 0.00000000099999999994 0.00000000099999999994 0.00000000099999999994 0.00907041269447587950 0.00000000099999999994 0.00000000099999999994 0.00000000099999999994 0.00000000099999999994 
0.00000000099999999987 0.00000000099999999987 0.00000000099999999987 0.00000543925954396378 0.89800743210707456576 0.10198711963338158437 0.00000000099999999987 0.00000000099999999987 0.00000000099999999987 0.00000000099999999987 0.00000000099999999987 0.00000000099999999987 
0.91281338935410516466 0.00000000099999999979 0.00000000099999999979 0.00000000099999999979 0.00000000099999999979 0.00000000099999999979 0.00000000099999999979 0.08718660064589507652 0.00000000099999999979 0.00000000099999999979 0.00000000099999999979 0.00000000099999999979 
0.83234223933784579064 0.00000000099999999974 0.00000000099999999974 0.00000000099999999974 0.00000000099999999974 0.00000000099999999974 0.00000000099999999974 0.16207710114465093132 0.00558065051750345192 0.00000000099999999974 0.00000000099999999974 0.00000000099999999974 
0.68520194734105677181 0.00000000099999999972 0.00000000099999999972 0.00000000099999999972 0.00000000099999999972 0.00000000099999999972 0.00000000099999999972 0.07305398262797900555 0.24174406103096451881 0.00000000099999999972 0.00000000099999999972 0.00000000099999999972 
0.90402201610977550583 0.00000000099999999983 0.00000000099999999983 0.00000000099999999983 0.00000000099999999983 0.00000000099999999983 0.00000000099999999983 0.09596920052310102534 0.00000877436712354953 0.00000000099999999983 0.00000000099999999983 0.00000000099999999983 
0.00000000099999999897 0.00000000099999999897 0.00000000099999999897 0.00000000099999999897 0.00000000099999999897 0.00000000099999999897 0.00000000099999999897 0.00000000099999999897 0.99999998899999997803 0.00000000099999999897 0.00000000099999999897 0.00000000099999999897 
0.00000000099999999928 0.00000000099999999928 0.99999998900000008906 0.00000000099999999928 0.00000000099999999928 0.00000000099999999928 0.00000000099999999928 0.00000000099999999928 0.00000000099999999928 0.00000000099999999928 0.00000000099999999928 0.00000000099999999928 
0.00000000099999999893 0.00000000099999999893 0.00000000099999999893 0.00000000099999999893 0.00000000099999999893 0.00000000099999999893 0.00000000099999999893 0.00000000099999999893 0.99999998899999986701 0.00000000099999999893 0.00000000099999999893 0.00000000099999999893 
0.98882588871556476029 0.00000000099999999997 0.00000000099999999997 0.00000000099999999997 0.00000000099999999997 0.00000000099999999997 0.00000000099999999997 0.00000000099999999997 0.00028013240011475729 0.00810107330035160847 0.00279280740749275006 0.00000009117647614550 
0.00000000099999999898 0.00000000099999999898 0.99999998899999997803 0.00000000099999999898 0.00000000099999999898 0.00000000099999999898 0.00000000099999999898 0.00000000099999999898 0.00000000099999999898 0.00000000099999999898 0.00000000099999999898 0.00000000099999999898 
0.00000000099999999927 0.00000000099999999927 0.00000000099999999927 0.00000000099999999927 0.00000000099999999927 0.00000000099999999927 0.00000000099999999927 0.99999998900000008906 0.00000000099999999927 0.00000000099999999927 0.00000000099999999927 0.00000000099999999927 
0.87588684648363135388 0.00000000099999999978 0.00000000099999999978 0.00000000099999999978 0.00000000099999999978 0.00000000099999999978 0.00000000099999999978 0.12406786041843931301 0.00004528409792954668 0.00000000099999999978 0.00000000099999999978 0.00000000099999999978 
0.89196252402806563975 0.00000000099999999987 0.00000000099999999987 0.00000000099999999987 0.00000000099999999987 0.00000000099999999987 0.00000000099999999987 0.09568561478098125406 0.01235185219095344920 0.00000000099999999987 0.00000000099999999987 0.00000000099999999987 
0.75754444946654875270 0.00000000099999999960 0.00000000099999999960 0.00000000099999999960 0.00000000099999999960 0.00000000099999999960 0.00000000099999999960 0.24245554053345161338 0.00000000099999999960 0.00000000099999999960 0.00000000099999999960 0.00000000099999999960 
0.00000000099999999989 0.00000000099999999989 0.00000000099999999989 0.00000000099999999989 0.00000000099999999989 0.00000000099999999989 0.03754890809702145227 0.00000000099999999989 0.00000000099999999989 0.00000000099999999989 0.00000000099999999989 0.96245108190297845585 
0.00000000099999999954 0.00000000099999999954 0.81327123256937861040 0.00000000099999999954 0.00000000099999999954 0.00000000099999999954 0.18672875743062145037 0.00000000099999999954 0.00000000099999999954 0.00000000099999999954 0.00000000099999999954 0.00000000099999999954 
0.97073752925749468012 0.00000000099999999998 0.00000000099999999998 0.00000000099999999998 0.00000000099999999998 0.01137396319126192379 0.00000000099999999998 0.00962360050780767043 0.00810084693190341043 0.00000000099999999998 0.00016405311153250407 0.00000000099999999998 
0.72016843398693042300 0.00000000099999999986 0.00000000099999999986 0.00000000099999999986 0.00000000099999999986 0.00000000099999999986 0.11432819408437906727 0.15853554760987570438 0.00696781631881487895 0.00000000099999999986 0.00000000099999999986 0.00000000099999999986 
0.75910070408540697429 0.00000000099999999997 0.00000000099999999997 0.00000000099999999997 0.00000000099999999997 0.01004921287533524880 0.00000000099999999997 0.20209515709890835122 0.01419520011219280696 0.01455971882815667792 0.00000000099999999997 0.00000000099999999997 
0.77026429753853686844 0.01562702963354246910 0.00000000099999999996 0.00000000099999999996 0.00000000099999999996 0.00000000099999999996 0.00000000099999999996 0.15373321230058667464 0.02403592885424093648 0.00000000099999999996 0.01568083146155577548 0.02065869421153741087 
0.04316543580539394104 0.00000000099999999974 0.93198179449686002762 0.00000000099999999974 0.00000000099999999974 0.00000000099999999974 0.02485276069774613669 0.00000000099999999974 0.00000000099999999974 0.00000000099999999974 0.00000000099999999974 0.00000000099999999974 
0.85849396587756698906 0.00000000099999999979 0.00000000099999999979 0.00000000099999999979 0.00000000099999999979 0.00000000099999999979 0.00000000099999999979 0.14150602412243332151 0.00000000099999999979 0.00000000099999999979 0.00000000099999999979 0.00000000099999999979 
0.95967060211951993320 0.00000000099999999994 0.00000000099999999994 0.00000000099999999994 0.00000000099999999994 0.00000000099999999994 0.01101620463823034003 0.00336538145191251671 0.02594780379033749529 0.00000000099999999994 0.00000000099999999994 0.00000000099999999994 
0.00000000099999999914 0.00000000099999999914 0.00000000099999999914 0.00000000099999999914 0.00000000099999999914 0.00000000099999999914 0.00000000099999999914 0.99999998899999997803 0.00000000099999999914 0.00000000099999999914 0.00000000099999999914 0.00000000099999999914 
0.88852256081279445965 0.00000000099999999983 0.00000000099999999983 0.00000000099999999983 0.00000000099999999983 0.00000000099999999983 0.00000000099999999983 0.11147742918720579541 0.00000000099999999983 0.00000000099999999983 0.00000000099999999983 0.00000000099999999983 
0.65699524708766943171 0.00000000099999999992 0.02156005370321905507 0.00000000099999999992 0.00000000099999999992 0.00000000099999999992 0.22275049455143897115 0.09869417499700344765 0.00000002266066918692 0.00000000099999999992 0.00000000099999999992 0.00000000099999999992 
0.72696952296932326743 0.00000000099999999977 0.00000000099999999977 0.00000000099999999977 0.00000000099999999977 0.00000000099999999977 0.13008950330720667199 0.14070438371452109738 0.00223658200894912571 0.00000000099999999977 0.00000000099999999977 0.00000000099999999977 
0.79869047012112459605 0.00886515847527311919 0.00000000099999999995 0.00000000099999999995 0.00000000099999999995 0.00000000099999999995 0.00000000099999999995 0.10140195991357453531 0.00000000099999999995 0.00000000099999999995 0.08846033516620173398 0.00258206932382614275 
0.00000000099999999976 0.00000000099999999976 0.00000000099999999976 0.00000000099999999976 0.00000000099999999976 0.00000000099999999976 0.00000000099999999976 0.00000000099999999976 0.00000000099999999976 0.00000000099999999976 0.00000000099999999976 0.99999998899999997803 
0.84510764338746824365 0.00000000099999999993 0.00000000099999999993 0.00000000099999999993 0.02307838739382708781 0.00000000099999999993 0.00000000099999999993 0.13155426645018303278 0.00025969476852171310 0.00000000099999999993 0.00000000099999999993 0.00000000099999999993 
0.92728066316187107709 0.00000000099999999991 0.00000000099999999991 0.00000000099999999991 0.00000000099999999991 0.00000000099999999991 0.00000000099999999991 0.06156128196864901758 0.01115804586948016333 0.00000000099999999991 0.00000000099999999991 0.00000000099999999991 
0.95438012149576390009 0.00000000099999999988 0.00000000099999999988 0.00000000099999999988 0.00000000099999999988 0.00000000099999999988 0.00000000099999999988 0.04107366200277707408 0.00454620750145929686 0.00000000099999999988 0.00000000099999999988 0.00000000099999999988 
0.00000000099999999990 0.00000000099999999990 0.00000000099999999990 0.00000000099999999990 0.00000000099999999990 0.00000000099999999990 0.00000000099999999990 0.00000000099999999990 0.00000000099999999990 0.00000000099999999990 0.05154348877793629713 0.94845650122206381916 
0.00000000099999999974 0.00000000099999999974 0.00000000099999999974 0.00000000099999999974 0.00000000099999999974 0.00000000099999999974 0.00000000099999999974 0.00000000099999999974 0.00000000099999999974 0.00000000099999999974 0.99999998899999986701 0.00000000099999999974 
0.00000000099999999977 0.00000000099999999977 0.00000000099999999977 0.00000000099999999977 0.00000000099999999977 0.00000000099999999977 0.00000000099999999977 0.00000000099999999977 0.00000000099999999977 0.00000000099999999977 0.99999998899999997803 0.00000000099999999977 
0.00000000099999999992 0.37520031787700869330 0.00000000099999999992 0.01225825091561821671 0.00000000099999999992 0.26559554509638089170 0.00000000099999999992 0.00000000099999999992 0.00000000099999999992 0.02001758131247724851 0.17830574187682882159 0.14862255692168607757 
0.00116158660749708458 0.20161012392369445645 0.00000000099999999996 0.00962280723282410606 0.00000000099999999996 0.06224442917955114868 0.00000000099999999996 0.00000000099999999996 0.00000000099999999996 0.01809880127109234071 0.43677424518716057023 0.27048800159818026101 
0.00000000099999999978 0.89123956785174462958 0.00000000099999999978 0.00000000099999999978 0.00000000099999999978 0.10876042214825551446 0.00000000099999999978 0.00000000099999999978 0.00000000099999999978 0.00000000099999999978 0.00000000099999999978 0.00000000099999999978 
0.00000000099999999973 0.99999998900000031110 0.00000000099999999973 0.00000000099999999973 0.00000000099999999973 0.00000000099999999973 0.00000000099999999973 0.00000000099999999973 0.00000000099999999973 0.00000000099999999973 0.00000000099999999973 0.00000000099999999973 
0.00000000099999999995 0.19566981648422365758 0.00000000099999999995 0.00000000099999999995 0.00000000099999999995 0.14301212867536702844 0.00000000099999999995 0.00811049229806142490 0.00000000099999999995 0.00901963408473922638 0.31157603343192469270 0.33261188902568400438 
0.00000000099999999965 0.99999998900000031110 0.00000000099999999965 0.00000000099999999965 0.00000000099999999965 0.00000000099999999965 0.00000000099999999965 0.00000000099999999965 0.00000000099999999965 0.00000000099999999965 0.00000000099999999965 0.00000000099999999965 
0.00000000099999999982 0.99999996356408282772 0.00000000099999999982 0.00000000099999999982 0.00000000099999999982 0.00000000099999999982 0.00000000099999999982 0.00000000099999999982 0.00000000099999999982 0.00000000099999999982 0.00000002643591748539 0.00000000099999999982 
0.02317155094939326102 0.14559233277392027994 0.00000000099999999997 0.00008547992932708927 0.00000000099999999997 0.17045503961973118567 0.00000000099999999997 0.00000000099999999997 0.00529766058796163515 0.00663980196821987740 0.28384391711591483443 0.36491421305553195520 
0.00000000099999999991 0.63378367300691396125 0.00000000099999999991 0.00000000099999999991 0.00000000099999999991 0.23929965201929398466 0.00000000099999999991 0.00000000099999999991 0.00000000099999999991 0.01562170969923038985 0.07371236453480783934 0.03758259373975413736 
0.00000000099999999944 0.00000000099999999944 0.00000000099999999944 0.00000000099999999944 0.00000000099999999944 0.00000000099999999944 0.00000000099999999944 0.00000000099999999944 0.99999998899999997803 0.00000000099999999944 0.00000000099999999944 0.00000000099999999944 
0.00000000099999999977 0.99999998900000031110 0.00000000099999999977 0.00000000099999999977 0.00000000099999999977 0.00000000099999999977 0.00000000099999999977 0.00000000099999999977 0.00000000099999999977 0.00000000099999999977 0.00000000099999999977 0.00000000099999999977 
0.00000000099999999971 0.99999998900000031110 0.00000000099999999971 0.00000000099999999971 0.00000000099999999971 0.00000000099999999971 0.00000000099999999971 0.00000000099999999971 0.00000000099999999971 0.00000000099999999971 0.00000000099999999971 0.00000000099999999971 
0.00000000099999999974 0.99999998900000031110 0.00000000099999999974 0.00000000099999999974 0.00000000099999999974 0.00000000099999999974 0.00000000099999999974 0.00000000099999999974 0.00000000099999999974 0.00000000099999999974 0.00000000099999999974 0.00000000099999999974 
0.00000000099999999975 0.99999998900000031110 0.00000000099999999975 0.00000000099999999975 0.00000000099999999975 0.00000000099999999975 0.00000000099999999975 0.00000000099999999975 0.00000000099999999975 0.00000000099999999975 0.00000000099999999975 0.00000000099999999975 
0.00000000099999999974 0.99999998900000031110 0.00000000099999999974 0.00000000099999999974 0.00000000099999999974 0.00000000099999999974 0.00000000099999999974 0.00000000099999999974 0.00000000099999999974 0.00000000099999999974 0.00000000099999999974 0.00000000099999999974 
0.00000000099999999977 0.99999998900000031110 0.00000000099999999977 0.00000000099999999977 0.00000000099999999977 0.00000000099999999977 0.00000000099999999977 0.00000000099999999977 0.00000000099999999977 0.00000000099999999977 0.00000000099999999977 0.00000000099999999977 
0.90712281775613756718 0.00000000099999999999 0.00000001488353818316 0.00125822141008944711 0.00331159150976081387 0.00000000099999999999 0.07544891882399276661 0.00000000099999999999 0.00526641345606545120 0.00000000099999999999 0.00001194571676956067 0.00758007244364659535 
0.97312811237297214273 0.00000000099999999987 0.00000000099999999987 0.00000000099999999987 0.00000000099999999987 0.00000000099999999987 0.00000000099999999987 0.02438249202571284718 0.00248938660131516011 0.00000000099999999987 0.00000000099999999987 0.00000000099999999987 
0.22456830613633968485 0.00000000099999999966 0.00000000099999999966 0.00000000099999999966 0.00000000099999999966 0.00000000099999999966 0.00000000099999999966 0.00000000099999999966 0.77543168386366034817 0.00000000099999999966 0.00000000099999999966 0.00000000099999999966 
0.00000000099999999922 0.00000000099999999922 0.00000000099999999922 0.00000000099999999922 0.00000000099999999922 0.00000000099999999922 0.99999998900000008906 0.00000000099999999922 0.00000000099999999922 0.00000000099999999922 0.00000000099999999922 0.00000000099999999922 
0.00000000099999999972 0.00000000099999999972 0.00000000099999999972 0.00000000099999999972 0.00000000099999999972 0.00000000099999999972 0.00000000099999999972 0.99999998899999997803 0.00000000099999999972 0.00000000099999999972 0.00000000099999999972 0.00000000099999999972 
0.64994471477055704156 0.00000000099999999970 0.00000000099999999970 0.00000000099999999970 0.00000000099999999970 0.00000000099999999970 0.00000000099999999970 0.35005527522944335228 0.00000000099999999970 0.00000000099999999970 0.00000000099999999970 0.00000000099999999970 
0.00000000099999999905 0.00000000099999999905 0.00000000099999999905 0.00000000099999999905 0.00000000099999999905 0.00000000099999999905 0.00000000099999999905 0.99999998900000008906 0.00000000099999999905 0.00000000099999999905 0.00000000099999999905 0.00000000099999999905 
0.86873639845753236610 0.00000000099999999985 0.01318303542524711623 0.00000000099999999985 0.00000000099999999985 0.00000000099999999985 0.00000000099999999985 0.11808055711722066639 0.00000000099999999985 0.00000000099999999985 0.00000000099999999985 0.00000000099999999985 
0.90617803748667624664 0.00000000099999999979 0.00000000099999999979 0.00000000099999999979 0.00000000099999999979 0.00000000099999999979 0.00000000099999999979 0.09382195251332389740 0.00000000099999999979 0.00000000099999999979 0.00000000099999999979 0.00000000099999999979 
0.87129053265797384853 0.00000000099999999994 0.00000000099999999994 0.00000000099999999994 0.00000000099999999994 0.00310584108601283295 0.00000000099999999994 0.10467421549615817111 0.02092940275985523055 0.00000000099999999994 0.00000000099999999994 0.00000000099999999994 
0.00000000099999999895 0.00000000099999999895 0.00000000099999999895 0.00000000099999999895 0.00000000099999999895 0.00000000099999999895 0.00000000099999999895 0.00000000099999999895 0.99999998899999997803 0.00000000099999999895 0.00000000099999999895 0.00000000099999999895 
0.87421906954301842330 0.00000000099999999994 0.00000000099999999994 0.00000000099999999994 0.00000000099999999994 0.00000001647707730664 0.00000000099999999994 0.08524181136655546720 0.01806919101010116477 0.00000000099999999994 0.00228841007688450034 0.02018149552636325228 
0.87963667984023363733 0.00000000099999999967 0.00000000099999999967 0.00000000099999999967 0.00000000099999999967 0.00000000099999999967 0.00000000099999999967 0.12036331015976654835 0.00000000099999999967 0.00000000099999999967 0.00000000099999999967 0.00000000099999999967 
0.00000000099999999973 0.00000000099999999973 0.00000000099999999973 0.00000000099999999973 0.00000000099999999973 0.00000000099999999973 0.00000000099999999973 0.00000000099999999973 0.00000000099999999973 0.00000000099999999973 0.00000000099999999973 0.99999998899999997803 
0.90209736353476577264 0.00000000099999999980 0.00000000099999999980 0.00000000099999999980 0.00000000099999999980 0.00000000099999999980 0.00000000099999999980 0.09790262646523451018 0.00000000099999999980 0.00000000099999999980 0.00000000099999999980 0.00000000099999999980 
0.98582053107306066853 0.00000000099999999995 0.00000000099999999995 0.00000000099999999995 0.00000000099999999995 0.00000000099999999995 0.00000000099999999995 0.01417945892693949980 0.00000000099999999995 0.00000000099999999995 0.00000000099999999995 0.00000000099999999995 
0.00000000099999999909 0.00000000099999999909 0.00000000099999999909 0.00000000099999999909 0.00000000099999999909 0.00000000099999999909 0.00000000099999999909 0.99999998900000008906 0.00000000099999999909 0.00000000099999999909 0.00000000099999999909 0.00000000099999999909 
0.89334715578565337957 0.00000000099999999982 0.00000000099999999982 0.00000000099999999982 0.00000000099999999982 0.00000000099999999982 0.00000000099999999982 0.10594489538445042709 0.00070793982989633675 0.00000000099999999982 0.00000000099999999982 0.00000000099999999982 
0.90956176388498466423 0.00000000099999999970 0.00000000099999999970 0.00000000099999999970 0.00000000099999999970 0.00000000099999999970 0.00000000099999999970 0.09043822611501549369 0.00000000099999999970 0.00000000099999999970 0.00000000099999999970 0.00000000099999999970 
0.89531167755645502115 0.00000000099999999988 0.00000000099999999988 0.00000000099999999988 0.00000000099999999988 0.00000000099999999988 0.00000000099999999988 0.10468831244354528942 0.00000000099999999988 0.00000000099999999988 0.00000000099999999988 0.00000000099999999988 
0.89711495679758324062 0.00000000099999999979 0.00000000099999999979 0.00000000099999999979 0.00000000099999999979 0.00000000099999999979 0.00000000099999999979 0.07899813251719164930 0.02388690168522536114 0.00000000099999999979 0.00000000099999999979 0.00000000099999999979 
0.00000000099999999994 0.00000000099999999994 0.00000000099999999994 0.00000000099999999994 0.00000000099999999994 0.00000000099999999994 0.00000000099999999994 0.00000000099999999994 0.00000000099999999994 0.01791449557594095715 0.20445515755925150470 0.77763033786480750820 
0.00000000099999999929 0.00000000099999999929 0.00000000099999999929 0.00000000099999999929 0.00000000099999999929 0.00000000099999999929 0.00000000099999999929 0.99999998899999997803 0.00000000099999999929 0.00000000099999999929 0.00000000099999999929 0.00000000099999999929 
0.00000000099999999939 0.00000000099999999939 0.00000000099999999939 0.00000000099999999939 0.00000000099999999939 0.00000000099999999939 0.00000000099999999939 0.99999998899999997803 0.00000000099999999939 0.00000000099999999939 0.00000000099999999939 0.00000000099999999939 
0.95333528262757982752 0.00000000099999999986 0.00000000099999999986 0.00000000099999999986 0.00000000099999999986 0.00000000099999999986 0.00000000099999999986 0.04666470737242030958 0.00000000099999999986 0.00000000099999999986 0.00000000099999999986 0.00000000099999999986 
0.00000000099999999962 0.00000000099999999962 0.00000000099999999962 0.99999998900000020008 0.00000000099999999962 0.00000000099999999962 0.00000000099999999962 0.00000000099999999962 0.00000000099999999962 0.00000000099999999962 0.00000000099999999962 0.00000000099999999962 
0.00000000099999999986 0.06109967013173548539 0.00000000099999999986 0.00000000099999999986 0.00000000099999999986 0.82827781934457478386 0.00000000099999999986 0.00000000099999999986 0.00000000099999999986 0.00000000099999999986 0.06203497667419502482 0.04858752584949482811 
0.00000000099999999965 0.00000000099999999965 0.00000000099999999965 0.00000000099999999965 0.00000000099999999965 0.99999998900000008906 0.00000000099999999965 0.00000000099999999965 0.00000000099999999965 0.00000000099999999965 0.00000000099999999965 0.00000000099999999965 
0.00000000099999999924 0.00000000099999999924 0.00000000099999999924 0.00000000099999999924 0.99999998900000020008 0.00000000099999999924 0.00000000099999999924 0.00000000099999999924 0.00000000099999999924 0.00000000099999999924 0.00000000099999999924 0.00000000099999999924 
0.00000000099999999912 0.00000000099999999912 0.00000000099999999912 0.00000000099999999912 0.99999998900000008906 0.00000000099999999912 0.00000000099999999912 0.00000000099999999912 0.00000000099999999912 0.00000000099999999912 0.00000000099999999912 0.00000000099999999912 
0.81549361201169345836 0.00000000099999999973 0.00000000099999999973 0.00000000099999999973 0.00000000099999999973 0.00000000099999999973 0.00000000099999999973 0.18175289760362786651 0.00275348138467889974 0.00000000099999999973 0.00000000099999999973 0.00000000099999999973 
0.00000000099999999992 0.03769360550655823788 0.00000000099999999992 0.00000000099999999992 0.00000000099999999992 0.80759289315885796068 0.00000000099999999992 0.00000000099999999992 0.00000000099999999992 0.02624833657178994584 0.06024800117300527225 0.06821715658978873276 
0.00000000099999999993 0.00000094969589347699 0.00000000099999999993 0.03279530014976883567 0.01998148994989893540 0.58060796792359847807 0.00000000099999999993 0.00000000099999999993 0.00000000099999999993 0.08025351111818913863 0.28636077516265112664 0.00000000099999999993 
0.00000000099999999989 0.06921566319403915646 0.00000000099999999989 0.00000000099999999989 0.00000061666479353741 0.79948104392682917130 0.00000000099999999989 0.00000000099999999989 0.00000000099999999989 0.01512000490810455969 0.00000000099999999989 0.11618266430623379326 
0.00000000099999999980 0.00000000099999999980 0.00000000099999999980 0.00000000099999999980 0.00000000099999999980 0.90207948272545601665 0.00000000099999999980 0.00000000099999999980 0.00000000099999999980 0.00000000099999999980 0.01265232813185146465 0.08526818014269253732 
0.00000000099999999972 0.00000000099999999972 0.00000000099999999972 0.00000000099999999972 0.00000000099999999972 0.99999998900000020008 0.00000000099999999972 0.00000000099999999972 0.00000000099999999972 0.00000000099999999972 0.00000000099999999972 0.00000000099999999972 
0.00000000099999999909 0.00000000099999999909 0.00000000099999999909 0.00000000099999999909 0.99999998900000008906 0.00000000099999999909 0.00000000099999999909 0.00000000099999999909 0.00000000099999999909 0.00000000099999999909 0.00000000099999999909 0.00000000099999999909 
0.00000000099999999933 0.00000000099999999933 0.00000000099999999933 0.00000000099999999933 0.99999998900000020008 0.00000000099999999933 0.00000000099999999933 0.00000000099999999933 0.00000000099999999933 0.00000000099999999933 0.00000000099999999933 0.00000000099999999933 
0.00000000099999999989 0.00000000099999999989 0.00000000099999999989 0.00055086255121473949 0.00000000099999999989 0.85263404456093938588 0.00000000099999999989 0.00000000099999999989 0.00000000099999999989 0.00000000099999999989 0.07492746574393252534 0.07188761914391351981 
0.00000000099999999964 0.00000000099999999964 0.00000000099999999964 0.00000000099999999964 0.00000000099999999964 0.99999998900000008906 0.00000000099999999964 0.00000000099999999964 0.00000000099999999964 0.00000000099999999964 0.00000000099999999964 0.00000000099999999964 
0.00000000099999999988 0.00000000099999999988 0.00000000099999999988 0.00000000099999999988 0.00000000099999999988 0.77170586119167150496 0.00000000099999999988 0.00000000099999999988 0.00000000099999999988 0.01412066478863602606 0.21311271570226408834 0.00106075031742845554 
0.00000000099999999993 0.00001828002681856038 0.00000000099999999993 0.03023294323946233014 0.02799087284934734937 0.71791403153345756394 0.00000000099999999993 0.00000000099999999993 0.00000000099999999993 0.02002141954003922031 0.06940134699912248184 0.13442110081175265290 
0.00000000099999999994 0.06730760561909168715 0.00000000099999999994 0.06147329464781423752 0.00977152252141139620 0.60796529758445116975 0.00000000099999999994 0.00000000099999999994 0.00000000099999999994 0.02215259979561241821 0.18561481594753528879 0.04571485888408389348 
0.00000000099999999967 0.00000000099999999967 0.00000000099999999967 0.99999998900000020008 0.00000000099999999967 0.00000000099999999967 0.00000000099999999967 0.00000000099999999967 0.00000000099999999967 0.00000000099999999967 0.00000000099999999967 0.00000000099999999967 
0.00000000099999999992 0.00000004161327541583 0.00000000099999999992 0.03879280137305297221 0.02517525336798297209 0.60251518299518358468 0.00000000099999999992 0.00000000099999999992 0.00000000099999999992 0.07248730646795541188 0.20865977660751539036 0.05236963257503430419 
0.00000000099999999994 0.00000000111185837286 0.00000000099999999994 0.07084708315332000073 0.01425095697541381781 0.66232328135619045195 0.00000000099999999994 0.00000000099999999994 0.00000000099999999994 0.00814071505338986000 0.21460242540719617899 0.02983553194263141931 
0.00000000099999999990 0.07223116650780671277 0.00000000099999999990 0.00004191375130888213 0.00000000099999999990 0.79237178121298768030 0.00000000099999999990 0.00000000099999999990 0.00000000099999999990 0.00117133827744102660 0.12080862717784469906 0.01337516707261100259 
0.00000000099999999974 0.00000000099999999974 0.00000000099999999974 0.00000000099999999974 0.00000000099999999974 0.00000000099999999974 0.00000000099999999974 0.00000000099999999974 0.00000000099999999974 0.00000000099999999974 0.00000000099999999974 0.99999998899999997803 
0.00000000099999999987 0.00003487881482803314 0.00000000099999999987 0.88442328438612360930 0.03930472359422029771 0.03423416199964516432 0.00000000099999999987 0.00000000099999999987 0.00000000099999999987 0.02119704764607524203 0.02080589755910784017 0.00000000099999999987 
0.01921496582037336004 0.21290092460630408167 0.00000000099999999997 0.00011445190417013344 0.00000404331282070352 0.12653424640416249813 0.00000000099999999997 0.00000000099999999997 0.00425305865871764954 0.00059209082163287174 0.33050023554452762076 0.30588597992729094077 
0.00000000099999999976 0.00000000099999999976 0.00000000099999999976 0.00000000099999999976 0.00000000099999999976 0.00000000099999999976 0.00000000099999999976 0.00000000099999999976 0.00000000099999999976 0.00000000099999999976 0.00000000099999999976 0.99999998900000008906 
0.00000000099999999990 0.00000000099999999990 0.00000000099999999990 0.30393679683349850151 0.42781762336508943889 0.07553476698571592873 0.00000000099999999990 0.00000000099999999990 0.00000000099999999990 0.17182605787650429008 0.00000000292189807263 0.02088474601729368649 
0.00000000099999999986 0.02887892948892738579 0.00000000099999999986 0.85944100300903314427 0.00000000099999999986 0.11168005850203960305 0.00000000099999999986 0.00000000099999999986 0.00000000099999999986 0.00000000099999999986 0.00000000099999999986 0.00000000099999999986 
0.00000000099999999990 0.06326158889342392566 0.00000000099999999990 0.77640581245772677388 0.03385519552537359644 0.07861043600652718732 0.00000000099999999990 0.00000000099999999990 0.00000000099999999990 0.04447595631529777105 0.00339002774987528979 0.00000097805177563750 
0.00000000099999999986 0.00000000099999999986 0.00000000099999999986 0.00000000099999999986 0.00000000099999999986 0.00000000099999999986 0.00000000099999999986 0.00000000099999999986 0.00000000099999999986 0.00000000099999999986 0.00000000099999999986 0.99999998900000008906 
0.00000000099999999980 0.99999812245809260869 0.00000000099999999980 0.00000000099999999980 0.00000000099999999980 0.00000000099999999980 0.00000000099999999980 0.00000000099999999980 0.00000000099999999980 0.00000000099999999980 0.00000186754190749776 0.00000000099999999980 
0.00000000099999999985 0.00000000099999999985 0.00000000099999999985 0.00000000099999999985 0.00000000099999999985 0.01674935468003730873 0.00000000099999999985 0.00000000099999999985 0.00000000099999999985 0.00000000099999999985 0.00000000099999999985 0.98325063531996281796 
0.00000000099999999949 0.00000000099999999949 0.00000000099999999949 0.00000000099999999949 0.99999998900000008906 0.00000000099999999949 0.00000000099999999949 0.00000000099999999949 0.00000000099999999949 0.00000000099999999949 0.00000000099999999949 0.00000000099999999949 
0.00000000099999999989 0.00000000099999999989 0.00000000099999999989 0.19713198163652320694 0.52341476648668783245 0.05118518117872265794 0.00000000099999999989 0.00000000099999999989 0.00000000099999999989 0.20478103966843394512 0.02348702402963254512 0.00000000099999999989 
0.00708257163381157198 0.21483111763109696835 0.00000000099999999997 0.00766308032097740184 0.01160087932791283895 0.04969397891981681969 0.00000000099999999997 0.00000000099999999997 0.00000000099999999997 0.04813802971080716198 0.37182245971553179453 0.28916787874004545866 
0.00000000099999999994 0.01557068176324440806 0.00000000099999999994 0.18196124159704193946 0.31996644653637512645 0.24505008768995217849 0.00000000099999999994 0.00000000099999999994 0.00000000099999999994 0.14322340964554333698 0.09422798955806492571 0.00000013820977811559 
0.00000000099999999987 0.00000000099999999987 0.00000000099999999987 0.82291141339486750805 0.07237870861422486535 0.05700208447255909056 0.00000000099999999987 0.00000000099999999987 0.00000000099999999987 0.04766286999295114152 0.00000000099999999987 0.00004491652539753061 
0.00000000099999999979 0.09056700569911844967 0.00000000099999999979 0.00242094397142353281 0.00000000099999999979 0.90701204132945811853 0.00000000099999999979 0.00000000099999999979 0.00000000099999999979 0.00000000099999999979 0.00000000099999999979 0.00000000099999999979 
0.00000000099999999970 0.00000000099999999970 0.00000000099999999970 0.00000000099999999970 0.99999998900000008906 0.00000000099999999970 0.00000000099999999970 0.00000000099999999970 0.00000000099999999970 0.00000000099999999970 0.00000000099999999970 0.00000000099999999970 
0.00000000099999999945 0.00000000099999999945 0.00000000099999999945 0.00000000099999999945 0.99999998900000020008 0.00000000099999999945 0.00000000099999999945 0.00000000099999999945 0.00000000099999999945 0.00000000099999999945 0.00000000099999999945 0.00000000099999999945 
0.00000000099999999955 0.00000000099999999955 0.00000000099999999955 0.00000000099999999955 0.99999998900000008906 0.00000000099999999955 0.00000000099999999955 0.00000000099999999955 0.00000000099999999955 0.00000000099999999955 0.00000000099999999955 0.00000000099999999955 
0.00000000099999999990 0.01746565073378976776 0.00000000099999999990 0.21732085168871709269 0.35366670100720198899 0.19709090254950145660 0.00000000099999999990 0.00000000099999999990 0.00000000099999999990 0.14812959428781050097 0.06632629242849433227 0.00000000230448486644 
0.00000000099999999994 0.00014397414596597509 0.00000000099999999994 0.23391406061052977261 0.32158271780288438801 0.19426640743981110626 0.00000000099999999994 0.00000000099999999994 0.00000000099999999994 0.13302207032148707921 0.07506439744959021720 0.04200636722973161152 
0.00000000099999999988 0.13679365909613167007 0.00000000099999999988 0.00000000099999999988 0.00000000099999999988 0.77211415596418297991 0.00000000099999999988 0.00000000099999999988 0.00000000099999999988 0.01290432640933771892 0.07818785049974355528 0.00000000103060397974 
0.00000000099999999983 0.00000000099999999983 0.00000000099999999983 0.99999998900000008906 0.00000000099999999983 0.00000000099999999983 0.00000000099999999983 0.00000000099999999983 0.00000000099999999983 0.00000000099999999983 0.00000000099999999983 0.00000000099999999983 
0.00000000099999999988 0.03786815245900301830 0.00000000099999999988 0.70926078444431372994 0.08008204116557818275 0.09151846872121059684 0.00000000099999999988 0.00000000099999999988 0.00000000099999999988 0.03893504550817204063 0.02188238328460970911 0.02045311941711292630 
0.00000000099999999982 0.00000000099999999982 0.00000000099999999982 0.00000000099999999982 0.00000000099999999982 0.00000000099999999982 0.00000000099999999982 0.00000000099999999982 0.00000000099999999982 0.00000000099999999982 0.00000000099999999982 0.99999998899999997803 
0.00000000099999999978 0.02036545017280188413 0.00000000099999999978 0.00000000099999999978 0.00000000099999999978 0.97963453982719816970 0.00000000099999999978 0.00000000099999999978 0.00000000099999999978 0.00000000099999999978 0.00000000099999999978 0.00000000099999999978 
0.00000000099999999981 0.99999998900000031110 0.00000000099999999981 0.00000000099999999981 0.00000000099999999981 0.00000000099999999981 0.00000000099999999981 0.00000000099999999981 0.00000000099999999981 0.00000000099999999981 0.00000000099999999981 0.00000000099999999981 
0.00000000099999999978 0.00000000099999999978 0.00000000099999999978 0.00000000099999999978 0.00000000099999999978 0.00000000099999999978 0.00000000099999999978 0.00000000099999999978 0.00000000099999999978 0.00000000099999999978 0.00000000099999999978 0.99999998900000008906 
0.00000000099999999953 0.00000000099999999953 0.00000000099999999953 0.00000000099999999953 0.99999998900000020008 0.00000000099999999953 0.00000000099999999953 0.00000000099999999953 0.00000000099999999953 0.00000000099999999953 0.00000000099999999953 0.00000000099999999953 
0.00000000099999999974 0.00000000099999999974 0.00000000099999999974 0.99999998900000008906 0.00000000099999999974 0.00000000099999999974 0.00000000099999999974 0.00000000099999999974 0.00000000099999999974 0.00000000099999999974 0.00000000099999999974 0.00000000099999999974 
0.00000000099999999989 0.00019708137331806433 0.00000000099999999989 0.70691239781450387891 0.00000000099999999989 0.23137680789541090198 0.00000000099999999989 0.00000000099999999989 0.00000000099999999989 0.00000000099999999989 0.05885848326504383027 0.00265522265172360612 
0.00000000099999999980 0.99999998900000031110 0.00000000099999999980 0.00000000099999999980 0.00000000099999999980 0.00000000099999999980 0.00000000099999999980 0.00000000099999999980 0.00000000099999999980 0.00000000099999999980 0.00000000099999999980 0.00000000099999999980 
