0.00000000099999999997 0.00000000099999999997 0.07613397972582836015 0.00000000099999999997 0.00000000099999999997 0.00000000099999999997 0.00000000099999999997 0.92386601427417158749 
0.00000000099999999996 0.00000000099999999996 0.12813189579542935692 0.00000000099999999996 0.00000000099999999996 0.00000000099999999996 0.00139930930665402601 0.87046878989791665049 
0.00000000099999999992 0.00000000099999999992 0.00000000099999999992 0.00000000099999999992 0.99999999300000008695 0.00000000099999999992 0.00000000099999999992 0.00000000099999999992 
0.00000000099999999994 0.00000000099999999994 0.08550803192733624769 0.00000000099999999994 0.00000000099999999994 0.00000000099999999994 0.00000000099999999994 0.91449196207266381098 
0.00000000099999999994 0.00000000099999999994 0.02156465902673124560 0.00000000099999999994 0.00000000099999999994 0.00000000099999999994 0.01307029073879714676 0.96536504523447153048 
0.00000000099999999997 0.00000000099999999997 0.00001381578465546940 0.00000000099999999997 0.00000000099999999997 0.00000000099999999997 0.01647333636643808982 0.98351284284890638787 
0.00000000099999999963 0.00000000099999999963 0.00000000099999999963 0.99999999300000008695 0.00000000099999999963 0.00000000099999999963 0.00000000099999999963 0.00000000099999999963 
0.00000000099999999986 0.00000000099999999986 0.11996770356248538658 0.00000000099999999986 0.00000000099999999986 0.00000000099999999986 0.00000000099999999986 0.88003229043751463045 
0.00000000099999999951 0.00000000099999999951 0.00000000099999999951 0.99999999300000008695 0.00000000099999999951 0.00000000099999999951 0.00000000099999999951 0.00000000099999999951 
0.00000000099999999988 0.00000000099999999988 0.18480528847346086585 0.00000000099999999988 0.00000000099999999988 0.00000000099999999988 0.00000000099999999988 0.81519470552653916506 
0.00000000099999999985 0.00000000099999999985 0.11807417847523338228 0.00000000099999999985 0.00000000099999999985 0.00000000099999999985 0.00000000099999999985 0.88192581552476656537 
0.00000000099999999993 0.00000000099999999993 0.02109791768688709657 0.00000000099999999993 0.00000000099999999993 0.00000000099999999993 0.04158314080406363272 0.93731893650904918314 
0.00000000099999999996 0.00000000099999999996 0.00021140673275492889 0.00000000099999999996 0.00000000099999999996 0.00000000099999999996 0.00021232125298014387 0.99957626701426505189 
0.00000000099999999996 0.00000000099999999996 0.00916605782060052506 0.00000000099999999996 0.00000000099999999996 0.00000000099999999996 0.00000000099999999996 0.99083393617939952147 
0.08974523961388922166 0.00000000099999999992 0.00000000099999999992 0.00000000099999999992 0.91025475438611080925 0.00000000099999999992 0.00000000099999999992 0.00000000099999999992 
0.00000000099999999988 0.00000000099999999988 0.08758857977359571501 0.00000000099999999988 0.00000000099999999988 0.00000000099999999988 0.00000000099999999988 0.91241141422640426040 
0.00000000099999999985 0.00000000099999999985 0.16272266268447738158 0.00000000099999999985 0.00000000099999999985 0.00000000099999999985 0.00587909413454098216 0.83139823818098168573 
0.00000000099999999984 0.00000000099999999984 0.07416835723596673646 0.00000000099999999984 0.00000000099999999984 0.00000000099999999984 0.24252623486712449052 0.68330540289690866462 
0.00000000099999999990 0.00000000099999999990 0.09601113897996597923 0.00000000099999999990 0.00000000099999999990 0.00000000099999999990 0.00001181928004106912 0.90397703673999296736 
0.00000000099999999936 0.00000000099999999936 0.00000000099999999936 0.00000000099999999936 0.00000000099999999936 0.00000000099999999936 0.99999999299999997593 0.00000000099999999936 
0.00000000099999999961 0.00000000099999999961 0.00000000099999999961 0.99999999300000008695 0.00000000099999999961 0.00000000099999999961 0.00000000099999999961 0.00000000099999999961 
0.00000000099999999934 0.00000000099999999934 0.00000000099999999934 0.00000000099999999934 0.00000000099999999934 0.00000000099999999934 0.99999999299999997593 0.00000000099999999934 
0.00000000099999999998 0.00887196755927908455 0.00000000099999999998 0.00000000099999999998 0.00000000099999999998 0.00122750882552704753 0.00029564855165424493 0.98960487106353955955 
0.00000000099999999950 0.00000000099999999950 0.00000000099999999950 0.99999999300000008695 0.00000000099999999950 0.00000000099999999950 0.00000000099999999950 0.00000000099999999950 
0.00000000099999999956 0.00000000099999999956 0.99999999299999997593 0.00000000099999999956 0.00000000099999999956 0.00000000099999999956 0.00000000099999999956 0.00000000099999999956 
0.00000000099999999987 0.00000000099999999987 0.12420872803295063269 0.00000000099999999987 0.00000000099999999987 0.00000000099999999987 0.00003585556004708695 0.87575541140700241538 
0.00000000099999999992 0.00000000099999999992 0.09699271207963952590 0.00000000099999999992 0.00000000099999999992 0.00000000099999999992 0.01297463720200830659 0.89003264571835227770 
0.00000000099999999977 0.00000000099999999977 0.24340565907698619164 0.00000000099999999977 0.00000000099999999977 0.00000000099999999977 0.00000000099999999977 0.75659433492301386703 
0.01583861583836496806 0.00000000099999999994 0.00000000099999999994 0.03115826486002614207 0.00000000099999999994 0.95300311430160888904 0.00000000099999999994 0.00000000099999999994 
0.00000000099999999970 0.00000000099999999970 0.00000000099999999970 0.99999999300000008695 0.00000000099999999970 0.00000000099999999970 0.00000000099999999970 0.00000000099999999970 
0.01157962177154967486 0.00000000099999999999 0.00985851279080629007 0.00000000099999999999 0.00000000099999999999 0.00000011080875468688 0.00853673583554966954 0.97002501579333966220 
0.00000000099999999994 0.00000000099999999994 0.15419031193780471933 0.12396104540387629933 0.00000000099999999994 0.00000000099999999994 0.00935130229301853882 0.71249733636530032665 
0.00978155266742051534 0.01493192599951986138 0.20258939742525622352 0.00000000099999999999 0.00000000099999999999 0.00000000099999999999 0.01450145338809892548 0.75819566751970446372 
0.00692988690856733390 0.00000000099999999998 0.15421846204442188344 0.00000000099999999998 0.00000000099999999998 0.04432294303566787497 0.02458879665476564058 0.76993990835657721838 
0.00000000099999999985 0.00000000099999999985 0.00000000099999999985 0.93706352120357672142 0.00000000099999999985 0.00000000099999999985 0.00000000099999999985 0.06293647279642335113 
0.00000000099999999988 0.00000000099999999988 0.14201388297798148153 0.00000000099999999988 0.00000000099999999988 0.00000000099999999988 0.00000000099999999988 0.85798611102201849388 
0.00000000099999999998 0.00000000099999999998 0.00322453508146239905 0.00978132387933979171 0.00000000099999999998 0.00000000099999999998 0.02778125278336074366 0.95921288425583706161 
0.00000000099999999949 0.00000000099999999949 0.99999999299999997593 0.00000000099999999949 0.00000000099999999949 0.00000000099999999949 0.00000000099999999949 0.00000000099999999949 
0.00000000099999999990 0.00000000099999999990 0.11164762339938091862 0.00000000099999999990 0.00000000099999999990 0.00000000099999999990 0.00000000099999999990 0.88835237060061900127 
0.00000000099999999997 0.00000000099999999997 0.09150574966245698938 0.25022577228193565446 0.00000000099999999997 0.00000000099999999997 0.00000020587231152761 0.65826826818329575719 
0.00000000099999999989 0.00000000099999999989 0.13431861327827912533 0.13905204946401281130 0.00000000099999999989 0.00000000099999999989 0.00707711405045617897 0.71955221920725176421 
0.00003164567631938221 0.00035923438648730467 0.09961416954816296188 0.00000000099999999997 0.00000000099999999997 0.09657472626155939877 0.00000000099999999997 0.80342022112747091267 
0.00248154100970372597 0.00000000099999999987 0.00000000099999999987 0.00000000099999999987 0.00000000099999999987 0.99751845299029617831 0.00000000099999999987 0.00000000099999999987 
0.00000000099999999996 0.00000000099999999996 0.13215722280224176388 0.00000000099999999996 0.02353128936952414429 0.00000000099999999996 0.00013394082969947049 0.84417754299853453581 
0.00000000099999999994 0.00000000099999999994 0.06264857061607292943 0.00000000099999999994 0.00000000099999999994 0.00000000099999999994 0.01148044092784147700 0.92587098345608564998 
0.00000000099999999993 0.00000000099999999993 0.04130279658700097833 0.00000000099999999993 0.00000000099999999993 0.00000000099999999993 0.00483990650796608472 0.95385729190503298902 
0.00000000099999999994 0.00000020592237374843 0.00000000099999999994 0.00000000099999999994 0.00000000099999999994 0.99999978807762635036 0.00000000099999999994 0.00000000099999999994 
0.00000000099999999993 0.00000000099999999993 0.00000000099999999993 0.00000000099999999993 0.00000000099999999993 0.99999999299999997593 0.00000000099999999993 0.00000000099999999993 
0.00000000099999999996 0.00000000099999999996 0.00000000099999999996 0.00000000099999999996 0.00000000099999999996 0.99999476852016422335 0.00000000099999999996 0.00000522547983593375 
0.53953825538544186724 0.02583104099226866956 0.00000000099999999996 0.00000000099999999996 0.00000000099999999996 0.43463069862228953522 0.00000000099999999996 0.00000000099999999996 
0.21667686347771902833 0.01067440505021126362 0.00000000099999999998 0.00000000099999999998 0.00001155823967341346 0.76010646486416511003 0.00000000099999999998 0.01253070536823117954 
0.75049546303070424624 0.00000000099999999991 0.00000000099999999991 0.00000000099999999991 0.00000000099999999991 0.24950453096929572916 0.00000000099999999991 0.00000000099999999991 
0.70620160976421486598 0.00000000099999999990 0.00000000099999999990 0.00000000099999999990 0.00000000099999999990 0.29379838423578524820 0.00000000099999999990 0.00000000099999999990 
0.29024049057578799049 0.00314050682881771752 0.01119046873231837290 0.00000000099999999997 0.00000000099999999997 0.69542852664693355358 0.00000000421614214932 0.00000000099999999997 
0.74924151893537260793 0.00000000099999999987 0.00000000099999999987 0.00000000099999999987 0.00000000099999999987 0.25075847506462745073 0.00000000099999999987 0.00000000099999999987 
0.68129160587288062345 0.00000000099999999992 0.00000000099999999992 0.00000000099999999992 0.00000000099999999992 0.31870838812711960175 0.00000000099999999992 0.00000000099999999992 
0.27396601543859100403 0.00915519708405642882 0.00000000099999999998 0.00000000099999999998 0.00000000099999999998 0.68867628681268044932 0.00504264148281431332 0.02315985618185768813 
0.70015169190866644033 0.00850434061353760526 0.00000000099999999995 0.00000000099999999995 0.00000000099999999995 0.29134396247779614786 0.00000000099999999995 0.00000000099999999995 
0.00000000099999999965 0.00000000099999999965 0.00000000099999999965 0.00000000099999999965 0.00000000099999999965 0.00000000099999999965 0.99999999299999986491 0.00000000099999999965 
0.66804314658267194282 0.00000000099999999997 0.00000000099999999997 0.00000000099999999997 0.00000000099999999997 0.32634569658959533545 0.00561115182773278855 0.00000000099999999997 
0.71790596193783184908 0.00000000099999999995 0.00000000099999999995 0.00000000099999999995 0.00000000099999999995 0.28209403206216837612 0.00000000099999999995 0.00000000099999999995 
0.69518515416377368865 0.00000000099999999996 0.00000000099999999996 0.00000000099999999996 0.00000000099999999996 0.29600518040601514480 0.00880966043021127673 0.00000000099999999996 
0.72657228465642642590 0.00000000099999999995 0.00000000099999999995 0.00000000099999999995 0.00000000099999999995 0.27342770934357374379 0.00000000099999999995 0.00000000099999999995 
0.69175497333701763125 0.00000000099999999996 0.00000000099999999996 0.00000000099999999996 0.00000000099999999996 0.30436252997612039950 0.00388249168686219306 0.00000000099999999996 
0.69953257273182156695 0.00000000099999999996 0.00000000099999999996 0.00000000099999999996 0.00178609596211481200 0.29868132630606375466 0.00000000099999999996 0.00000000099999999996 
0.00000000099999999999 0.00000000099999999999 0.00000000099999999999 0.07799109613286094034 0.00319426135682135057 0.01049845428231317886 0.01078011883055997495 0.89753606639744454299 
0.00000000099999999992 0.00000000099999999992 0.02456039223009424954 0.00000000099999999992 0.00000000099999999992 0.00000000099999999992 0.00271361232285872653 0.97272599044704710636 
0.00000000099999999981 0.00000000099999999981 0.00000000099999999981 0.00000000099999999981 0.00000000099999999981 0.00000000099999999981 0.77629347996923736552 0.22370651403076260988 
0.00000000099999999967 0.00000000099999999967 0.00000000099999999967 0.99999999299999997593 0.00000000099999999967 0.00000000099999999967 0.00000000099999999967 0.00000000099999999967 
0.00000000099999999982 0.00000000099999999982 0.99999999299999997593 0.00000000099999999982 0.00000000099999999982 0.00000000099999999982 0.00000000099999999982 0.00000000099999999982 
0.00000000099999999983 0.00000000099999999983 0.35046213494577826975 0.00000000099999999983 0.00000000099999999983 0.00000000099999999983 0.00000000099999999983 0.64953785905422156688 
0.00000000099999999943 0.00000000099999999943 0.99999999299999997593 0.00000000099999999943 0.00000000099999999943 0.00000000099999999943 0.00000000099999999943 0.00000000099999999943 
0.00000000099999999992 0.00000000099999999992 0.11898202887054575017 0.01229870473117183893 0.00000000099999999992 0.00000000099999999992 0.00000000099999999992 0.86871926139828237190 
0.00000000099999999988 0.00000000099999999988 0.09398557263496847003 0.00000000099999999988 0.00000000099999999988 0.00000000099999999988 0.00000000099999999988 0.90601442136503140823 
0.00234819408175300720 0.00000000099999999996 0.10513318776596076998 0.00000000099999999996 0.00000000099999999996 0.00000000099999999996 0.02127384904614489092 0.87124476510614146108 
0.00000000099999999935 0.00000000099999999935 0.00000000099999999935 0.00000000099999999935 0.00000000099999999935 0.00000000099999999935 0.99999999299999986491 0.00000000099999999935 
0.00000000099999999996 0.00000000099999999996 0.08562527520472704157 0.00000000099999999996 0.00000000099999999996 0.02284743549583796718 0.01916937885501720021 0.87235790644441779662 
0.00000000099999999981 0.00000000099999999981 0.12096684702794507915 0.00000000099999999981 0.00000000099999999981 0.00000000099999999981 0.00000000099999999981 0.87903314697205503503 
0.00000000099999999982 0.00000000099999999982 0.00000000099999999982 0.00000000099999999982 0.00000000099999999982 0.99999999299999997593 0.00000000099999999982 0.00000000099999999982 
0.00000000099999999989 0.00000000099999999989 0.09859162387773172387 0.00000000099999999989 0.00000000099999999989 0.00000000099999999989 0.00000000099999999989 0.90140837012226826541 
0.00000000099999999997 0.00000000099999999997 0.01440039397568777281 0.00000000099999999997 0.00000000099999999997 0.00000000099999999997 0.00000000099999999997 0.98559960002431223902 
0.00000000099999999945 0.00000000099999999945 0.99999999300000008695 0.00000000099999999945 0.00000000099999999945 0.00000000099999999945 0.00000000099999999945 0.00000000099999999945 
0.00000000099999999990 0.00000000099999999990 0.10628314942381079933 0.00000000099999999990 0.00000000099999999990 0.00000000099999999990 0.00072191588863049086 0.89299492968755866951 
0.00000000099999999983 0.00000000099999999983 0.09082271264178176651 0.00000000099999999983 0.00000000099999999983 0.00000000099999999983 0.00000000099999999983 0.90917728135821829216 
0.00000000099999999994 0.00000000099999999994 0.10474635988587745195 0.00000000099999999994 0.00000000099999999994 0.00000000099999999994 0.00000000099999999994 0.89525363411412262060 
0.00000000099999999987 0.00000000099999999987 0.07955054100794961558 0.00000000099999999987 0.00000000099999999987 0.00000000099999999987 0.02412900273760730172 0.89632045125444315126 
0.00000000099999999996 0.03262581155549310746 0.00000000099999999996 0.00000000099999999996 0.00000000099999999996 0.96737418244450679161 0.00000000099999999996 0.00000000099999999996 
0.00000000099999999957 0.00000000099999999957 0.99999999300000008695 0.00000000099999999957 0.00000000099999999957 0.00000000099999999957 0.00000000099999999957 0.00000000099999999957 
0.00000000099999999963 0.00000000099999999963 0.99999999299999997593 0.00000000099999999963 0.00000000099999999963 0.00000000099999999963 0.00000000099999999963 0.00000000099999999963 
0.00000000099999999992 0.00000000099999999992 0.04664348956003624286 0.00000000099999999992 0.00000000099999999992 0.00000000099999999992 0.00000000099999999992 0.95335650443996367009 
0.37201315159565961910 0.25563014107886877779 0.00000000099999999988 0.00000000099999999988 0.35716782140734337769 0.01518888191812828824 0.00000000099999999988 0.00000000099999999988 
0.89032089766794453300 0.00000128150590314838 0.00000000099999999990 0.00000000099999999990 0.00000000099999999990 0.10967781582615250546 0.00000000099999999990 0.00000000099999999990 
0.99998890940233053914 0.00001108459766968683 0.00000000099999999978 0.00000000099999999978 0.00000000099999999978 0.00000000099999999978 0.00000000099999999978 0.00000000099999999978 
0.00000000099999999954 0.00000000099999999954 0.00000000099999999954 0.00000000099999999954 0.99999999300000008695 0.00000000099999999954 0.00000000099999999954 0.00000000099999999954 
0.00000000099999999947 0.00000000099999999947 0.00000000099999999947 0.00000000099999999947 0.99999999299999997593 0.00000000099999999947 0.00000000099999999947 0.00000000099999999947 
0.00000000099999999985 0.00000000099999999985 0.18267722787294041198 0.00000000099999999985 0.00000000099999999985 0.00000000099999999985 0.00320194936529239740 0.81412081776176714598 
0.82522476374149933420 0.05377180324915833282 0.00000000099999999995 0.00000000099999999995 0.00000000099999999995 0.12089591132561602893 0.00010751768372637450 0.00000000099999999995 
0.59128281246872615995 0.12083656047720868487 0.00000000099999999995 0.00000000099999999995 0.03666849850721570769 0.25121212454684954674 0.00000000099999999995 0.00000000099999999995 
0.84312990042228463938 0.04174298677922196749 0.00000000099999999992 0.00000000099999999992 0.00000000099999999992 0.11512710779849337495 0.00000000099999999992 0.00000000099999999992 
0.90652708008890781066 0.00684940736532312772 0.00000000099999999986 0.00000000099999999986 0.00000000099999999986 0.08662350754576916834 0.00000000099999999986 0.00000000099999999986 
0.97661968348745509250 0.02338031051254506332 0.00000000099999999982 0.00000000099999999982 0.00000000099999999982 0.00000000099999999982 0.00000000099999999982 0.00000000099999999982 
0.00000000099999999945 0.00000000099999999945 0.00000000099999999945 0.00000000099999999945 0.99999999300000008695 0.00000000099999999945 0.00000000099999999945 0.00000000099999999945 
0.00000000099999999958 0.00000000099999999958 0.00000000099999999958 0.00000000099999999958 0.99999999299999997593 0.00000000099999999958 0.00000000099999999958 0.00000000099999999958 
0.84935428617681052454 0.02365842776555129173 0.00000000099999999992 0.00000000099999999992 0.00078611077248294872 0.12620117128515528915 0.00000000099999999992 0.00000000099999999992 
0.99999997085024494581 0.00000002314975508112 0.00000000099999999977 0.00000000099999999977 0.00000000099999999977 0.00000000099999999977 0.00000000099999999977 0.00000000099999999977 
0.76658318949048087632 0.04720237022099305763 0.00000000099999999992 0.00000000099999999992 0.00000000099999999992 0.18621443528852607563 0.00000000099999999992 0.00000000099999999992 
0.72499435971126735545 0.05222526719871412038 0.00000000099999999995 0.00000000099999999995 0.03812511413978766917 0.18465525495023077385 0.00000000099999999995 0.00000000099999999995 
0.67535495082960028679 0.05944382946299061471 0.00000000099999999995 0.00000000099999999995 0.03251168264128761337 0.23268953306612152887 0.00000000099999999995 0.00000000099999999995 
0.31577886955676753855 0.32105463771373521364 0.00000000099999999992 0.00000000099999999992 0.35190188609300937506 0.01126460263648794598 0.00000000099999999992 0.00000000099999999992 
0.60405456924890621462 0.11059742766318264584 0.00000000099999999993 0.00000000099999999993 0.04193787611334309079 0.24341012297456801616 0.00000000099999999993 0.00000000099999999993 
0.67892766554836248005 0.05024120698746028374 0.00000000099999999996 0.00000000099999999996 0.04266925999559442045 0.22816186346858305378 0.00000000099999999996 0.00000000099999999996 
0.83931691283089049360 0.03074993171207086526 0.00000000099999999992 0.00000000099999999992 0.00000000099999999992 0.12993315045703873745 0.00000000099999999992 0.00000000099999999992 
0.00000000099999999982 0.00000000099999999982 0.00000000099999999982 0.00000000099999999982 0.00000000099999999982 0.99999999299999997593 0.00000000099999999982 0.00000000099999999982 
0.30898590024961991585 0.21782537053946129935 0.00000000099999999992 0.00000000099999999992 0.36949051521619585836 0.10369820999472295631 0.00000000099999999992 0.00000000099999999992 
0.27330528805908171908 0.00000402484834672781 0.00000000099999999998 0.00000000099999999998 0.00000000099999999998 0.70028327976140547495 0.00453797721091005538 0.02186942712025593052 
0.00000000099999999984 0.00000000099999999984 0.00000000099999999984 0.00000000099999999984 0.00000000099999999984 0.99999999299999997593 0.00000000099999999984 0.00000000099999999984 
0.17519668909288815817 0.25313904127986502912 0.00000000099999999992 0.00000000099999999992 0.55301101342445058151 0.01865325220279618473 0.00000000099999999992 0.00000000099999999992 
0.47955638696496727391 0.13107558931602134034 0.00000000099999999992 0.00000000099999999992 0.33140123065348070508 0.05796678906553087707 0.00000000099999999992 0.00000000099999999992 
0.38835228433375745816 0.19479827032209395821 0.00000000099999999994 0.00000000099999999994 0.32485172814433077582 0.09199771319981789319 0.00000000099999999994 0.00000000099999999994 
0.00000000099999999992 0.01157371529229335450 0.00000000099999999992 0.00000000099999999992 0.00000000099999999992 0.98842627870770671805 0.00000000099999999992 0.00000000099999999992 
0.66832436919971893730 0.00000001317832094227 0.00000000099999999994 0.00000000099999999994 0.00000000099999999994 0.33167561262196010308 0.00000000099999999994 0.00000000099999999994 
0.03646326057011604893 0.01288356242055237709 0.00000000099999999989 0.00000000099999999989 0.00000000099999999989 0.95065317200933163733 0.00000000099999999989 0.00000000099999999989 
0.00000000099999999967 0.00000000099999999967 0.00000000099999999967 0.00000000099999999967 0.99999999300000008695 0.00000000099999999967 0.00000000099999999967 0.00000000099999999967 
0.11597629991581848152 0.26913863680100857945 0.00000000099999999992 0.00000000099999999992 0.60982956749829886345 0.00505549178487396320 0.00000000099999999992 0.00000000099999999992 
0.20110380141972700185 0.04266116123874455490 0.00000000099999999998 0.00000000099999999998 0.01304420709259214266 0.72909083729132917462 0.00000000099999999998 0.01409998995760713449 
0.32414779408308408426 0.19561116655076440929 0.00000000099999999996 0.00000000099999999996 0.39291315379386859696 0.08732788157228288384 0.00000000099999999996 0.00000000099999999996 
0.31867401827014957272 0.22395696845258822316 0.00000000099999999991 0.00000000099999999991 0.38863010711196416258 0.06873890216529798813 0.00000000099999999991 0.00000000099999999991 
0.99476191822386006436 0.00523807577614003768 0.00000000099999999984 0.00000000099999999984 0.00000000099999999984 0.00000000099999999984 0.00000000099999999984 0.00000000099999999984 
0.00000000099999999982 0.00000000099999999982 0.00000000099999999982 0.00000000099999999982 0.99999999300000008695 0.00000000099999999982 0.00000000099999999982 0.00000000099999999982 
0.00000000099999999965 0.00000000099999999965 0.00000000099999999965 0.00000000099999999965 0.99999999300000008695 0.00000000099999999965 0.00000000099999999965 0.00000000099999999965 
0.00000000099999999971 0.00000000099999999971 0.00000000099999999971 0.00000000099999999971 0.99999999299999997593 0.00000000099999999971 0.00000000099999999971 0.00000000099999999971 
0.28777654693152765475 0.20358670903985473521 0.00000000099999999992 0.00000000099999999992 0.44259221997533326753 0.06604452005328424746 0.00000000099999999992 0.00000000099999999992 
0.26807323776447333774 0.19664775909926904274 0.00000000099999999995 0.00000000099999999995 0.41865381217023028837 0.11662518696602723611 0.00000000099999999995 0.00000000099999999995 
0.87334020046939220272 0.03682602672077107259 0.00000000099999999991 0.00000000099999999991 0.00000000099999999991 0.08983376780983683141 0.00000000099999999991 0.00000000099999999991 
0.36302843159116432448 0.19341471732732992694 0.00000000099999999991 0.00000000099999999991 0.36624134405568636863 0.07731550302581935430 0.00000000099999999991 0.00000000099999999991 
0.37404076675069036773 0.17478406142062263839 0.00000000099999999992 0.00000000099999999992 0.34781416169394480109 0.10336100613474220877 0.00000000099999999992 0.00000000099999999992 
0.00000000099999999989 0.00000000099999999989 0.00000000099999999989 0.00000000099999999989 0.00000000099999999989 0.99999999299999997593 0.00000000099999999989 0.00000000099999999989 
0.99998638773683234948 0.00001360626316788211 0.00000000099999999984 0.00000000099999999984 0.00000000099999999984 0.00000000099999999984 0.00000000099999999984 0.00000000099999999984 
0.69462440438615780103 0.00000000099999999993 0.00000000099999999993 0.00000000099999999993 0.00000000099999999993 0.30537558961384247969 0.00000000099999999993 0.00000000099999999993 
0.00000000099999999986 0.00000000099999999986 0.00000000099999999986 0.00000000099999999986 0.00000000099999999986 0.99999999299999997593 0.00000000099999999986 0.00000000099999999986 
0.00000000099999999970 0.00000000099999999970 0.00000000099999999970 0.00000000099999999970 0.99999999300000008695 0.00000000099999999970 0.00000000099999999970 0.00000000099999999970 
0.31679937959570625416 0.27415162776860813043 0.00000000099999999990 0.00000000099999999990 0.39071431035134995824 0.01833467828433570784 0.00000000099999999990 0.00000000099999999990 
0.49824426807371674508 0.09704111585717289934 0.00000000099999999994 0.00000000099999999994 0.27489470836752344374 0.12981990370158696946 0.00000000099999999994 0.00000000099999999994 
0.68408336401511649072 0.00000000099999999992 0.00000000099999999992 0.00000000099999999992 0.00000000099999999992 0.31591662998488373448 0.00000000099999999992 0.00000000099999999992 
0.55312340798766335137 0.02251915542062144643 0.00000000099999999997 0.00000000099999999997 0.00000000099999999997 0.42435743159171529504 0.00000000099999999997 0.00000000099999999997 
0.00000000099999999979 0.00000000099999999979 0.00000000099999999979 0.00000000099999999979 0.99999999300000008695 0.00000000099999999979 0.00000000099999999979 0.00000000099999999979 
0.21661471997155493097 0.22197319861342010294 0.00000000099999999991 0.00000000099999999991 0.53008332912359679145 0.03132874829142815593 0.00000000099999999991 0.00000000099999999991 
0.00000000099999999978 0.00000000099999999978 0.06184854158368006255 0.00000000099999999978 0.00000000099999999978 0.00000000099999999978 0.75954285964164702794 0.17860859377467286357 
0.00000000099999999993 0.00000000099999999993 0.10746319993223481248 0.00000000099999999993 0.00000000099999999993 0.00000000099999999993 0.00000000099999999993 0.89253679406776531557 
0.00000000099999999949 0.00000000099999999949 0.00000000099999999949 0.00000000099999999949 0.00000000099999999949 0.00000000099999999949 0.99999999299999997593 0.00000000099999999949 
0.32564079971153819804 0.25385516801420859867 0.00000000099999999991 0.00000000099999999991 0.39389210926636331056 0.02661191900789000239 0.00000000099999999991 0.00000000099999999991 
0.00000000099999999988 0.00000000099999999988 0.12091318824287412836 0.00000000099999999988 0.00000000099999999988 0.00000000099999999988 0.00000000099999999988 0.87908680575712583316 
0.00000000099999999997 0.00000000099999999997 0.03481894908207380096 0.00000000099999999997 0.00000000099999999997 0.00000000099999999997 0.00692916989859217874 0.95825187601933403680 
0.27865800376104721270 0.31022248445043110188 0.00000000099999999990 0.00000000099999999990 0.41047089803439240630 0.00064860975412921369 0.00000000099999999990 0.00000000099999999990 
0.00000000099999999954 0.00000000099999999954 0.00000000099999999954 0.99999999300000008695 0.00000000099999999954 0.00000000099999999954 0.00000000099999999954 0.00000000099999999954 
0.00000000099999999996 0.00000000099999999996 0.00000000099999999996 0.00000000099999999996 0.00000000099999999996 0.00000000099999999996 0.00092735273911866113 0.99907264126088124456 
0.61569684280330361226 0.00000000099999999992 0.00000000099999999992 0.00000000099999999992 0.00000000099999999992 0.38430315119669661295 0.00000000099999999992 0.00000000099999999992 
0.27870075378809316957 0.30107381625495771571 0.00000000099999999990 0.00000000099999999990 0.36508942167346797314 0.05513600428348119920 0.00000000099999999990 0.00000000099999999990 
0.63515117591772918271 0.00000000099999999993 0.00000000099999999993 0.00000000099999999993 0.00000000099999999993 0.36484881808227093147 0.00000000099999999993 0.00000000099999999993 
0.40074764602043139172 0.21707437008791793942 0.00000000099999999988 0.00000000099999999988 0.38217797889165072700 0.00000000099999999988 0.00000000099999999988 0.00000000099999999988 
0.55164510806594624359 0.00846094794916303454 0.00000000099999999996 0.00000000099999999996 0.00000000099999999996 0.43662815146983452452 0.00326578851505638463 0.00000000099999999996 
0.00000000099999999992 0.00000000099999999992 0.01298856271316158918 0.00000000099999999992 0.00000000099999999992 0.00000000099999999992 0.00000000099999999992 0.98701143128683854755 
0.00000000099999999987 0.00000000099999999987 0.18556139962662768217 0.00000000099999999987 0.00000000099999999987 0.00000000099999999987 0.01045037725904079083 0.80398821811433152096 
0.67315004219071605807 0.00000000099999999993 0.00000000099999999993 0.00000000099999999993 0.00940389171873801458 0.31744606109054612775 0.00000000099999999993 0.00000000099999999993 
0.60720273548405934161 0.00000000099999999991 0.00000000099999999991 0.00000000099999999991 0.00000000099999999991 0.39279725851594093911 0.00000000099999999991 0.00000000099999999991 
0.00000000099999999970 0.00000000099999999970 0.00000000099999999970 0.99999999300000008695 0.00000000099999999970 0.00000000099999999970 0.00000000099999999970 0.00000000099999999970 
0.43128167147965629225 0.24054895676345841582 0.00000000099999999987 0.00000000099999999987 0.32816405750270882802 0.00000531025417658159 0.00000000099999999987 0.00000000099999999987 
0.00000000099999999994 0.00000000099999999994 0.00000000099999999994 0.00000000099999999994 0.00000000099999999994 0.99999999299999997593 0.00000000099999999994 0.00000000099999999994 
0.00883101216697317927 0.00000000099999999999 0.00000000099999999999 0.00000000099999999999 0.00000000099999999999 0.98441924030577276916 0.00007108369526821589 0.00667865983198586907 
0.00000000099999999995 0.00000000099999999995 0.00000000099999999995 0.00000000099999999995 0.00000000099999999995 0.99999999299999997593 0.00000000099999999995 0.00000000099999999995 
0.00207752440766326195 0.00000004246594848451 0.00023312411342596038 0.00000000099999999999 0.00000000099999999999 0.99623697443882064384 0.00000000099999999999 0.00145233157414160910 
0.00000000099999999984 0.00000000099999999984 0.20336588368764818568 0.00000000099999999984 0.00000000099999999984 0.00000000099999999984 0.00730021346703727415 0.78933389784531460265 
0.06197738729792605372 0.93802260670207404658 0.00000000099999999983 0.00000000099999999983 0.00000000099999999983 0.00000000099999999983 0.00000000099999999983 0.00000000099999999983 
0.00000000099999999995 0.00000000099999999995 0.01301007319131503547 0.00000000099999999995 0.00000000099999999995 0.00000000099999999995 0.00000000099999999995 0.98698992080868497290 
0.00000000099999999981 0.00000000099999999981 0.18790855987036400587 0.00000000099999999981 0.00000000099999999981 0.00000000099999999981 0.01085807967476371677 0.80123335545487228693 
0.00000000099999999988 0.00000000099999999988 0.12001500522043924424 0.00000000099999999988 0.00000000099999999988 0.00000000099999999988 0.00000000099999999988 0.87998498877956077280 
0.00000000099999999997 0.00000000099999999997 0.04832715544322059575 0.00000000099999999997 0.00000000099999999997 0.00000000099999999997 0.00000000099999999997 0.95167283855677931026 
0.00000000099999999980 0.00000000099999999980 0.00000000099999999980 0.00000000099999999980 0.00000000099999999980 0.99999999299999997593 0.00000000099999999980 0.00000000099999999980 
0.00000000099999999997 0.00000000099999999997 0.00204399813041003043 0.00000000099999999997 0.00000000099999999997 0.01228749084453167190 0.01551671477757288892 0.97015179224748537834 
0.00000000099999999985 0.00000000099999999985 0.00000000099999999985 0.00000000099999999985 0.00000000099999999985 0.99999999299999997593 0.00000000099999999985 0.00000000099999999985 
0.00000000099999999951 0.00000000099999999951 0.99999999300000008695 0.00000000099999999951 0.00000000099999999951 0.00000000099999999951 0.00000000099999999951 0.00000000099999999951 
0.00000000099999999987 0.00000000099999999987 0.18036136153437756779 0.00000000099999999987 0.00000000099999999987 0.00000000099999999987 0.00000000099999999987 0.81963863246562229659 
0.00000000099999999948 0.00000000099999999948 0.99999999300000008695 0.00000000099999999948 0.00000000099999999948 0.00000000099999999948 0.00000000099999999948 0.00000000099999999948 
0.01816573065702079687 0.00000000099999999981 0.00000000099999999981 0.00000000099999999981 0.00000000099999999981 0.98183426334297929650 0.00000000099999999981 0.00000000099999999981 
0.00000000099999999983 0.00000000099999999983 0.16642837097772161803 0.00000000099999999983 0.00000000099999999983 0.00000000099999999983 0.00000000099999999983 0.83357162302227827411 
0.00000000099999999995 0.00000000099999999995 0.02535269381778540443 0.00000000099999999995 0.00000000099999999995 0.00000000099999999995 0.00000000099999999995 0.97464730018221468200 
0.00000000099999999987 0.00000000099999999987 0.11717645722149711007 0.00000000099999999987 0.00000000099999999987 0.00000000099999999987 0.00000000099999999987 0.88282353677850289309 
0.00000000099999999989 0.00000000099999999989 0.14878532896668811292 0.00000000099999999989 0.00000000099999999989 0.00000000099999999989 0.00000000099999999989 0.85121466503331189024 
0.00000000099999999971 0.00000000099999999971 0.00000000099999999971 0.99999999299999997593 0.00000000099999999971 0.00000000099999999971 0.00000000099999999971 0.00000000099999999971 
0.00000000099999999988 0.00000000099999999988 0.14907756832668647706 0.00000000099999999988 0.00000000099999999988 0.00000000099999999988 0.00851417609725488647 0.84240825057605861481 
0.00000000099999999989 0.00000000099999999989 0.14408570703691866988 0.00000000099999999989 0.00000000099999999989 0.00000000099999999989 0.00000000099999999989 0.85591428696308136104 
0.00000000099999999974 0.00000000099999999974 0.00000000099999999974 0.99999999300000008695 0.00000000099999999974 0.00000000099999999974 0.00000000099999999974 0.00000000099999999974 
0.00000000099999999992 0.00000000099999999992 0.14837379725568250466 0.00000000099999999992 0.00000000099999999992 0.00000000099999999992 0.00833194003093704061 0.84329425771338040185 
0.00000000099999999980 0.00000000099999999980 0.00000000099999999980 0.00000000099999999980 0.00000000099999999980 0.99999999300000008695 0.00000000099999999980 0.00000000099999999980 
0.00000000099999999988 0.00000000099999999988 0.00000000099999999988 0.00000000099999999988 0.00000000099999999988 0.99999999299999997593 0.00000000099999999988 0.00000000099999999988 
0.00000000099999999983 0.00000000099999999983 0.00000000099999999983 0.00000000099999999983 0.00000000099999999983 0.99999999299999997593 0.00000000099999999983 0.00000000099999999983 
0.00000000099999999982 0.00000000099999999982 0.00000000099999999982 0.00000000099999999982 0.00000000099999999982 0.99999999300000008695 0.00000000099999999982 0.00000000099999999982 
0.00000000099999999986 0.00000000147849543158 0.00000000099999999986 0.00000000099999999986 0.00000000099999999986 0.99999999252150462148 0.00000000099999999986 0.00000000099999999986 
0.00000000099999999985 0.00000000099999999985 0.00000000099999999985 0.00000000099999999985 0.00000000099999999985 0.99999999299999997593 0.00000000099999999985 0.00000000099999999985 
0.00000000099999999984 0.00000000099999999984 0.00000000099999999984 0.00000000099999999984 0.00000000099999999984 0.99999999299999997593 0.00000000099999999984 0.00000000099999999984 
0.00000000099999999980 0.00000000099999999980 0.00000000099999999980 0.00000000099999999980 0.00000000099999999980 0.99999999300000008695 0.00000000099999999980 0.00000000099999999980 
0.00000000099999999982 0.00000000099999999982 0.13904755111189176509 0.00000000099999999982 0.00000000099999999982 0.00000000099999999982 0.00000000099999999982 0.86095244288810834909 
0.00000000099999999927 0.00000000099999999927 0.00000000099999999927 0.00000000099999999927 0.00000000099999999927 0.00000000099999999927 0.99999999299999986491 0.00000000099999999927 
0.00000000099999999994 0.00000000099999999994 0.08851853739077820971 0.00000000099999999994 0.00000000099999999994 0.00000000099999999994 0.00000000099999999994 0.91148145660922175182 
0.92044842933977677468 0.07955156466022349215 0.00000000099999999989 0.00000000099999999989 0.00000000099999999989 0.00000000099999999989 0.00000000099999999989 0.00000000099999999989 
0.04487896409486363813 0.95512102990513658707 0.00000000099999999984 0.00000000099999999984 0.00000000099999999984 0.00000000099999999984 0.00000000099999999984 0.00000000099999999984 
0.00000000099999999992 0.00000000099999999992 0.00758475071000556077 0.00000000099999999992 0.00000000099999999992 0.00000000099999999992 0.00005565616769718457 0.99235958812229718706 
0.98838258457228933551 0.01161740942771073357 0.00000000099999999988 0.00000000099999999988 0.00000000099999999988 0.00000000099999999988 0.00000000099999999988 0.00000000099999999988 
0.00000000099999999999 0.00166108703579092242 0.00000000099999999999 0.00791721438388307344 0.00000000099999999999 0.03349690143643838797 0.01177034548283239709 0.94515444866105524646 
0.97027358619812986706 0.02972640780187027140 0.00000000099999999985 0.00000000099999999985 0.00000000099999999985 0.00000000099999999985 0.00000000099999999985 0.00000000099999999985 
0.00000000099999999983 0.00000000099999999983 0.00000000099999999983 0.00000000099999999983 0.00000000099999999983 0.99999999300000008695 0.00000000099999999983 0.00000000099999999983 
0.96324764909866766871 0.03675234490133233445 0.00000000099999999984 0.00000000099999999984 0.00000000099999999984 0.00000000099999999984 0.00000000099999999984 0.00000000099999999984 
0.99999999300000019797 0.00000000099999999987 0.00000000099999999987 0.00000000099999999987 0.00000000099999999987 0.00000000099999999987 0.00000000099999999987 0.00000000099999999987 
0.99999998068325601785 0.00000001331674418065 0.00000000099999999980 0.00000000099999999980 0.00000000099999999980 0.00000000099999999980 0.00000000099999999980 0.00000000099999999980 
0.00000000099999999990 0.99999999300000008695 0.00000000099999999990 0.00000000099999999990 0.00000000099999999990 0.00000000099999999990 0.00000000099999999990 0.00000000099999999990 
0.99959298028487042487 0.00040701371512958740 0.00000000099999999982 0.00000000099999999982 0.00000000099999999982 0.00000000099999999982 0.00000000099999999982 0.00000000099999999982 
