0.00000000099999999996 0.91605755076647255031 0.00000000099999999996 0.00000000099999999996 0.00000000099999999996 0.08394244123352749554 0.00000000099999999996 0.00000000099999999996 0.00000000099999999996 0.00000000099999999996 
0.00000000099999999996 0.86042006460802544776 0.00000000099999999996 0.00000000099999999996 0.00000000099999999996 0.13748870209497915384 0.00000000099999999996 0.00000000099999999996 0.00000000099999999996 0.00209122629699563540 
0.00000000099999999991 0.00000000099999999991 0.00000000099999999991 0.99999999063688316259 0.00000000136311681396 0.00000000099999999991 0.00000000099999999991 0.00000000099999999991 0.00000000099999999991 0.00000000099999999991 
0.00000000099999999994 0.90803261727766904077 0.00000000099999999994 0.00000000099999999994 0.00000000099999999994 0.08869627314508911342 0.00000000099999999994 0.00000000099999999994 0.00327110257724203988 0.00000000099999999994 
0.00000000099999999989 0.94367376636347277685 0.00000000099999999989 0.00000000099999999989 0.00000000099999999989 0.02316632768253408872 0.00000000099999999989 0.00000000099999999989 0.02108802684462503241 0.01207187310936842436 
0.00000000099999999993 0.96069063141152877261 0.00000000099999999993 0.00000000099999999993 0.00000000099999999993 0.00116470521581458109 0.00000000099999999993 0.00000000099999999993 0.02241609078447757628 0.01572856658817919917 
0.00000000099999999979 0.88145961138752515485 0.00000000099999999979 0.00000000099999999979 0.00000000099999999979 0.11854038061247497426 0.00000000099999999979 0.00000000099999999979 0.00000000099999999979 0.00000000099999999979 
0.00000000099999999983 0.80819979866325475371 0.00000000099999999983 0.00000000099999999983 0.00000000099999999983 0.19180019087787072984 0.00000000099999999983 0.00000000099999999983 0.00000000099999999983 0.00000000345887475245 
0.00000000099999999979 0.86840398723292799854 0.00000000099999999979 0.00000000099999999979 0.00000000099999999979 0.13159600476707228323 0.00000000099999999979 0.00000000099999999979 0.00000000099999999979 0.00000000099999999979 
0.00000000099999999990 0.94040980437321408658 0.00000000099999999990 0.00000000099999999990 0.00000000099999999990 0.01270776318091291525 0.00000000099999999990 0.00000000099999999990 0.00000000099999999990 0.04688242544587321869 
0.00000000099999999995 0.99356489290077321108 0.00000000099999999995 0.00000000099999999995 0.00000000099999999995 0.00000677321878978499 0.00000000099999999995 0.00000000099999999995 0.00633148353405581059 0.00009684434638122513 
0.00000000099999999992 0.97071115691829179539 0.00000000099999999992 0.00000000099999999992 0.00000000099999999992 0.00245273359519282115 0.00000000099999999992 0.00000000099999999992 0.02683610248651547431 0.00000000099999999992 
0.00000000099999999990 0.00000000099999999990 0.00000000099999999990 0.91077513063338477739 0.08922486136661524070 0.00000000099999999990 0.00000000099999999990 0.00000000099999999990 0.00000000099999999990 0.00000000099999999990 
0.00000000099999999984 0.90587765336433179186 0.00000000099999999984 0.00000000099999999984 0.00000000099999999984 0.09412233863566842051 0.00000000099999999984 0.00000000099999999984 0.00000000099999999984 0.00000000099999999984 
0.00000000099999999979 0.82230609152788314287 0.00000000099999999979 0.00000000099999999979 0.00000000099999999979 0.17221198689000410953 0.00000000099999999979 0.00000000099999999979 0.00000000099999999979 0.00548191458211285884 
0.00000000099999999978 0.66951381498175210893 0.00000000099999999978 0.00000000099999999978 0.00000000099999999978 0.08027343986058403658 0.00000000099999999978 0.00000000099999999978 0.00000000099999999978 0.25021273815766398307 
0.00000000099999999985 0.89685277976765875874 0.00000000099999999985 0.00000000099999999985 0.00000000099999999985 0.10314718621814403243 0.00000000099999999985 0.00000000099999999985 0.00000000099999999985 0.00000002701419747862 
0.00000000099999999914 0.00000000099999999914 0.00000000099999999914 0.00000000099999999914 0.00000000099999999914 0.00000000099999999914 0.00000000099999999914 0.00000000099999999914 0.00000000099999999914 0.99999999099999992147 
0.00000000099999999911 0.00000000099999999911 0.00000000099999999911 0.00000000099999999911 0.00000000099999999911 0.00000000099999999911 0.00000000099999999911 0.00000000099999999911 0.00000000099999999911 0.99999999100000003249 
0.00000000459641883995 0.97756131644538191150 0.00000200693112445583 0.00000000099999999999 0.00000000099999999999 0.00000036388524530314 0.00000000099999999999 0.00000002283736698684 0.01916909899504607231 0.00326718330941654176 
0.00000000099999999941 0.00000000099999999941 0.00000000099999999941 0.00000000099999999941 0.00000000099999999941 0.99999999100000014352 0.00000000099999999941 0.00000000099999999941 0.00000000099999999941 0.00000000099999999941 
0.00000000099999999981 0.85766908582336209843 0.00000000099999999981 0.00000000099999999981 0.00000000099999999981 0.13726245439685780259 0.00000000099999999981 0.00000000099999999981 0.00000000099999999981 0.00506845277978023364 
0.00000000099999999988 0.85016835526303080606 0.00000000099999999988 0.00000000099999999988 0.00000000099999999988 0.10738876345745253238 0.00000000099999999988 0.00000000099999999988 0.02596183812621713841 0.01648103715329974836 
0.00000000099999999968 0.74520513888185002660 0.00000000099999999968 0.00000000099999999968 0.00000000099999999968 0.25479485311815019966 0.00000000099999999968 0.00000000099999999968 0.00000000099999999968 0.00000000099999999968 
0.04378706188398728133 0.00000000099999999997 0.00000000099999999997 0.00000000099999999997 0.00350971071364319020 0.00000000099999999997 0.00000002038502649098 0.93962033054395510678 0.00000000099999999997 0.01308287147338791333 
0.00000000099999999998 0.97293963882290701584 0.00000000099999999998 0.00000000099999999998 0.01113355788111196863 0.00476684608881508369 0.00000000099999999998 0.00000000099999999998 0.00007713239355233427 0.01108281981361361294 
0.00000000099999999998 0.75420815216485470600 0.00000000099999999998 0.02849791042849578529 0.00000000099999999998 0.17863182334281879626 0.00000000099999999998 0.00434092647559986087 0.00000000099999999998 0.03432118258823116386 
0.00000000099999999998 0.74309654509949207846 0.01052404797290905705 0.00000000099999999998 0.01389030909899250862 0.21138889395468996035 0.00000000219120273521 0.00000000099999999998 0.00000000099999999998 0.02110019768271388652 
0.00000000099999999987 0.72479808125491873572 0.00000000099999999987 0.00000000099999999987 0.00000000099999999987 0.16041540538799595184 0.00000000099999999987 0.00000000099999999987 0.10112341644284392195 0.01366309091424139713 
0.00000000099999999982 0.84946226112099187944 0.00000000099999999982 0.00000000099999999982 0.00000000099999999982 0.15053773087900829131 0.00000000099999999982 0.00000000099999999982 0.00000000099999999982 0.00000000099999999982 
0.00000000099999999995 0.94159363760926229059 0.00000000099999999995 0.00000000099999999995 0.00000000099999999995 0.01292426869279058796 0.00000000099999999995 0.00000000099999999995 0.01435389878909124929 0.03112818890885596032 
0.00000000099999999929 0.00000000099999999929 0.00000000099999999929 0.00000000099999999929 0.00000000099999999929 0.99999999100000014352 0.00000000099999999929 0.00000000099999999929 0.00000000099999999929 0.00000000099999999929 
0.00000000099999999988 0.88251149236667958409 0.00000000099999999988 0.00000000099999999988 0.00000000099999999988 0.11748849963332055890 0.00000000099999999988 0.00000000099999999988 0.00000000099999999988 0.00000000099999999988 
0.00000000100000000000 0.78481011005011813708 0.00000002214520051436 0.06603859588482878518 0.00000000100000000000 0.11166007787045519051 0.00000000100000000000 0.00184800976801578515 0.00000042208414339746 0.03564275919723833286 
0.00000000099999999996 0.76727801331860079337 0.00000000099999999996 0.03206356067813326272 0.00000000099999999996 0.16184231243695332281 0.00000000099999999996 0.00000000099999999996 0.00003091829966693899 0.03878519026664577901 
0.08226801610099331030 0.78961840853436771059 0.00000000099999999998 0.00000000099999999998 0.00000000099999999998 0.10847947307217355173 0.01224257793001379789 0.00596073771557955375 0.00143078264687222833 0.00000000099999999998 
0.00000000099999999984 0.00000000099999999984 0.00000000099999999984 0.00000000099999999984 0.00000000099999999984 0.00000000099999999984 0.00000000099999999984 0.99999999100000003249 0.00000000099999999984 0.00000000099999999984 
0.00000000099999999994 0.83277211826244812443 0.00000000099999999994 0.02240778268164770812 0.00000000099999999994 0.13412701874576918315 0.00000000099999999994 0.00000000099999999994 0.00000000099999999994 0.01069307431013524941 
0.00000000099999999989 0.89027818208262321509 0.00000000099999999989 0.00000000099999999989 0.00000000099999999989 0.07083131756421624792 0.00000000099999999989 0.00000000099999999989 0.03024666175131986157 0.00864383260184081216 
0.00000000099999999990 0.93571662073654826575 0.00000000099999999990 0.00000000099999999990 0.00000000099999999990 0.04410766753685504971 0.00000000099999999990 0.00000000099999999990 0.01240134219488147477 0.00777436353171554254 
0.00000000117386280930 0.00000000099999999993 0.00000000099999999993 0.00000000099999999993 0.00000000099999999993 0.00000000099999999993 0.00000000099999999993 0.99999999082613721946 0.00000000099999999993 0.00000000099999999993 
0.99999999100000014352 0.00000000099999999983 0.00000000099999999983 0.00000000099999999983 0.00000000099999999983 0.00000000099999999983 0.00000000099999999983 0.00000000099999999983 0.00000000099999999983 0.00000000099999999983 
0.99999999100000014352 0.00000000099999999985 0.00000000099999999985 0.00000000099999999985 0.00000000099999999985 0.00000000099999999985 0.00000000099999999985 0.00000000099999999985 0.00000000099999999985 0.00000000099999999985 
0.12791986118199857869 0.00000000099999999997 0.03676188635110994030 0.00000000099999999997 0.27238386702851458132 0.00000000099999999997 0.37452239515052426766 0.18340636939090820823 0.00500561689694435218 0.00000000099999999997 
0.38693495201357186453 0.00000000099999999999 0.02635921331902424739 0.00110540610322903748 0.07899932664647464631 0.00000000099999999999 0.18888053387756142953 0.28749034692318903295 0.03023021811694959551 0.00000000099999999999 
0.00000000099999999984 0.00000000099999999984 0.00000000099999999984 0.00000000099999999984 0.10391537174191874116 0.00000000099999999984 0.89608462025808122142 0.00000000099999999984 0.00000000099999999984 0.00000000099999999984 
0.00000000099999999981 0.00000000099999999981 0.00000000099999999981 0.00000000099999999981 0.00000000099999999981 0.00000000099999999981 0.99999999100000003249 0.00000000099999999981 0.00000000099999999981 0.00000000099999999981 
0.32048411224920869689 0.00000000099999999998 0.01522541361071992443 0.00000000099999999998 0.14975930761042696715 0.00254609822936877192 0.17674276324198257004 0.30528842118926324822 0.02995388086902972535 0.00000000099999999998 
0.00000000099999999975 0.00000000099999999975 0.00000000099999999975 0.00000000099999999975 0.00000000099999999975 0.00000000099999999975 0.99999999100000003249 0.00000000099999999975 0.00000000099999999975 0.00000000099999999975 
0.00000000099999999988 0.00000000099999999988 0.00000000099999999988 0.00000000099999999988 0.00000000099999999988 0.00000000099999999988 0.99999999100000003249 0.00000000099999999988 0.00000000099999999988 0.00000000099999999988 
0.26564386279422375070 0.01365554395050007884 0.00142228733837257014 0.00000000099999999999 0.19081268576451143604 0.00000000099999999999 0.12946854598853124729 0.36024855436570674128 0.03088635005369233869 0.00786216774446170559 
0.00000080910989540921 0.00000000099999999995 0.01093414997653682774 0.00000000099999999995 0.25027119391792235215 0.00000000099999999995 0.65652783602638531413 0.08226600596926020303 0.00000000099999999995 0.00000000099999999995 
0.00000000099999999954 0.00000000099999999954 0.00000000099999999954 0.00000000099999999954 0.00000000099999999954 0.00000000099999999954 0.00000000099999999954 0.00000000099999999954 0.00000000099999999954 0.99999999099999992147 
0.00000000099999999984 0.00000000099999999984 0.00000000099999999984 0.00000000099999999984 0.00000000099999999984 0.00000000099999999984 0.99999999100000003249 0.00000000099999999984 0.00000000099999999984 0.00000000099999999984 
0.00000000099999999979 0.00000000099999999979 0.00000000099999999979 0.00000000099999999979 0.00000000099999999979 0.00000000099999999979 0.99999999100000003249 0.00000000099999999979 0.00000000099999999979 0.00000000099999999979 
0.00000000099999999981 0.00000000099999999981 0.00000000099999999981 0.00000000099999999981 0.00000000099999999981 0.00000000099999999981 0.99999999099999992147 0.00000000099999999981 0.00000000099999999981 0.00000000099999999981 
0.00000000099999999983 0.00000000099999999983 0.00000000099999999983 0.00000000099999999983 0.00000000099999999983 0.00000000099999999983 0.99999999099999992147 0.00000000099999999983 0.00000000099999999983 0.00000000099999999983 
0.00000000099999999981 0.00000000099999999981 0.00000000099999999981 0.00000000099999999981 0.00000000099999999981 0.00000000099999999981 0.99999999099999992147 0.00000000099999999981 0.00000000099999999981 0.00000000099999999981 
0.00000000099999999983 0.00000000099999999983 0.00000000099999999983 0.00000000099999999983 0.00000000099999999983 0.00000000099999999983 0.99999999100000003249 0.00000000099999999983 0.00000000099999999983 0.00000000099999999983 
0.00000001294458585664 0.93644648552505882488 0.00000000099999999999 0.02325101532610678728 0.00000000099999999999 0.00000000099999999999 0.00000000099999999999 0.00408585041228952481 0.01521905924911750620 0.02099757254284181571 
0.00000000099999999989 0.94893618387357758781 0.00000000099999999989 0.00000000099999999989 0.00000000099999999989 0.02873915413999411639 0.00000000099999999989 0.00000000099999999989 0.01445712115025956854 0.00786753483616899237 
0.00000000099999999971 0.21984225151361533324 0.00000000099999999971 0.00000000099999999971 0.00000000099999999971 0.00000000099999999971 0.00000000099999999971 0.00000000099999999971 0.00000000099999999971 0.78015774048638464322 
0.00000000099999999980 0.00000000099999999980 0.00000000099999999980 0.00000000099999999980 0.00000000099999999980 0.99999999100000003249 0.00000000099999999980 0.00000000099999999980 0.00000000099999999980 0.00000000099999999980 
0.00000000099999999975 0.64303473860180460075 0.00000000099999999975 0.00000000099999999975 0.00000000099999999975 0.35696525339819556999 0.00000000099999999975 0.00000000099999999975 0.00000000099999999975 0.00000000099999999975 
0.00000000099999999922 0.00000000099999999922 0.00000000099999999922 0.00000000099999999922 0.00000000099999999922 0.99999999100000003249 0.00000000099999999922 0.00000000099999999922 0.00000000099999999922 0.00000000099999999922 
0.00000000099999999987 0.87595622037806153415 0.00000000099999999987 0.00000000099999999987 0.00000000099999999987 0.12404377162193863660 0.00000000099999999987 0.00000000099999999987 0.00000000099999999987 0.00000000099999999987 
0.00000000099999999981 0.90124416947619967466 0.00000000099999999981 0.00000000099999999981 0.00000000099999999981 0.09875582252380049608 0.00000000099999999981 0.00000000099999999981 0.00000000099999999981 0.00000000099999999981 
0.00000000099999999990 0.82987699182839858025 0.00000000099999999990 0.00000000099999999990 0.00000000099999999990 0.10892663604004976241 0.00000000099999999990 0.00000000099999999990 0.04394941755592504662 0.01724694857562691225 
0.00000000099999999912 0.00000000099999999912 0.00000000099999999912 0.00000000099999999912 0.00000000099999999912 0.00000000099999999912 0.00000000099999999912 0.00000000099999999912 0.00000000099999999912 0.99999999099999992147 
0.01163642673368388281 0.85453739435858833140 0.00000000099999999997 0.00000000099999999997 0.00011127374511024231 0.09006467192771068497 0.00000000099999999997 0.00090035510352156820 0.02593574859295999513 0.01681412653842523711 
0.00000000099999999972 0.86896404952183492476 0.00000000099999999972 0.00000000099999999972 0.00000000099999999972 0.13103594247816516272 0.00000000099999999972 0.00000000099999999972 0.00000000099999999972 0.00000000099999999972 
0.00000000099999999982 0.00000000099999999982 0.00000000099999999982 0.00000000099999999982 0.00000000099999999982 0.00000000099999999982 0.00000000099999999982 0.99999999099999992147 0.00000000099999999982 0.00000000099999999982 
0.00000000099999999985 0.88436645618944020875 0.00000000099999999985 0.00000000099999999985 0.00000000099999999985 0.11563353581056004526 0.00000000099999999985 0.00000000099999999985 0.00000000099999999985 0.00000000099999999985 
0.00000000099999999996 0.97106133292405383273 0.00000000099999999996 0.00000000099999999996 0.00000000099999999996 0.01479267077935419485 0.00000000099999999996 0.00000000099999999996 0.01414598929659218601 0.00000000099999999996 
0.00000000099999999925 0.00000000099999999925 0.00000000099999999925 0.00000000099999999925 0.00000000099999999925 0.99999999100000003249 0.00000000099999999925 0.00000000099999999925 0.00000000099999999925 0.00000000099999999925 
0.00000000099999999984 0.88788117411043598892 0.00000000099999999984 0.00000000099999999984 0.00000000099999999984 0.11211146198264941576 0.00000000099999999984 0.00000000099999999984 0.00000000099999999984 0.00000735690691488245 
0.00000000099999999976 0.90710390191177547869 0.00000000099999999976 0.00000000099999999976 0.00000000099999999976 0.09289609008822469205 0.00000000099999999976 0.00000000099999999976 0.00000000099999999976 0.00000000099999999976 
0.00000000099999999990 0.88431988427740670922 0.00000000099999999990 0.00000000099999999990 0.00000000099999999990 0.11251117587032435918 0.00000000099999999990 0.00000000099999999990 0.00000000099999999990 0.00316893285226904631 
0.00000000099999999984 0.87954212216901916932 0.00000000099999999984 0.00000000099999999984 0.00000000099999999984 0.08181777078301059880 0.00000000099999999984 0.00000000099999999984 0.01234043802579331585 0.02629966302217701460 
0.12210976486944073727 0.00000000099999999996 0.02061777939592758166 0.00000000099999999996 0.00000054137354573427 0.00000000099999999996 0.00000000099999999996 0.85727190836108602134 0.00000000099999999996 0.00000000099999999996 
0.00000000099999999942 0.00000000099999999942 0.00000000099999999942 0.00000000099999999942 0.00000000099999999942 0.99999999100000003249 0.00000000099999999942 0.00000000099999999942 0.00000000099999999942 0.00000000099999999942 
0.00000000099999999950 0.00000000099999999950 0.00000000099999999950 0.00000000099999999950 0.00000000099999999950 0.99999999100000003249 0.00000000099999999950 0.00000000099999999950 0.00000000099999999950 0.00000000099999999950 
0.00000000099999999991 0.94931148275129795255 0.00000000099999999991 0.00000000099999999991 0.00000000099999999991 0.05068850924870228758 0.00000000099999999991 0.00000000099999999991 0.00000000099999999991 0.00000000099999999991 
0.00000000099999999989 0.00000000099999999989 0.23685492702176150215 0.36090286423957035344 0.37787041372367724534 0.00000000099999999989 0.00000000099999999989 0.02437178901499103753 0.00000000099999999989 0.00000000099999999989 
0.06521316962873328904 0.00000000099999999991 0.00000000099999999991 0.00000000099999999991 0.85591890823120531095 0.00000000099999999991 0.04076937644234873703 0.03809853969771263144 0.00000000099999999991 0.00000000099999999991 
0.00000000099999999975 0.00000000099999999975 0.00000000099999999975 0.00000000099999999975 0.99999999100000014352 0.00000000099999999975 0.00000000099999999975 0.00000000099999999975 0.00000000099999999975 0.00000000099999999975 
0.00000000099999999939 0.00000000099999999939 0.00000000099999999939 0.99999999100000003249 0.00000000099999999939 0.00000000099999999939 0.00000000099999999939 0.00000000099999999939 0.00000000099999999939 0.00000000099999999939 
0.00000000099999999929 0.00000000099999999929 0.00000000099999999929 0.99999999100000014352 0.00000000099999999929 0.00000000099999999929 0.00000000099999999929 0.00000000099999999929 0.00000000099999999929 0.00000000099999999929 
0.00000000099999999977 0.80383062044963482506 0.00000000099999999977 0.00000000099999999977 0.00000000099999999977 0.18971739640730389542 0.00000000099999999977 0.00000000099999999977 0.00000000099999999977 0.00645197614306143585 
0.06264672960790405865 0.00000000099999999997 0.02707480611534411954 0.00000000099999999997 0.81483362900456479672 0.00000000099999999997 0.03613226617438534266 0.05877386611380076842 0.00001205488961820215 0.00052664509438271276 
0.22148499549383193763 0.00000000099999999997 0.08875381372787392864 0.03199499071221958979 0.62634491176960460646 0.00000000099999999997 0.01077687842593280480 0.01987334192805288030 0.00077106494248438070 0.00000000099999999997 
0.01008346775463391139 0.00000000099999999994 0.01274121514352890248 0.00000000099999999994 0.81723405475217503202 0.00000000099999999994 0.05980633985605000869 0.09223317985186477164 0.00790173864174742967 0.00000000099999999994 
0.03620266962126990340 0.00000000099999999986 0.00000000099999999986 0.00000000099999999986 0.91861215825130115853 0.00000000099999999986 0.00000000099999999986 0.04518516512742900421 0.00000000099999999986 0.00000000099999999986 
0.00000000099999999979 0.00000000099999999979 0.00000000099999999979 0.00000000099999999979 0.99999999100000014352 0.00000000099999999979 0.00000000099999999979 0.00000000099999999979 0.00000000099999999979 0.00000000099999999979 
0.00000000099999999926 0.00000000099999999926 0.00000000099999999926 0.99999999100000014352 0.00000000099999999926 0.00000000099999999926 0.00000000099999999926 0.00000000099999999926 0.00000000099999999926 0.00000000099999999926 
0.00000000099999999944 0.00000000099999999944 0.00000000099999999944 0.99999999100000003249 0.00000000099999999944 0.00000000099999999944 0.00000000099999999944 0.00000000099999999944 0.00000000099999999944 0.00000000099999999944 
0.06261448659878454670 0.00000000099999999993 0.00000000430560958260 0.00000000099999999993 0.87477262494680052551 0.00000000099999999993 0.00000000099999999993 0.06261287814880552027 0.00000000099999999993 0.00000000099999999993 
0.00000000099999999973 0.00000000099999999973 0.00000000099999999973 0.00000000099999999973 0.99999999100000003249 0.00000000099999999973 0.00000000099999999973 0.00000000099999999973 0.00000000099999999973 0.00000000099999999973 
0.15710905405378236543 0.00000000099999999993 0.01472293960988754237 0.00000000099999999993 0.79799998788231540914 0.00000000099999999993 0.00000255192744206979 0.03016546152657268234 0.00000000099999999993 0.00000000099999999993 
0.10003199938989267015 0.00000000099999999997 0.02087925416299747650 0.03879312525358109137 0.74011815304611172639 0.00000000099999999997 0.00000000099999999997 0.10016265588242820317 0.00000000099999999997 0.00001480826498884956 
0.14571677164602350740 0.00000000099999999997 0.04175574491475440159 0.03260372658520618167 0.63353118690163712223 0.00000000099999999997 0.07179806324505684512 0.07235215672857216174 0.00224234697874983128 0.00000000099999999997 
0.00000000099999999993 0.00000000099999999993 0.27836259193169959891 0.35663200715095771942 0.35185497378964220028 0.00000000099999999993 0.00000000099999999993 0.01315042112770053659 0.00000000099999999993 0.00000000099999999993 
0.13170818453161622918 0.00000000099999999995 0.06663438488782394420 0.04162480514763634842 0.64056099303684088664 0.00000000099999999995 0.00038942610728530196 0.11908135305244700597 0.00000085023635022961 0.00000000099999999995 
0.15430495325188076094 0.00000000099999999997 0.01826949932157572939 0.04369662804038262210 0.70763441858470688128 0.00000000099999999997 0.00000217073559599357 0.07609232606585815406 0.00000000099999999997 0.00000000099999999997 
0.06489163427335317702 0.00000000099999999994 0.00940079613744254639 0.00000000099999999994 0.79468296485743294966 0.00000000099999999994 0.08485940237199944558 0.04616519735977180766 0.00000000099999999994 0.00000000099999999994 
0.00000000099999999983 0.00000000099999999983 0.00000000099999999983 0.00000000099999999983 0.00000000099999999983 0.00000000099999999983 0.00000000099999999983 0.99999999100000003249 0.00000000099999999983 0.00000000099999999983 
0.04460945425550882915 0.00000000099999999994 0.20733175869435618854 0.37524854672200985695 0.26470175616965235799 0.00000000099999999994 0.07737258017104209351 0.03073589998743077312 0.00000000099999999994 0.00000000099999999994 
0.31544883814611857087 0.01016665435079614453 0.00466152901441657490 0.00115802381539008249 0.13139080751735315866 0.00000000099999999999 0.20061140191508450292 0.29458341510254459905 0.03650096619911068208 0.00547836293918568373 
0.00000000099999999982 0.00000000099999999982 0.00000000099999999982 0.00000000099999999982 0.00000000099999999982 0.00000000099999999982 0.00000000099999999982 0.99999999100000003249 0.00000000099999999982 0.00000000099999999982 
0.00000000099999999993 0.00000000099999999993 0.23680003684934616826 0.55921158224516109847 0.16815209558663962719 0.00000000099999999993 0.00001861481831530468 0.03581766550053774867 0.00000000099999999993 0.00000000099999999993 
0.00000095319133428998 0.00000000099999999994 0.13613710085988944831 0.33700970781131589504 0.38292872521700227484 0.00000000099999999994 0.11405269562689339391 0.02987081329356483170 0.00000000099999999994 0.00000000099999999994 
0.01462213734092646274 0.00000000099999999996 0.19785194885251314312 0.32928873748607784266 0.29876068654292764482 0.00000000099999999996 0.11473511914501866027 0.04474136663253643759 0.00000000099999999996 0.00000000099999999996 
0.00000000099999999990 0.00000000099999999990 0.00000000099999999990 0.00000000099999999990 0.00000000099999999990 0.00000000099999999990 0.00000000099999999990 0.99999999100000003249 0.00000000099999999990 0.00000000099999999990 
0.00000000099999999985 0.00000000099999999985 0.00000000099999999985 0.00000000099999999985 0.00000000099999999985 0.00000000099999999985 0.99999999100000003249 0.00000000099999999985 0.00000000099999999985 0.00000000099999999985 
0.00000000099999999989 0.00000000099999999989 0.00000000099999999989 0.00000000099999999989 0.01322564028752313929 0.00000000099999999989 0.00000000099999999989 0.98677435171247684931 0.00000000099999999989 0.00000000099999999989 
0.00000000099999999960 0.00000000099999999960 0.00000000099999999960 0.99999999100000003249 0.00000000099999999960 0.00000000099999999960 0.00000000099999999960 0.00000000099999999960 0.00000000099999999960 0.00000000099999999960 
0.00000567910941280307 0.00000000099999999993 0.25555277286948840931 0.61103098770810515550 0.13340856586885882495 0.00000000099999999993 0.00000000099999999993 0.00000198944413488912 0.00000000099999999993 0.00000000099999999993 
0.34536612853440867843 0.00319718974269828657 0.05875168020076158154 0.01497125469595096160 0.05199363004742457023 0.00000000099999999999 0.20143640564371090296 0.29452373664044867452 0.02975997249459628319 0.00000000099999999999 
0.05917323761936377907 0.00000000099999999997 0.18380714005943937783 0.40002225185233519777 0.30437429162692186679 0.00000000099999999997 0.03450510689650426732 0.01811796794543545433 0.00000000099999999997 0.00000000099999999997 
0.00000000099999999992 0.00000000099999999992 0.21158672127033395505 0.39343393560831091404 0.27676498824348244598 0.00000000099999999992 0.04103356224644662958 0.07718078763142614818 0.00000000099999999992 0.00000000099999999992 
0.00000000099999999987 0.00000000099999999987 0.00001184307312907133 0.00000000099999999987 0.91127982579467681212 0.00000000099999999987 0.08870832413219424673 0.00000000099999999987 0.00000000099999999987 0.00000000099999999987 
0.00000000099999999978 0.00000000099999999978 0.00000000099999999978 0.99999999100000003249 0.00000000099999999978 0.00000000099999999978 0.00000000099999999978 0.00000000099999999978 0.00000000099999999978 0.00000000099999999978 
0.00000000099999999958 0.00000000099999999958 0.00000000099999999958 0.99999999100000003249 0.00000000099999999958 0.00000000099999999958 0.00000000099999999958 0.00000000099999999958 0.00000000099999999958 0.00000000099999999958 
0.00000000099999999966 0.00000000099999999966 0.00000000099999999966 0.99999999100000003249 0.00000000099999999966 0.00000000099999999966 0.00000000099999999966 0.00000000099999999966 0.00000000099999999966 0.00000000099999999966 
0.04635030399007106228 0.00000000099999999993 0.19822896651948473945 0.44886096387470281188 0.25732969125464472127 0.00000000099999999993 0.04260950028327274708 0.00662057007782411010 0.00000000099999999993 0.00000000099999999993 
0.01669668189244655557 0.00000000099999999996 0.17250855144884075232 0.42245554796648504547 0.27876165451249501626 0.00000000099999999996 0.01288033497140034754 0.09669722520833221036 0.00000000099999999996 0.00000000099999999996 
0.04877821839756724814 0.00000000099999999992 0.01636464856053175543 0.00000000099999999992 0.76954807494720101069 0.00000000099999999992 0.16422621986935476146 0.00108283322534541426 0.00000000099999999992 0.00000000099999999992 
0.01889699979803245375 0.00000000099999999993 0.19454089054011056148 0.37267776819676251554 0.28184817302341269585 0.00000000099999999993 0.09960695133383856703 0.03242921310784333683 0.00000000099999999993 0.00000000099999999993 
0.02704215616449857224 0.00000000099999999994 0.17666727457512201860 0.35232851207096427260 0.30090403061253795380 0.00000000099999999994 0.08680805752550435628 0.05624996505137281472 0.00000000099999999994 0.00000000099999999994 
0.00000000099999999987 0.00000000099999999987 0.00000000099999999987 0.00000000099999999987 0.00000000099999999987 0.00000000099999999987 0.00000000099999999987 0.99999999100000003249 0.00000000099999999987 0.00000000099999999987 
0.00000000099999999984 0.00000000099999999984 0.00000000099999999984 0.00000000099999999984 0.98087906675472291695 0.00000000099999999984 0.01912092524527718787 0.00000000099999999984 0.00000000099999999984 0.00000000099999999984 
0.00000000099999999988 0.00000000099999999988 0.00000000099999999988 0.00000000099999999988 0.00000000102691875574 0.00000000099999999988 0.99999999097308123197 0.00000000099999999988 0.00000000099999999988 0.00000000099999999988 
0.00000000099999999984 0.00000000099999999984 0.00000000099999999984 0.00000000099999999984 0.00000000099999999984 0.00000000099999999984 0.00000000099999999984 0.99999999099999992147 0.00000000099999999984 0.00000000099999999984 
0.00000000099999999963 0.00000000099999999963 0.00000000099999999963 0.99999999100000014352 0.00000000099999999963 0.00000000099999999963 0.00000000099999999963 0.00000000099999999963 0.00000000099999999963 0.00000000099999999963 
0.00000000099999999991 0.00000000099999999991 0.26761600289556342069 0.39526893992091782781 0.24941141122070245584 0.00000000099999999991 0.08613648852404173772 0.00156715243877471712 0.00000000099999999991 0.00000000099999999991 
0.05951084090798171300 0.00000000099999999996 0.10435133702725861438 0.27917396327065691075 0.42737640255680553469 0.00000000099999999996 0.08377824342932771451 0.04580920880796952865 0.00000000099999999996 0.00000000099999999996 
0.00000000099999999986 0.00000000099999999986 0.00000000099999999986 0.00000000099999999986 0.00000000099999999986 0.00000000099999999986 0.99999999099999992147 0.00000000099999999986 0.00000000099999999986 0.00000000099999999986 
0.13362129441136974539 0.00000000099999999996 0.04749500482487632042 0.00000000099999999996 0.22865205828723331183 0.00000000099999999996 0.43655582478562110493 0.15154309404973792530 0.00213271964116156214 0.00000000099999999996 
0.00000000099999999976 0.00000000099999999976 0.00000000099999999976 0.99999999100000014352 0.00000000099999999976 0.00000000099999999976 0.00000000099999999976 0.00000000099999999976 0.00000000099999999976 0.00000000099999999976 
0.00000000099999999992 0.00000000099999999992 0.22019859373526173840 0.53091938006434846731 0.20619861930301930375 0.00000000099999999992 0.00521488879931748892 0.03746851309805313696 0.00000000099999999992 0.00000000099999999992 
0.07735488367896856121 0.43715269450190741285 0.00000000099999999998 0.00000000099999999998 0.00000000099999999998 0.03523792216281156769 0.06543190190569374287 0.00000000099999999998 0.37120464455927826286 0.01361794919134054482 
0.00000000099999999945 0.00000000099999999945 0.00000000099999999945 0.00000000099999999945 0.00000000099999999945 0.00000000099999999945 0.00000000099999999945 0.00000000099999999945 0.99999999099999992147 0.00000000099999999945 
0.00000000099999999957 0.00000000099999999957 0.00000000099999999957 0.00000000099999999957 0.00000000099999999957 0.00000000099999999957 0.00000000099999999957 0.00000000099999999957 0.99999999099999992147 0.00000000099999999957 
0.06481525776830303343 0.45735412841089767566 0.00000000099999999998 0.00000000099999999998 0.00000000099999999998 0.01105796984745890943 0.07091237520608500988 0.00369423242740579564 0.36066456793920231849 0.03150146540064723694 
0.00000000099999999948 0.00000000099999999948 0.00000000099999999948 0.00000000099999999948 0.00000000099999999948 0.00000000099999999948 0.00000000099999999948 0.00000000099999999948 0.99999999100000003249 0.00000000099999999948 
0.00000000099999999941 0.00000000099999999941 0.00000000099999999941 0.00000000099999999941 0.00000000099999999941 0.00000000099999999941 0.00000000099999999941 0.00000000099999999941 0.99999999100000003249 0.00000000099999999941 
0.00000000099999999935 0.00000000099999999935 0.00000000099999999935 0.00000000099999999935 0.00000000099999999935 0.00000000099999999935 0.00000000099999999935 0.00000000099999999935 0.99999999100000003249 0.00000000099999999935 
0.09876945726823252447 0.46618868309941030592 0.00000000099999999998 0.00000000099999999998 0.00000000099999999998 0.00114076821237571327 0.05544138316485643092 0.00000000099999999998 0.36331310329780253099 0.01514660095732267217 
0.00000000099999999948 0.00000000099999999948 0.00000000099999999948 0.00000000099999999948 0.00000000099999999948 0.00000000099999999948 0.00000000099999999948 0.00000000099999999948 0.99999999100000003249 0.00000000099999999948 
0.07462779899511499948 0.48462474784512815651 0.00000000099999999998 0.00000000099999999998 0.00000000099999999998 0.00001876844628763398 0.04337743069095006954 0.00433209970919979162 0.35594049935733645951 0.03707865195598297053 
0.00000000099999999934 0.00000000099999999934 0.00000000099999999934 0.00000000099999999934 0.00000000099999999934 0.00000000099999999934 0.00000000099999999934 0.00000000099999999934 0.99999999100000003249 0.00000000099999999934 
0.00000000099999999968 0.16908306259141217542 0.00000000099999999968 0.00000000099999999968 0.00000000099999999968 0.07073712031660446542 0.00000000099999999968 0.00000000099999999968 0.00000000099999999968 0.76017981009198332121 
0.00000000099999999993 0.87937630593870397266 0.00000000099999999993 0.00000000099999999993 0.00000000099999999993 0.12062368606129617032 0.00000000099999999993 0.00000000099999999993 0.00000000099999999993 0.00000000099999999993 
0.00000000099999999931 0.00000000099999999931 0.00000000099999999931 0.00000000099999999931 0.00000000099999999931 0.00000000099999999931 0.00000000099999999931 0.00000000099999999931 0.00000000099999999931 0.99999999099999992147 
0.02924117518476619659 0.00000000099999999992 0.25194118144513094615 0.40269175715824806483 0.31315636164484877968 0.00000000099999999992 0.00000132563350529354 0.00296819493350080872 0.00000000099999999992 0.00000000099999999992 
0.00000000099999999982 0.86749822024492273531 0.00000000099999999982 0.00000000099999999982 0.00000000099999999982 0.13250177175507751870 0.00000000099999999982 0.00000000099999999982 0.00000000099999999982 0.00000000099999999982 
0.00000000099999999995 0.93507262881411468136 0.00000000099999999995 0.00000000099999999995 0.00000000099999999995 0.03403290453396300846 0.00000000099999999995 0.00000000099999999995 0.02402297216979392899 0.00687148848212869399 
0.00000000099999999991 0.00000000099999999991 0.30845335199492829314 0.41294744631706015170 0.22968095498476201466 0.00000000099999999991 0.04820091695346614274 0.00071732474978349623 0.00000000099999999991 0.00000000099999999991 
0.00000000099999999994 0.98216114900138717925 0.00000000099999999994 0.00000000099999999994 0.00000000099999999994 0.00000000099999999994 0.00000000099999999994 0.00000000099999999994 0.01264383655739994075 0.00519500744121310226 
0.06954229518008948896 0.00000000099999999993 0.00000000099999999993 0.00000000099999999993 0.28112997111211412982 0.00000000099999999993 0.46350573660556881883 0.18582199110222755167 0.00000000099999999993 0.00000000099999999993 
0.00131820810197819018 0.00000000099999999992 0.29647668240377889060 0.37345840329621154963 0.24034427689973755782 0.00000000099999999992 0.05791466968482687078 0.03048775561346714347 0.00000000099999999992 0.00000000099999999992 
0.12560332244863067763 0.00000000099999999992 0.00002764838647355238 0.00000000099999999992 0.23703180963613595944 0.00000000099999999992 0.58107103253456759973 0.05626618199419215066 0.00000000099999999992 0.00000000099999999992 
0.00000000099999999989 0.00000000099999999989 0.21120578804572506804 0.38508212063312419193 0.36796811310569482734 0.00000000099999999989 0.02589285203818071993 0.00985112117727511040 0.00000000099999999989 0.00000000099999999989 
0.17288775088258206969 0.00000000099999999998 0.01417867890877354264 0.00000000099999999998 0.24500985237419439788 0.00000000099999999998 0.43129618998220753401 0.13051638041705365678 0.00376538274891288034 0.00234576168627576801 
0.00000000099999999991 0.97885232265786892292 0.00000000099999999991 0.00000000099999999991 0.00000000099999999991 0.01326744904126803126 0.00000000099999999991 0.00000000099999999991 0.00788022130086323512 0.00000000099999999991 
0.00000000099999999982 0.79318879383596097021 0.00000000099999999982 0.00000000099999999982 0.00000000099999999982 0.19355733857829085509 0.00000000099999999982 0.00000000099999999982 0.00000000099999999982 0.01325386058574836920 
0.00000000099999999991 0.00000000099999999991 0.00000000099999999991 0.00000000099999999991 0.03580429920288547008 0.00000000099999999991 0.94492822474510473896 0.01926746905200979118 0.00000000099999999991 0.00000000099999999991 
0.03876427696109667476 0.00000000099999999993 0.00000000099999999993 0.00000000099999999993 0.27082861255365164865 0.00000000099999999993 0.46331507215172529346 0.22709203233352640017 0.00000000099999999993 0.00000000099999999993 
0.00000000099999999989 0.00000000099999999989 0.23304554841252042574 0.32880583809022534414 0.38262764850289837648 0.00000000099999999989 0.02871424247346209685 0.02680671752089371432 0.00000000099999999989 0.00000000099999999989 
0.00000000099999999944 0.00000000099999999944 0.00000000099999999944 0.00000000099999999944 0.00000000099999999944 0.00000000099999999944 0.00000000099999999944 0.00000000099999999944 0.99999999099999992147 0.00000000099999999944 
0.99999999100000014352 0.00000000099999999986 0.00000000099999999986 0.00000000099999999986 0.00000000099999999986 0.00000000099999999986 0.00000000099999999986 0.00000000099999999986 0.00000000099999999986 0.00000000099999999986 
0.00000000099999999938 0.00000000099999999938 0.00000000099999999938 0.00000000099999999938 0.00000000099999999938 0.00000000099999999938 0.00000000099999999938 0.00000000099999999938 0.99999999100000003249 0.00000000099999999938 
0.00000000099999999943 0.00000000099999999943 0.00000000099999999943 0.00000000099999999943 0.00000000099999999943 0.00000000099999999943 0.00000000099999999943 0.00000000099999999943 0.99999999100000003249 0.00000000099999999943 
