0.00000000099999999999 0.00000000099999999999 0.99624823342969925921 0.00000015570618966856 0.00375160886411091783 
0.00000000099999999999 0.00000000099999999999 0.99999984740122849214 0.00000010914367735365 0.00000004145509405666 
0.99999999600000011313 0.00000000099999999996 0.00000000099999999996 0.00000000099999999996 0.00000000099999999996 
0.00000000099999999998 0.00000000099999999998 0.99660915276431760734 0.00339084423568228798 0.00000000099999999998 
0.00000000099999999998 0.00509765714501647389 0.99474420147034969819 0.00015813938463394534 0.00000000099999999998 
0.00000000099999999999 0.00001994752960299626 0.98846250251397460573 0.01151754795642238871 0.00000000099999999999 
0.00000000099999999978 0.99999999600000000211 0.00000000099999999978 0.00000000099999999978 0.00000000099999999978 
0.00000000099999999991 0.00000000099999999991 0.99999999599999989108 0.00000000099999999991 0.00000000099999999991 
0.00000000099999999971 0.99999999600000000211 0.00000000099999999971 0.00000000099999999971 0.00000000099999999971 
0.00000000099999999992 0.00000000099999999992 0.99999999600000000211 0.00000000099999999992 0.00000000099999999992 
0.00000000099999999989 0.00000000099999999989 0.99999999599999989108 0.00000000099999999989 0.00000000099999999989 
0.00000000099999999997 0.00149012189758790359 0.99850987510241207001 0.00000000099999999997 0.00000000099999999997 
0.00000000099999999999 0.00000000099999999999 0.99489024365310529952 0.00510975334689471594 0.00000000099999999999 
0.00000000099999999999 0.00431175827163404485 0.98781561763067493587 0.00787262024926634572 0.00000000284842477489 
0.91109542755258177138 0.00000000099999999996 0.00000000099999999996 0.00000000099999999996 0.08890456944741843837 
0.00000000099999999992 0.00000000099999999992 0.99999999599999989108 0.00000000099999999992 0.00000000099999999992 
0.00000000099999999989 0.00000000099999999989 0.99999999600000000211 0.00000000099999999989 0.00000000099999999989 
0.00000000099999999995 0.02440569397008651720 0.97559430302991345663 0.00000000099999999995 0.00000000099999999995 
0.00000000099999999994 0.00000000099999999994 0.99999999599999989108 0.00000000099999999994 0.00000000099999999994 
0.01331406824564227744 0.13819768814636670951 0.84473408220346302144 0.00371463301782534684 0.00003952838670259320 
0.00000000099999999976 0.99999999600000011313 0.00000000099999999976 0.00000000099999999976 0.00000000099999999976 
0.01047676883336937266 0.13122768521406782960 0.85829554395256291155 0.00000000100000000000 0.00000000100000000000 
0.00000000099999999999 0.00000000099999999999 0.97777987957774348260 0.01518137784315913390 0.00703874057909740797 
0.00000000099999999969 0.99999999600000000211 0.00000000099999999969 0.00000000099999999969 0.00000000099999999969 
0.00000000099999999980 0.00000000099999999980 0.99999999599999989108 0.00000000099999999980 0.00000000099999999980 
0.00000000099999999990 0.00000000099999999990 0.99999999600000000211 0.00000000099999999990 0.00000000099999999990 
0.00000000099999999996 0.00000000099999999996 0.99283398018754331904 0.00716601681245653682 0.00000000099999999996 
0.00000000099999999982 0.00000000099999999982 0.99999999600000000211 0.00000000099999999982 0.00000000099999999982 
0.00000000099999999997 0.03106377351148620694 0.00000000099999999997 0.96768943368832427421 0.00124679080018962160 
0.00000000099999999982 0.99999999600000000211 0.00000000099999999982 0.00000000099999999982 0.00000000099999999982 
0.00000000099999999999 0.00000792086829260747 0.98017319125388213674 0.01161936202318417967 0.00819952485464109718 
0.00000000099999999996 0.12447771441622369759 0.87552228258377640113 0.00000000099999999996 0.00000000099999999996 
0.00000000099999999999 0.00024846460299765132 0.97440796414518116020 0.00000052936829368518 0.02534304088352748799 
0.00000000099999999998 0.00000000099999999998 0.94484258216934902119 0.05325460968801990630 0.00190280614263108115 
0.00000000099999999989 0.93757761969824038317 0.06242237730175959759 0.00000000099999999989 0.00000000099999999989 
0.00000000099999999992 0.00000000099999999992 0.99999999599999989108 0.00000000099999999992 0.00000000099999999992 
0.00000000099999999999 0.01463756346797309704 0.97786331890364708297 0.00749911562837981237 0.00000000099999999999 
0.00000000099999999975 0.00000000099999999975 0.99999999600000000211 0.00000000099999999975 0.00000000099999999975 
0.00000000099999999994 0.00000000099999999994 0.99999999599999989108 0.00000000099999999994 0.00000000099999999994 
0.00000000099999999998 0.25116444482077177058 0.74883555217922814773 0.00000000099999999998 0.00000000099999999998 
0.00000000099999999992 0.13989426532177168250 0.86010573167822845786 0.00000000099999999992 0.00000000099999999992 
0.00000000099999999998 0.00000000099999999998 0.89867837829081376189 0.10018482172861502277 0.00113679798057113573 
0.00000000099999999993 0.00000000099999999993 0.00000000099999999993 0.99999444831442163562 0.00000554868557839085 
0.02406447115548538199 0.00000000099999999998 0.97593552584451459531 0.00000000099999999998 0.00000000099999999998 
0.00000000099999999998 0.00002124384525442350 0.99328152256244506280 0.00669723159230048957 0.00000000099999999998 
0.00000000099999999997 0.00000000099999999997 0.99999999599999989108 0.00000000099999999997 0.00000000099999999997 
0.00000000099999999997 0.00000000099999999997 0.00000000099999999997 0.99999960457354708510 0.00000039242645280231 
0.00000000099999999995 0.00000000099999999995 0.00000000099999999995 0.99999999600000000211 0.00000000099999999995 
0.00000000099999999997 0.00000000099999999997 0.00000045016221742704 0.99999954683778247144 0.00000000099999999997 
0.00000000099999999997 0.00000000099999999997 0.00000000099999999997 0.53325328228033952449 0.46674671471966050484 
0.00038194882816621080 0.00000000099999999999 0.00908164488384328658 0.80357927522088612449 0.18695713006710429349 
0.00000000099999999995 0.00000000099999999995 0.00000000099999999995 0.40100387763138861663 0.59899611936861141270 
0.00000000099999999995 0.00000000099999999995 0.00000000099999999995 0.46340419141040511963 0.53659580558959496521 
0.00000000099999999998 0.00000000099999999998 0.00486970313310240883 0.75539459645978779267 0.23973569840710987067 
0.00000000099999999993 0.00000000099999999993 0.00000000099999999993 0.42091827777686785517 0.57908171922313200763 
0.00000000099999999996 0.00000000099999999996 0.00000000099999999996 0.46992995037550144843 0.53007004662449852539 
0.00000000099999999998 0.00000000099999999998 0.02649296957098930261 0.74299073493657430411 0.23051629349243643596 
0.00000000099999999998 0.00000000099999999998 0.00000000099999999998 0.41831379247733474491 0.58168620452266506238 
0.01066055417032630258 0.12939498501651455764 0.84654806293673712236 0.01339596697344829120 0.00000043090297379395 
0.00000000099999999999 0.00275059945505396874 0.00162459855835321381 0.50493857648750717360 0.49068622449908566585 
0.00000102748914726368 0.00000000099999999998 0.00000000099999999998 0.46919822264436850112 0.53080074786648434593 
0.00000000099999999999 0.00355493346142973917 0.00000000099999999999 0.49257411141259482834 0.50387095312597540708 
0.00000000099999999998 0.00000000099999999998 0.00000000099999999998 0.46486662787766253047 0.53513336912233755438 
0.00000000099999999999 0.00000000099999999999 0.00490620563052043390 0.49402909463949684632 0.50106469772998263323 
0.00025893640627378466 0.00000000099999999998 0.00000000099999999998 0.46622655044845889849 0.53351451114526726727 
0.00465030546122469687 0.08276370707606796329 0.89516220509107957692 0.01742378137162773830 0.00000000100000000000 
0.00000000099999999998 0.00000000099999999998 0.99740639796370411663 0.00259359903629576569 0.00000000099999999998 
0.00000000100000000000 0.10020452064311873019 0.89910308732964994149 0.00069238707781874769 0.00000000394941256265 
0.00000000099999999981 0.99999999600000000211 0.00000000099999999981 0.00000000099999999981 0.00000000099999999981 
0.00000000099999999997 0.00000000099999999997 0.98657061892815844928 0.01342928211656127351 0.00000009695528032311 
0.00000000099999999986 0.00000000099999999986 0.99999999599999989108 0.00000000099999999986 0.00000000099999999986 
0.00000000099999999975 0.00000000099999999975 0.99999999600000000211 0.00000000099999999975 0.00000000099999999975 
0.00000000099999999994 0.01329195963341420726 0.98670803736658574401 0.00000000099999999994 0.00000000099999999994 
0.00000000099999999993 0.00000000099999999993 0.99999999599999989108 0.00000000099999999993 0.00000000099999999993 
0.00000000099999999998 0.00000000099999999998 0.97990346464917243985 0.02009651923487797490 0.00000001411594957538 
0.01090961884995677970 0.14951205628526539892 0.83957832286477773742 0.00000000099999999999 0.00000000099999999999 
0.00000000099999999997 0.00000000099999999997 0.96617794494114039860 0.03382205205885955440 0.00000000099999999997 
0.00000000099999999986 0.00000000099999999986 0.99999999600000000211 0.00000000099999999986 0.00000000099999999986 
0.00000000099999999989 0.00000000099999999989 0.00000000099999999989 0.99999999600000000211 0.00000000099999999989 
0.00000000099999999992 0.00000000099999999992 0.99999999600000000211 0.00000000099999999992 0.00000000099999999992 
0.00000000100000000000 0.00157004172670533512 0.99260120678350005630 0.00568788009883942208 0.00014087039095526152 
0.00000000099999999976 0.00000000099999999976 0.99999999599999989108 0.00000000099999999976 0.00000000099999999976 
0.00000000099999999993 0.00000000099999999993 0.99999999600000000211 0.00000000099999999993 0.00000000099999999993 
0.00000000099999999988 0.00000000099999999988 0.99999999599999989108 0.00000000099999999988 0.00000000099999999988 
0.00000000099999999997 0.00000558996443485565 0.99999440703556519150 0.00000000099999999997 0.00000000099999999997 
0.00000000099999999994 0.00000000099999999994 0.99999999599999989108 0.00000000099999999994 0.00000000099999999994 
0.00000000099999999998 0.00000000099999999998 0.00000000099999999998 0.98136684584740874193 0.01863315115259123536 
0.00000000099999999981 0.00000000099999999981 0.99999999600000000211 0.00000000099999999981 0.00000000099999999981 
0.00000000099999999982 0.00000000099999999982 0.99999999600000000211 0.00000000099999999982 0.00000000099999999982 
0.00000000099999999996 0.00000000099999999996 0.99999999599999989108 0.00000000099999999996 0.00000000099999999996 
0.36658976217881367177 0.00000000099999999993 0.00000000099999999993 0.06579398581113679589 0.56761625001004956115 
0.00000000099999999995 0.00000000099999999995 0.00000000099999999995 0.24945992659680310544 0.75054007040319681288 
0.00000000099999999989 0.00000000099999999989 0.00000000099999999989 0.05548619518289198138 0.94451380181710808959 
0.99999999600000011313 0.00000000099999999975 0.00000000099999999975 0.00000000099999999975 0.00000000099999999975 
0.99999999600000011313 0.00000000099999999970 0.00000000099999999970 0.00000000099999999970 0.00000000099999999970 
0.00000000099999999989 0.00000000099999999989 0.99999999599999989108 0.00000000099999999989 0.00000000099999999989 
0.00000000099999999996 0.00000000099999999996 0.00000000099999999996 0.25311785096959493746 0.74688214603040503636 
0.03803536149259859056 0.00000000099999999998 0.00000000099999999998 0.33641718868477055171 0.62554744782263083103 
0.00000000099999999996 0.00000000099999999996 0.00000000099999999996 0.24943115317539679698 0.75056884382460331562 
0.00000000099999999993 0.00000000099999999993 0.00000000099999999993 0.22073485084623492569 0.77926514615376507589 
0.00000000099999999991 0.00000000099999999991 0.00000000099999999991 0.05433377482044497719 0.94566622217955487173 
0.99999999600000000211 0.00000000099999999969 0.00000000099999999969 0.00000000099999999969 0.00000000099999999969 
0.99999999600000011313 0.00000000099999999977 0.00000000099999999977 0.00000000099999999977 0.00000000099999999977 
0.00000000099999999996 0.00000000099999999996 0.00000000099999999996 0.25892262557051054506 0.74107737142948937326 
0.00000000099999999989 0.00000000099999999989 0.00000000099999999989 0.04868657265037806131 0.95131342434962207211 
0.00000000099999999996 0.00000000099999999996 0.00000000099999999996 0.30242495332392460572 0.69757504367607536810 
0.03567290652541198204 0.00000000099999999997 0.00000000099999999997 0.29074556277680513316 0.67358152869778298300 
0.03130065558001134812 0.00000000099999999998 0.00000000099999999998 0.33843191438896957912 0.63026742803101909463 
0.36669804259649457778 0.00000000099999999996 0.00000000099999999996 0.04542951675179071613 0.58787243865171467938 
0.04186698307317718304 0.00000000099999999997 0.00000000099999999997 0.33165386198421770159 0.62647915294260525521 
0.04072192962750474654 0.00000000099999999998 0.00000000099999999998 0.32577857203351001658 0.63349949633898527956 
0.00000000099999999996 0.00000000099999999996 0.00000000099999999996 0.26741228634087704785 0.73258771065912287046 
0.00000000099999999990 0.00000000099999999990 0.00000000099999999990 0.99999999599999989108 0.00000000099999999990 
0.37918665237595688966 0.00000000099999999996 0.00000000099999999996 0.14610108148340386625 0.47471226414063916188 
0.00000000101956479672 0.00000000099999999999 0.02400674720130701115 0.75472983299542506508 0.22126341778370320346 
0.00000000099999999991 0.00000000099999999991 0.00000000099999999991 0.99999999600000000211 0.00000000099999999991 
0.56640797123399100332 0.00000000099999999996 0.00000000099999999996 0.03497709131621658252 0.39861493544979248460 
0.33232249643317895993 0.00000000099999999995 0.00000000099999999995 0.13721571979514715633 0.53046178177167380152 
0.33164185701647241888 0.00000000099999999996 0.00000000099999999996 0.14633115679000577303 0.52202698419352167036 
0.00000000099999999996 0.00000000099999999996 0.00000000099999999996 0.99993035229165005973 0.00006964470834990290 
0.00000000099999999997 0.00000000099999999997 0.00000000099999999997 0.47755783974394855340 0.52244215725605147593 
0.00000000099999999994 0.00000000099999999994 0.00000000099999999994 0.95202086720098055839 0.04797912979901941544 
0.99999999600000011313 0.00000000099999999982 0.00000000099999999982 0.00000000099999999982 0.00000000099999999982 
0.62499458878750635549 0.00000000099999999996 0.00000000099999999996 0.00832466454523726924 0.36668074466725647520 
0.01506001161599390854 0.00000000099999999999 0.01121677638524905783 0.77051615364913905726 0.20320705734961791444 
0.40104461749186415265 0.00000000099999999998 0.00000000099999999998 0.13485473824943361443 0.46410064225870217847 
0.39876912994324947848 0.00000000099999999995 0.00000000099999999995 0.11338602797554894752 0.48784484008120138077 
0.00000000099999999993 0.00000000099999999993 0.00000000099999999993 0.06419693592145216121 0.93580306107854793751 
0.99999999600000011313 0.00000000099999999990 0.00000000099999999990 0.00000000099999999990 0.00000000099999999990 
0.99999999600000011313 0.00000000099999999981 0.00000000099999999981 0.00000000099999999981 0.00000000099999999981 
0.99999999600000000211 0.00000000099999999984 0.00000000099999999984 0.00000000099999999984 0.00000000099999999984 
0.45062423854922722954 0.00000000099999999996 0.00000000099999999996 0.10478458270238928673 0.44459117674838338763 
0.42568011649835008070 0.00000000099999999997 0.00000000099999999997 0.15305393293703914437 0.42126594856461074823 
0.00000000099999999996 0.00000000099999999996 0.00000000099999999996 0.22883622777308126883 0.77116376922691887152 
0.37312368014911179159 0.00000000099999999995 0.00000000099999999995 0.13142703785485218559 0.49544927999603594060 
0.35429932912773509646 0.00000000099999999996 0.00000000099999999996 0.16028682618623590894 0.48541384268602910668 
0.00000000099999999994 0.00000000099999999994 0.00000000099999999994 0.99999999600000000211 0.00000000099999999994 
0.00000000099999999991 0.00000000099999999991 0.00000000099999999991 0.08622688269576798958 0.91377311430423191485 
0.00000000099999999997 0.00000000099999999997 0.00000000099999999997 0.45295697830871661793 0.54704301869128324487 
0.00000000099999999992 0.00000000099999999992 0.00000000099999999992 0.99999999599999989108 0.00000000099999999992 
0.99999999600000000211 0.00000000099999999983 0.00000000099999999983 0.00000000099999999983 0.00000000099999999983 
0.40211610897975608170 0.00000000099999999995 0.00000000099999999995 0.06043736242860961450 0.53744652659163416608 
0.27411692011214872089 0.00000000099999999997 0.00000000099999999997 0.20332615004810489223 0.52255692783974638793 
0.00000000099999999997 0.00000000099999999997 0.00000000099999999997 0.46623466109106542765 0.53376533590893460168 
0.00000000099999999998 0.00000000099999999998 0.00000000099999999998 0.53628831060478732162 0.46371168639521265220 
0.99999999600000011313 0.00000000099999999989 0.00000000099999999989 0.00000000099999999989 0.00000000099999999989 
0.53866284141549825026 0.00000000099999999995 0.00000000099999999995 0.05851319350356491006 0.40282396308093681991 
0.00000000100000000000 0.11237729302228696704 0.88294885260502586899 0.00000333950783007651 0.00467051386485719307 
0.00000000099999999996 0.00000000099999999996 0.99875533221587309285 0.00124466478412684975 0.00000000099999999996 
0.00750630452338038514 0.13869463731489711789 0.84982804270444833872 0.00052454542922468267 0.00344647002804950812 
0.40459769970312403631 0.00000000099999999995 0.00000000099999999995 0.06730506754134268910 0.52809723075553316463 
0.00000000099999999991 0.00000000099999999991 0.99999999600000000211 0.00000000099999999991 0.00000000099999999991 
0.00000000099999999998 0.00000000099999999998 0.98756883744226753308 0.01243115955773237830 0.00000000099999999998 
0.42563662168335736347 0.00000000099999999995 0.00000000099999999995 0.03363405917688117724 0.54072931713976135626 
0.00000000099999999972 0.99999999600000011313 0.00000000099999999972 0.00000000099999999972 0.00000000099999999972 
0.00000000099999999998 0.00000000099999999998 0.98764589442393280194 0.01235410257606702963 0.00000000099999999998 
0.00000000099999999995 0.00000000099999999995 0.00000000099999999995 0.51349893210785424458 0.48650106489214584027 
0.38097340113934530237 0.00000000099999999995 0.00000000099999999995 0.09084906330608948088 0.52817753355456498188 
0.00000000099999999996 0.00000000099999999996 0.00000000099999999996 0.49217580771815899743 0.50782418928184103191 
0.38975035014999193095 0.00000000099999999993 0.00000000099999999993 0.03932911924361295192 0.57092052860639497247 
0.00000000099999999998 0.00000000099999999998 0.00000751529079067104 0.54252783668782067483 0.45746464602138853239 
0.00000000099999999997 0.00000000099999999997 0.99998649481565471397 0.00001350218434519187 0.00000000099999999997 
0.00000000099999999991 0.00000000099999999991 0.99999999599999989108 0.00000000099999999991 0.00000000099999999991 
0.00966411736727064603 0.00000000099999999997 0.00000000099999999997 0.45616626923396258464 0.53416961139876673048 
0.00000000099999999995 0.00000000099999999995 0.00000000099999999995 0.51710428148125120451 0.48289571551874871380 
0.00000000099999999982 0.99999999600000000211 0.00000000099999999982 0.00000000099999999982 0.00000000099999999982 
0.33623058746823636378 0.00000000099999999993 0.00000000099999999993 0.05818659082324659226 0.60558281970851690623 
0.00000000099999999996 0.00000000099999999996 0.00000000099999999996 0.99999999600000000211 0.00000000099999999996 
0.00000000099999999999 0.00000586841940269406 0.00391351377896426589 0.99608061580163287374 0.00000000099999999999 
0.00000000099999999997 0.00000000099999999997 0.00000000099999999997 0.99999999600000000211 0.00000000099999999997 
0.00000000099999999999 0.00000000099999999999 0.00295121860204712160 0.99704065592642332483 0.00000812347152970473 
0.00000000099999999987 0.00000000099999999987 0.99999999600000000211 0.00000000099999999987 0.00000000099999999987 
0.04115495785533714035 0.00000000099999999994 0.00000000099999999994 0.00000000099999999994 0.95884503914466290286 
0.00000000099999999998 0.00461151677039761242 0.98395590096001506186 0.01143258026958725825 0.00000000099999999998 
0.00000000099999999985 0.00000000099999999985 0.99999999600000000211 0.00000000099999999985 0.00000000099999999985 
0.00000000099999999993 0.00000000099999999993 0.99999999599999989108 0.00000000099999999993 0.00000000099999999993 
0.00000000099999999998 0.00000000099999999998 0.98973300346448478404 0.01026699353551515509 0.00000000099999999998 
0.00000000099999999988 0.00000000099999999988 0.00000000099999999988 0.99999999600000000211 0.00000000099999999988 
0.00000000099999999998 0.00000010251489936581 0.96838585946718802600 0.03161403601791255846 0.00000000099999999998 
0.00000000099999999992 0.00000000099999999992 0.00000000099999999992 0.99999999599999989108 0.00000000099999999992 
0.00000000099999999980 0.00000000099999999980 0.99999999599999989108 0.00000000099999999980 0.00000000099999999980 
0.00000000099999999991 0.00000000099999999991 0.99999999600000000211 0.00000000099999999991 0.00000000099999999991 
0.00000000099999999978 0.00000000099999999978 0.99999999600000000211 0.00000000099999999978 0.00000000099999999978 
0.00000000099999999989 0.00000000099999999989 0.00000000099999999989 0.98637795846348630402 0.01362203853651367674 
0.00000000099999999988 0.00000000099999999988 0.99999999599999989108 0.00000000099999999988 0.00000000099999999988 
0.00000000099999999999 0.00000029110007919184 0.99994590791450643774 0.00005379898541430646 0.00000000099999999999 
0.00000000099999999992 0.00000000099999999992 0.99999999600000000211 0.00000000099999999992 0.00000000099999999992 
0.00000000099999999994 0.00000000099999999994 0.99999999599999989108 0.00000000099999999994 0.00000000099999999994 
0.00000000099999999983 0.99999999600000011313 0.00000000099999999983 0.00000000099999999983 0.00000000099999999983 
0.00000000099999999992 0.00000000099999999992 0.99999999600000000211 0.00000000099999999992 0.00000000099999999992 
0.00000000099999999993 0.00000000099999999993 0.99999999600000000211 0.00000000099999999993 0.00000000099999999993 
0.00000000099999999984 0.99999999600000011313 0.00000000099999999984 0.00000000099999999984 0.00000000099999999984 
0.00000000099999999994 0.00000000099999999994 0.99999999600000000211 0.00000000099999999994 0.00000000099999999994 
0.00000000099999999989 0.00000000099999999989 0.00000000099999999989 0.99999999600000000211 0.00000000099999999989 
0.00000000099999999993 0.00000000099999999993 0.00000000099999999993 0.99999999600000000211 0.00000000099999999993 
0.00000000099999999991 0.00000000099999999991 0.00000000099999999991 0.99999999600000000211 0.00000000099999999991 
0.00000000099999999990 0.00000000099999999990 0.00000000099999999990 0.99999999599999989108 0.00000000099999999990 
0.00000000099999999992 0.00000000099999999992 0.00000000099999999992 0.99999999599999989108 0.00000000099999999992 
0.00000000099999999991 0.00000000099999999991 0.00000000099999999991 0.99999999599999989108 0.00000000099999999991 
0.00000000099999999991 0.00000000099999999991 0.00000000099999999991 0.99999999599999989108 0.00000000099999999991 
0.00000000099999999989 0.00000000099999999989 0.00000000099999999989 0.99999999599999989108 0.00000000099999999989 
0.00000000099999999988 0.00000000099999999988 0.99999999599999989108 0.00000000099999999988 0.00000000099999999988 
0.00028285370469453039 0.14742587273342755427 0.85197033308592429179 0.00032093947595355842 0.00000000100000000000 
0.00000000099999999997 0.00000000099999999997 0.99999999600000000211 0.00000000099999999997 0.00000000099999999997 
0.00000000099999999995 0.00000000099999999995 0.00000000099999999995 0.10246082330388579795 0.89753917369611424526 
0.03921691962094537437 0.00000000099999999993 0.00000000099999999993 0.00000000099999999993 0.96078307737905466190 
0.00000000099999999997 0.00000000099999999997 0.99999999600000000211 0.00000000099999999997 0.00000000099999999997 
0.00000000099999999995 0.00000000099999999995 0.00000000099999999995 0.07867206094358054902 0.92132793605641949419 
0.00000000745216851552 0.01285996279939096917 0.93270904559008793733 0.05153445748911566343 0.00289652666923688636 
0.00000000099999999991 0.00000000099999999991 0.00000000099999999991 0.12575674285793031482 0.87424325414206971452 
0.00000000099999999991 0.00000000099999999991 0.00000000099999999991 0.99999999600000000211 0.00000000099999999991 
0.00000000099999999992 0.00000000099999999992 0.00000000099999999992 0.06712919759235780326 0.93287079940764228159 
0.00000000099999999995 0.00000000099999999995 0.00000000099999999995 0.09380746249300754569 0.90619253450699244201 
0.00000000099999999990 0.00000000099999999990 0.00000000099999999990 0.04592180883082096210 0.95407818816917910887 
0.05338912807183562176 0.00000000099999999996 0.00000000099999999996 0.00000000099999999996 0.94661086892816426186 
0.00000000099999999990 0.00000000099999999990 0.00000000099999999990 0.07360780396420033012 0.92639219303579967146 
0.00000000099999999993 0.00000000099999999993 0.00000000099999999993 0.08531105504774189052 0.91468894195225824983 
0.00000000099999999988 0.00000000099999999988 0.00000000099999999988 0.99999999600000000211 0.00000000099999999988 
0.00000000099999999999 0.00000374820114524325 0.99253028561979028677 0.00746573520556203987 0.00000022997350240579 
0.00000000099999999998 0.00000000099999999998 0.99061727936730914479 0.00938271763269081169 0.00000000099999999998 
0.00390955606085289630 0.13819399815776400864 0.85789644378138307790 0.00000000099999999999 0.00000000099999999999 
0.03643713514155836469 0.00000000099999999994 0.00000000099999999994 0.00000000099999999994 0.96356286185844164383 
0.00000000099999999989 0.00000000099999999989 0.00000000099999999989 0.04677305067093492225 0.95322694632906501688 
0.00000000099999999991 0.00000000099999999991 0.00000000099999999991 0.99999999600000000211 0.00000000099999999991 
0.03751584627463537547 0.00000000099999999996 0.00000000099999999996 0.00000000165351280534 0.96248415007185184056 
0.00000000099999999991 0.00000000099999999991 0.00000000099999999991 0.07537262871607068593 0.92462736828392932953 
0.04074504609042171183 0.00000000099999999994 0.00000000099999999994 0.00000000099999999994 0.95925495090957824118 
0.04128521987384495273 0.00000000099999999996 0.00000000099999999996 0.00000000099999999996 0.95871477712615504885 
0.04205111437337059194 0.00000000099999999995 0.00000000099999999995 0.00000000099999999995 0.95794888262662936107 
0.00000000099999999997 0.00000000099999999997 0.99846248045997021414 0.00153751611291004400 0.00000000142711963628 
0.00070924735960840239 0.00912445847871769418 0.00000000657944118247 0.33515458256400221249 0.65501170501823058334 
0.00000000099999999993 0.00000000099999999993 0.00000000099999999993 0.99999999431027164487 0.00000000268972822237 
0.03895027830867760221 0.00000000099999999997 0.00000000099999999997 0.00000000099999999997 0.96104971869132238549 
0.00000000099999999992 0.00000000099999999992 0.00000000099999999992 0.06300080636462399020 0.93699919063537584485 
0.00000000099999999999 0.00433672950466883807 0.99300258260543439182 0.00000000099999999999 0.00266068588989679155 
0.00000000099999999994 0.00000000099999999994 0.00000000099999999994 0.99999835695044891892 0.00000164004955095250 
0.00000000099999999995 0.00000000099999999995 0.00000000099999999995 0.43518967951676496009 0.56481031748323495822 
0.00000000099999999997 0.00000000099999999997 0.00000000099999999997 0.44230358882441822566 0.55769640817558174817 
0.00059804316564082336 0.00000000099999999998 0.00000000099999999998 0.46914558485264074017 0.53025636998171843395 
0.00000000099999999994 0.00000000099999999994 0.00000000099999999994 0.41482524331478459745 0.58517475368521554291 
0.00000000099999999994 0.00000000099999999994 0.00000000099999999994 0.45740012989098471907 0.54259986710901531026 
0.00000000099999999993 0.00000000099999999993 0.00000000099999999993 0.46413033882185344980 0.53586965817814657953 
0.00000000099999999996 0.00000000099999999996 0.00000000099999999996 0.47007061338542238671 0.52992938361457775365 
0.00709042808451501583 0.00000000099999999998 0.00000000099999999998 0.42936316416066794277 0.56354640575481695919 
0.00000000099999999995 0.00000000099999999995 0.00000000099999999995 0.46009030424989694197 0.53990969275010303186 
0.00000000099999999996 0.00000000099999999996 0.00000000099999999996 0.44512885271912444596 0.55487114428087547235 
0.00000000099999999988 0.00000000099999999988 0.99999999600000000211 0.00000000099999999988 0.00000000099999999988 
0.00000000099999999992 0.00000000099999999992 0.99999999599999989108 0.00000000099999999992 0.00000000099999999992 
0.00000000099999999986 0.00000000099999999986 0.99999999600000000211 0.00000000099999999986 0.00000000099999999986 
0.00000000099999999988 0.00000000099999999988 0.99999999600000000211 0.00000000099999999988 0.00000000099999999988 
0.00000000099999999993 0.00000000099999999993 0.99999999600000000211 0.00000000099999999993 0.00000000099999999993 
0.00000000099999999986 0.00000000099999999986 0.99999999599999989108 0.00000000099999999986 0.00000000099999999986 
0.00000000099999999992 0.00000000099999999992 0.99999999600000000211 0.00000000099999999992 0.00000000099999999992 
0.00000000099999999995 0.00000000099999999995 0.99999999600000000211 0.00000000099999999995 0.00000000099999999995 
0.00000000099999999997 0.00419155143388602863 0.99580844556611380902 0.00000000099999999997 0.00000000099999999997 
0.00000000099999999994 0.00000000099999999994 0.99999999599999989108 0.00000000099999999994 0.00000000099999999994 
0.00000000099999999995 0.16461510042148724819 0.83538489657851289216 0.00000000099999999995 0.00000000099999999995 
0.00000000099999999995 0.00000000099999999995 0.99999999600000000211 0.00000000099999999995 0.00000000099999999995 
0.00000000099999999994 0.00000000099999999994 0.99999999600000000211 0.00000000099999999994 0.00000000099999999994 
0.00000000099999999995 0.00000000099999999995 0.99999999599999989108 0.00000000099999999995 0.00000000099999999995 
0.00000000099999999995 0.00390486773359672700 0.99609512926640320085 0.00000000099999999995 0.00000000099999999995 
0.00000000099999999985 0.00000000099999999985 0.99999999600000000211 0.00000000099999999985 0.00000000099999999985 
0.00000000099999999990 0.00000000099999999990 0.99999999599999989108 0.00000000099999999990 0.00000000099999999990 
0.00000000099999999997 0.00295348881982805938 0.99704650818017193092 0.00000000099999999997 0.00000000099999999997 
0.00000000099999999998 0.13802563644053314484 0.86197436055946696776 0.00000000099999999998 0.00000000099999999998 
0.00000000099999999996 0.00000000099999999996 0.99999999599999989108 0.00000000099999999996 0.00000000099999999996 
0.00000000099999999998 0.00053234262713125729 0.99946765437286877454 0.00000000099999999998 0.00000000099999999998 
0.00000000099999999991 0.00000000099999999991 0.99999999600000000211 0.00000000099999999991 0.00000000099999999991 
0.00000000099999999986 0.00000000099999999986 0.99999999600000000211 0.00000000099999999986 0.00000000099999999986 
0.00000000099999999987 0.00000000099999999987 0.99999999600000000211 0.00000000099999999987 0.00000000099999999987 
0.00000000099999999997 0.00000000099999999997 0.99999999599999989108 0.00000000099999999997 0.00000000099999999997 
0.00000000099999999998 0.00000000099999999998 0.99150243463322718096 0.00849756236677267317 0.00000000099999999998 
0.00000000099999999997 0.00000000099999999997 0.99999999600000000211 0.00000000099999999997 0.00000000099999999997 
0.00000000099999999999 0.00000000099999999999 0.99995487558716833476 0.00003562549448794489 0.00000949691834367268 
0.00000000099999999998 0.00000000099999999998 0.00000000099999999998 0.99999999600000000211 0.00000000099999999998 
0.00000000099999999994 0.00000000099999999994 0.00000000099999999994 0.99999999599999989108 0.00000000099999999994 
0.00000000099999999994 0.00000000099999999994 0.00000000099999999994 0.99999999599999989108 0.00000000099999999994 
0.00000000099999999997 0.00000000099999999997 0.00000000099999999997 0.99999999599999989108 0.00000000099999999997 
0.00000000099999999997 0.00000000099999999997 0.00000000099999999997 0.99999999600000000211 0.00000000099999999997 
0.00000000099999999998 0.00000000099999999998 0.00000000099999999998 0.99999999600000000211 0.00000000099999999998 
0.00000000099999999993 0.00000000099999999993 0.00000000099999999993 0.99999999599999989108 0.00000000099999999993 
0.00000000099999999999 0.00000000099999999999 0.00712300621647901644 0.99287681828614582358 0.00000017349737526621 
0.00000000099999999996 0.00000000099999999996 0.00169819363499800141 0.99830180336500207172 0.00000000099999999996 
0.00000000099999999992 0.00000000099999999992 0.00000000099999999992 0.99999999599999989108 0.00000000099999999992 
0.00000000099999999992 0.00000000099999999992 0.00000000099999999992 0.99999987188312178255 0.00000012511687816162 
0.00000000099999999993 0.00000000099999999993 0.00000000099999999993 0.99999999599999989108 0.00000000099999999993 
0.00000000099999999993 0.00000000099999999993 0.00000000099999999993 0.99510814818610171528 0.00489184881389820130 
0.00000000099999999996 0.00000000099999999996 0.00000000099999999996 0.99999999600000000211 0.00000000099999999996 
0.00000000099999999993 0.00000000099999999993 0.00000000099999999993 0.99999999599999989108 0.00000000099999999993 
0.00000000099999999996 0.00000000099999999996 0.00000000099999999996 0.99999999600000000211 0.00000000099999999996 
0.00000000099999999997 0.00000000099999999997 0.00000000099999999997 0.99999999600000000211 0.00000000099999999997 
0.00000000099999999990 0.00000000099999999990 0.00000000099999999990 0.99999999600000000211 0.00000000099999999990 
0.00000000099999999994 0.00000000099999999994 0.00000000099999999994 0.99999999599999989108 0.00000000099999999994 
0.00000000099999999995 0.00000000099999999995 0.00000000099999999995 0.99999999599999989108 0.00000000099999999995 
0.00238552665913595177 0.00000000099999999997 0.00000000099999999997 0.20128423034396153435 0.79633024099690252751 
0.00779956836368831622 0.00000000099999999999 0.00032236903621380884 0.27157319508416677412 0.72030486651593095271 
0.00000000099999999999 0.00000000099999999999 0.00792303439532685526 0.26803609220000579327 0.72404087140466744099 
0.00000000099999999993 0.00000000099999999993 0.00000000099999999993 0.21270700129378675158 0.78729299570621325000 
0.00001169160279020215 0.00000000099999999996 0.00000000099999999996 0.20744451654448556321 0.79254378985272422309 
0.00855390838695952588 0.00000000099999999999 0.00000000099999999999 0.27898084354297875143 0.71246524607006178620 
0.00599511311307179568 0.03848913689882178801 0.00000000099999999999 0.27484957239618634794 0.68066617659192019119 
0.00000000118899796829 0.00000000099999999996 0.00000000099999999996 0.22950098976546559615 0.77049900704553653252 
0.00497965308951328275 0.00000000099999999997 0.00000000099999999997 0.24908406976624369866 0.74593627514424309943 
0.00000000099999999996 0.00000000099999999996 0.00000000099999999996 0.24684476211587552674 0.75315523488412450259 
0.02384521967191626651 0.00000000099999999997 0.00000000099999999997 0.30410092083681733444 0.67205385749126644868 
0.04434431340026692009 0.00000000099999999997 0.00000000099999999997 0.31990434211075302606 0.63575134248898024225 
0.02786349830713028344 0.00000000099999999996 0.00000000099999999996 0.30820899438975934981 0.66392750530311028800 
0.01705957990386383627 0.00000000099999999996 0.00000000099999999996 0.29968762192732983918 0.68325279616880629785 
0.02088304619378242993 0.00000000099999999997 0.00000000099999999997 0.31637757347098927063 0.66273937833522833518 
0.02954088048230910785 0.00000000099999999997 0.00000000099999999997 0.32888208591647433154 0.64157703160121659636 
0.03844781770246929326 0.00000000099999999998 0.00000000099999999998 0.27967115661761277057 0.68188102367991787478 
0.02506003237013062351 0.00000000099999999997 0.00000000099999999997 0.31114630929829900641 0.66379365633157039195 
0.03079670629243780322 0.00000000099999999998 0.00000000099999999998 0.32255798280190151051 0.64664530890566085386 
0.02685222639083900686 0.00000000099999999995 0.00000000099999999995 0.28218552222523091144 0.69096224938393013826 
0.00000000099999999995 0.00000000099999999995 0.00000000099999999995 0.21994721966113833789 0.78005277733886169145 
0.00292492929692809598 0.00000000099999999999 0.00403188730295384219 0.27609265790813686259 0.71695052449198104494 
0.00000000099999999995 0.00000000099999999995 0.00000000099999999995 0.21380640432490649605 0.78619359267509358880 
0.00000036671165050834 0.00000000099999999996 0.00000000099999999996 0.24423624484731482065 0.75576338644103469022 
0.02788401538896339432 0.00000000099999999997 0.00000000099999999997 0.31333002637255463751 0.65878595623848201779 
0.01520415242664461403 0.00000000099999999996 0.00000000099999999996 0.29020064378538734662 0.69459520178796807510 
0.00000000099999999993 0.00000000099999999993 0.00000000099999999993 0.20030916408379806359 0.79969083291620191023 
0.00000000099999999997 0.00000000099999999997 0.00000000099999999997 0.25707570386976713595 0.74292429313023289339 
0.00000000099999999998 0.00000000099999999998 0.00000000099999999998 0.26630116787503288478 0.73369882912496708904 
0.00000216446559757073 0.00000000099999999997 0.00000000099999999997 0.25448729754252652491 0.74551053599187588894 
0.00887273804911526201 0.00000000099999999998 0.00000000099999999998 0.30868837242108521091 0.68243888752979953161 
0.00000000099999999994 0.00000000099999999994 0.00000000099999999994 0.25847450981624353616 0.74152548718375654868 
0.00000000099999999996 0.00000000099999999996 0.00000000099999999996 0.29644504217924411149 0.70355495482075591784 
0.00585915827245249779 0.00473664806713825718 0.01302170014784403800 0.31386064211601344409 0.66252185139655184187 
0.00808573285343547506 0.00000000099999999997 0.00000000099999999997 0.27668420532897186614 0.71523005981759268934 
0.01314575737008658388 0.00000000099999999998 0.00000000099999999998 0.29034466437296274632 0.69650957625695086861 
0.00002246121526703809 0.00000000099999999997 0.00000000099999999997 0.22794213552680500645 0.77203540125792802229 
0.01292024714592172191 0.00000000099999999998 0.00000000099999999998 0.30198854238310751663 0.68509120847097082496 
0.00000000099999999996 0.00000000099999999996 0.00000000099999999996 0.23547968763239018886 0.76452030936760984048 
0.00951045519537173888 0.00000000099999999999 0.01476464798297691741 0.33682301397514757824 0.63890188184650376080 
0.02784328321255567784 0.00000000099999999998 0.00000000099999999998 0.31371187656482624195 0.65844483822261801187 
0.03815092449755717874 0.00000000099999999997 0.00000000099999999997 0.34403933377071810318 0.61780973973172470526 
0.02763332165312919544 0.00000000099999999999 0.00000000099999999999 0.32695493154729560192 0.64541174479957508225 
0.03874723334662284746 0.00000000099999999998 0.00000000099999999998 0.29477271337229593584 0.66648005128108123163 
0.01041910277688552593 0.00000000099999999996 0.00000000099999999996 0.30636802786228256590 0.68321286736083186586 
0.04011841704775241657 0.00000000099999999998 0.00000000099999999998 0.34113445955337484694 0.61874712139887289020 
0.01554140833050053107 0.00000000099999999998 0.00000000099999999998 0.30121300316955590404 0.68324558649994360238 
0.00739859561940867539 0.00000000099999999997 0.00000000099999999997 0.29561835263526453632 0.69698304974532687694 
0.02004702056652648764 0.00010177643733365686 0.00000008719693011837 0.31727750269975935060 0.66257361309945039807 
0.02685245907809584096 0.00000000099999999997 0.00000000099999999997 0.32095962475918188295 0.65218791416272225980 
