0.00000000099999999998 0.00000614238532058064 0.00000000099999999998 0.00649062144816012730 0.00845016521020282296 0.98505306417184723689 0.00000000099999999998 0.00000000378446932887 
0.00000000099999999999 0.00000000099999999999 0.00000000099999999999 0.00000000099999999999 0.01429749092432684374 0.98451267768472294772 0.00118982639095017084 0.00000000099999999999 
0.00000000099999999994 0.00000020191535144983 0.99999979208464873093 0.00000000099999999994 0.00000000099999999994 0.00000000099999999994 0.00000000099999999994 0.00000000099999999994 
0.00753991715169473158 0.00000000099999999997 0.00000000099999999997 0.00000000099999999997 0.00000001573773762767 0.99246005897038769294 0.00000000099999999997 0.00000000414018005165 
0.03928113537249407206 0.00000000099999999993 0.00000000099999999993 0.00000000099999999993 0.03472520257355930784 0.92599365705394653947 0.00000000099999999993 0.00000000099999999993 
0.04144627769064639783 0.00000000099999999996 0.00000000099999999996 0.00000000099999999996 0.04413440491527169385 0.91441931239408202892 0.00000000099999999996 0.00000000099999999996 
0.00000000099999999987 0.00000000099999999987 0.00000000099999999987 0.00000000099999999987 0.00000000132516665251 0.99999999267483341558 0.00000000099999999987 0.00000000099999999987 
0.00000000099999999987 0.00000000099999999987 0.00000000099999999987 0.00000000099999999987 0.01352413086102428712 0.98647586313897572818 0.00000000099999999987 0.00000000099999999987 
0.00000000099999999985 0.00000000099999999985 0.00000000099999999985 0.00000000099999999985 0.00749414858998678334 0.99250584541001318772 0.00000000099999999985 0.00000000099999999985 
0.01276880798262115639 0.00000000099999999993 0.00000000099999999993 0.00000000099999999993 0.07224191154386971903 0.91498927547350916711 0.00000000099999999993 0.00000000099999999993 
0.02773842587310094282 0.00000000099999999997 0.00000000099999999997 0.00000000099999999997 0.02639748073241300619 0.94586408839448599117 0.00000000099999999997 0.00000000099999999997 
0.05015066488922602372 0.00000000099999999996 0.00000000099999999996 0.00000000099999999996 0.01759911407308022840 0.93225021603769375744 0.00000000099999999996 0.00000000099999999996 
0.00000000099999999993 0.08918069706884274028 0.91081929693115726288 0.00000000099999999993 0.00000000099999999993 0.00000000099999999993 0.00000000099999999993 0.00000000099999999993 
0.00000000099999999990 0.00000000099999999990 0.00000000099999999990 0.00000000099999999990 0.01424909273170109174 0.98575090126829889581 0.00000000099999999990 0.00000000099999999990 
0.00000000099999999985 0.00000000099999999985 0.00000000099999999985 0.00000000099999999985 0.02063108138672500522 0.97936891261327485569 0.00000000099999999985 0.00000000099999999985 
0.00000000099999999983 0.00000000099999999983 0.00000000099999999983 0.00000000099999999983 0.27236954680607960988 0.72763044719392044879 0.00000000099999999983 0.00000000099999999983 
0.00000000099999999990 0.00000000099999999990 0.00000000099999999990 0.00000000099999999990 0.00937593498255761583 0.99062405901744232661 0.00000000099999999990 0.00000000099999999990 
0.00000000099999999932 0.00000000099999999932 0.00000000099999999932 0.00000000099999999932 0.99999999300000008695 0.00000000099999999932 0.00000000099999999932 0.00000000099999999932 
0.00000000099999999930 0.00000000099999999930 0.00000000099999999930 0.00000000099999999930 0.99999999299999997593 0.00000000099999999930 0.00000000099999999930 0.00000000099999999930 
0.03467038162967173848 0.00000000099999999999 0.00000000099999999999 0.00675707313299294191 0.01835464457919456713 0.93463468207701472235 0.00000000099999999999 0.00558321558112605081 
0.00000000099999999966 0.00000000099999999966 0.00000000099999999966 0.00000000099999999966 0.00000000099999999966 0.99999999300000008695 0.00000000099999999966 0.00000000099999999966 
0.00000000099999999986 0.00000000099999999986 0.00000000099999999986 0.00000000099999999986 0.01956184813460572908 0.98043814586539423939 0.00000000099999999986 0.00000000099999999986 
0.04133793334057114105 0.00000000099999999992 0.00000000099999999992 0.00000000099999999992 0.03784737603617086693 0.92081468562325796690 0.00000000099999999992 0.00000000099999999992 
0.00000000099999999975 0.00000000099999999975 0.00000000099999999975 0.00000000099999999975 0.00301775451366760204 0.99698223948633235558 0.00000000099999999975 0.00000000099999999975 
0.00000000099999999998 0.02647486129685773168 0.00527066040914401634 0.00000000099999999998 0.00971979303425219744 0.00000000099999999998 0.00000000099999999998 0.95853468125974605751 
0.01455170947005344009 0.01383754008556547371 0.00000000099999999999 0.00000000099999999999 0.03129325504103191297 0.93955312602746721140 0.00076344358667948130 0.00000092378920247813 
0.00279900724682560212 0.00000000100000000000 0.03096848772204859393 0.00000000188159429696 0.04713228728482474900 0.91699926744720783311 0.00000000100000000000 0.00210094641749894407 
0.00000000099999999998 0.01489610497364514223 0.00000000099999999998 0.01143258073809932419 0.02836667199381248672 0.94530005889497958904 0.00000458039946338826 0.00000000099999999998 
0.10651926605245035096 0.00000000099999999989 0.00000000099999999989 0.00000000099999999989 0.02490212560554263058 0.86857860334200709396 0.00000000099999999989 0.00000000099999999989 
0.00000000099999999988 0.00000000099999999988 0.00000000099999999988 0.00000000099999999988 0.00000032774099365489 0.99999966625900638117 0.00000000099999999988 0.00000000099999999988 
0.02921039320546393175 0.00000000099999999997 0.00000000099999999997 0.00000000099999999997 0.05309574308449120650 0.91769385871004482969 0.00000000099999999997 0.00000000099999999997 
0.00000000099999999964 0.00000000099999999964 0.00000000099999999964 0.00000000099999999964 0.00000000099999999964 0.99999999300000008695 0.00000000099999999964 0.00000000099999999964 
0.00000000099999999993 0.00000000099999999993 0.00000000099999999993 0.00000000099999999993 0.00433702904097472974 0.99566296495902528729 0.00000000099999999993 0.00000000099999999993 
0.00493522827255008564 0.00006908637607280729 0.06824174151473422212 0.00390087691622114166 0.04696934631886670597 0.87550726172751858201 0.00000004231632624605 0.00037641655771034055 
0.00498195429334775779 0.00000000099999999997 0.03286800456649640462 0.00000000099999999997 0.05079754986729895921 0.91135248727285700365 0.00000000099999999997 0.00000000099999999997 
0.00893017266107821138 0.00000000099999999999 0.00000000099999999999 0.00000000099999999999 0.00000000099999999999 0.89023390401007107542 0.01281101435937306160 0.08802490496947758258 
0.00000000099999999992 0.00349237295230092702 0.00000000099999999992 0.00000000099999999992 0.00000000099999999992 0.00000000099999999992 0.00000000999329942011 0.99650761205439963852 
0.00000000099999999997 0.00000000099999999997 0.02412879266407965198 0.00000000099999999997 0.02546892710692891942 0.95040227522899145551 0.00000000099999999997 0.00000000099999999997 
0.04605771188044457259 0.00000000099999999993 0.00000000099999999993 0.00000000099999999993 0.03149162333419244786 0.92245065978536289197 0.00000000099999999993 0.00000000099999999993 
0.03046686918005447192 0.00000000099999999994 0.00000000099999999994 0.00000000099999999994 0.03611184266231443757 0.93342128315763106539 0.00000000099999999994 0.00000000099999999994 
0.00000000099999999996 0.00000117366511044798 0.00000000099999999996 0.00000000099999999996 0.00000000099999999996 0.00000000099999999996 0.00000000099999999996 0.99999882033488951549 
0.04515112362852995859 0.00000000099999999995 0.00000000099999999995 0.00000000099999999995 0.00000000099999999995 0.00000000099999999995 0.06109971132971364627 0.89374916004175641859 
0.05846201461960061352 0.00000000099999999995 0.00000000099999999995 0.00000000099999999995 0.00000000099999999995 0.00000000099999999995 0.07233055998012127841 0.86920742040027820785 
0.00632552178760489945 0.27604273487161057332 0.00000000099999999998 0.03742477381059740316 0.00000000099999999998 0.00000000099999999998 0.37572119673361453751 0.30448576979657254737 
0.03823115110072979050 0.07798951551887173261 0.00199580528443856148 0.02591471500747431420 0.00000000099999999999 0.00000000099999999999 0.19427220233219827383 0.66159660875628722998 
0.00000000099999999988 0.10699112477978155178 0.00000000099999999988 0.00000000099999999988 0.00000000099999999988 0.00000000099999999988 0.89300886922021849301 0.00000000099999999988 
0.00000000099999999986 0.00000000099999999986 0.00000000099999999986 0.00000000099999999986 0.00000000099999999986 0.00000000099999999986 0.99999999299999997593 0.00000000099999999986 
0.03689321777988606443 0.14838387536912353570 0.00000000099999999999 0.01715018231912153468 0.00000000099999999999 0.00000000099999999999 0.18080167043863265564 0.61677105109323626664 
0.00000000099999999981 0.00000000099999999981 0.00000000099999999981 0.00000000099999999981 0.00000000099999999981 0.00000000099999999981 0.99999999299999997593 0.00000000099999999981 
0.00000000099999999991 0.00000000099999999991 0.00000000099999999991 0.00000000099999999991 0.00000000099999999991 0.00000000099999999991 0.99999999299999986491 0.00000000099999999991 
0.03584938291467647253 0.19135755295912615370 0.00000000099999999999 0.00304877449297933983 0.00853955219024707911 0.01112679633699219586 0.13199300485388482107 0.61808493525209395880 
0.00000000099999999997 0.25587902800567136063 0.00000000099999999997 0.01093619886033794265 0.00000000099999999997 0.00000000099999999997 0.65038406225131284444 0.08280070688267779366 
0.00000000099999999964 0.00000000099999999964 0.00000000099999999964 0.00000000099999999964 0.99999999299999997593 0.00000000099999999964 0.00000000099999999964 0.00000000099999999964 
0.00000000099999999988 0.00000000099999999988 0.00000000099999999988 0.00000000099999999988 0.00000000099999999988 0.00000000099999999988 0.99999999299999997593 0.00000000099999999988 
0.00000000099999999985 0.00000000099999999985 0.00000000099999999985 0.00000000099999999985 0.00000000099999999985 0.00000000099999999985 0.99999999299999997593 0.00000000099999999985 
0.00000000099999999986 0.00000000099999999986 0.00000000099999999986 0.00000000099999999986 0.00000000099999999986 0.00000000099999999986 0.99999999299999986491 0.00000000099999999986 
0.00000000099999999987 0.00000000099999999987 0.00000000099999999987 0.00000000099999999987 0.00000000099999999987 0.00000000099999999987 0.99999999299999997593 0.00000000099999999987 
0.00000000099999999986 0.00000000099999999986 0.00000000099999999986 0.00000000099999999986 0.00000000099999999986 0.00000000099999999986 0.99999999299999986491 0.00000000099999999986 
0.00000000099999999988 0.00000000099999999988 0.00000000099999999988 0.00000000099999999988 0.00000000099999999988 0.00000000099999999988 0.99999999299999997593 0.00000000099999999988 
0.02860518166873791956 0.00000000099999999999 0.02344171626997359342 0.00000000099999999999 0.04664696052976929214 0.88994400631392556189 0.00000000099999999999 0.01136213221759370916 
0.03395785774493748077 0.00000000099999999994 0.00000000099999999994 0.00000000099999999994 0.03201000000748609881 0.93403213724757649938 0.00000000099999999994 0.00000000099999999994 
0.00000000099999999975 0.00000000099999999975 0.00000000099999999975 0.00000000099999999975 0.80893235928113782496 0.19106763471886231698 0.00000000099999999975 0.00000000099999999975 
0.00000000099999999996 0.00000000099999999996 0.00000000099999999996 0.00000000099999999996 0.00000000099999999996 0.98519363963583073129 0.01056645016113283778 0.00423990520303650208 
0.00000000099999999978 0.00000000099999999978 0.00000000099999999978 0.00000000099999999978 0.00000000099999999978 0.99999999299999997593 0.00000000099999999978 0.00000000099999999978 
0.00000000099999999958 0.00000000099999999958 0.00000000099999999958 0.00000000099999999958 0.00000000099999999958 0.99999999300000008695 0.00000000099999999958 0.00000000099999999958 
0.00000000099999999991 0.00000000099999999991 0.00000000099999999991 0.00000000099999999991 0.01029484495267982656 0.98970514904732009853 0.00000000099999999991 0.00000000099999999991 
0.00000000099999999988 0.00000000099999999988 0.00000000099999999988 0.00000000099999999988 0.00000000099999999988 0.99999999299999997593 0.00000000099999999988 0.00000000099999999988 
0.06007957616308554072 0.00000000099999999993 0.00000000099999999993 0.00000000099999999993 0.04637368651044476014 0.89354673232646975034 0.00000000099999999993 0.00000000099999999993 
0.00000000099999999931 0.00000000099999999931 0.00000000099999999931 0.00000000099999999931 0.99999999300000008695 0.00000000099999999931 0.00000000099999999931 0.00000000099999999931 
0.03781705363219017846 0.00000000099999999997 0.00000000099999999997 0.00000000099999999997 0.04166941311159787220 0.90213775367317983189 0.00000000099999999997 0.01837577558303211261 
0.00000000099999999979 0.00000000099999999979 0.00000000099999999979 0.00000000099999999979 0.00382218773132391582 0.99617780626867613591 0.00000000099999999979 0.00000000099999999979 
0.00000000099999999987 0.00000000099999999987 0.00000000099999999987 0.00000000099999999987 0.00000000099999999987 0.00000000099999999987 0.00000000099999999987 0.99999999299999997593 
0.00000000099999999989 0.00000000099999999989 0.00000000099999999989 0.00000000099999999989 0.00828167032938549770 0.99171832367061452107 0.00000000099999999989 0.00000000099999999989 
0.02917532195091085065 0.00000000099999999999 0.00000000099999999999 0.00005473984331104410 0.01541072801582957577 0.95535920618994851772 0.00000000099999999999 0.00000000099999999999 
0.00000000099999999959 0.00000000099999999959 0.00000000099999999959 0.00000000099999999959 0.00000000099999999959 0.99999999299999997593 0.00000000099999999959 0.00000000099999999959 
0.00000000099999999988 0.00000000099999999988 0.00000000099999999988 0.00000000099999999988 0.01047119787957589976 0.98952879612042410340 0.00000000099999999988 0.00000000099999999988 
0.00000000099999999983 0.00000000099999999983 0.00000000099999999983 0.00000000099999999983 0.01098124708392111612 0.98901874691607905010 0.00000000099999999983 0.00000000099999999983 
0.00000000099999999995 0.00000000099999999995 0.00000000099999999995 0.00000000099999999995 0.01685033664251351510 0.98314965735748660602 0.00000000099999999995 0.00000000099999999995 
0.03074748258011331462 0.00000000099999999988 0.00000000099999999988 0.00000000099999999988 0.04980703252801860215 0.91944547989186797832 0.00000000099999999988 0.00000000099999999988 
0.00000000099999999997 0.00036288656289428970 0.00000000099999999997 0.03044467338455591338 0.00000000099999999997 0.00000000099999999997 0.00000000099999999997 0.96919243505254981663 
0.00000000099999999968 0.00000000099999999968 0.00000000099999999968 0.00000000099999999968 0.00000000099999999968 0.99999999300000008695 0.00000000099999999968 0.00000000099999999968 
0.00000000099999999970 0.00000000099999999970 0.00000000099999999970 0.00000000099999999970 0.00000000099999999970 0.99999999300000008695 0.00000000099999999970 0.00000000099999999970 
0.00648573746935363158 0.00000000099999999995 0.00000000099999999995 0.00000000099999999995 0.00000010650148623493 0.99351415102916007527 0.00000000099999999995 0.00000000099999999995 
0.00000000099999999993 0.38336827513156634950 0.36151526484076074164 0.23907901950391233226 0.00000000099999999993 0.00000000099999999993 0.00000028043788111733 0.01603715708587962266 
0.00000000099999999994 0.85144102275357647081 0.00000000099999999994 0.00000000099999999994 0.00000000099999999994 0.00000000099999999994 0.04691296033524785386 0.10164601191117590695 
0.00000000099999999981 0.99999999300000019797 0.00000000099999999981 0.00000000099999999981 0.00000000099999999981 0.00000000099999999981 0.00000000099999999981 0.00000000099999999981 
0.00000000099999999953 0.00000000099999999953 0.99999999300000008695 0.00000000099999999953 0.00000000099999999953 0.00000000099999999953 0.00000000099999999953 0.00000000099999999953 
0.00000000099999999945 0.00000000099999999945 0.99999999300000008695 0.00000000099999999945 0.00000000099999999945 0.00000000099999999945 0.00000000099999999945 0.00000000099999999945 
0.00000000099999999982 0.00000000099999999982 0.00000000099999999982 0.00000000099999999982 0.01750488495741375425 0.98249510904258630095 0.00000000099999999982 0.00000000099999999982 
0.00007552994118763891 0.81391061012680920861 0.00000000099999999998 0.02703733445838546814 0.00042645621118441514 0.00000000099999999998 0.03811382679227463821 0.12043624047015873135 
0.00718397580272081646 0.62276870614360313461 0.03279936661705103867 0.08923672565427041847 0.00000000099999999998 0.00000000099999999998 0.02035831713955475741 0.22765290664279985711 
0.00699533572631144424 0.81717528942057349184 0.00000000099999999996 0.01372284339977458342 0.00000000099999999996 0.00000000099999999996 0.05701093846295900852 0.10509558999038168259 
0.00000000099999999989 0.91844111717311505139 0.00000000099999999989 0.00000000099999999989 0.00000000099999999989 0.00000000099999999989 0.00000000099999999989 0.08155887682688518769 
0.00000000099999999984 0.99999999300000008695 0.00000000099999999984 0.00000000099999999984 0.00000000099999999984 0.00000000099999999984 0.00000000099999999984 0.00000000099999999984 
0.00000000099999999943 0.00000000099999999943 0.99999999300000008695 0.00000000099999999943 0.00000000099999999943 0.00000000099999999943 0.00000000099999999943 0.00000000099999999943 
0.00000000099999999956 0.00000000099999999956 0.99999999300000008695 0.00000000099999999956 0.00000000099999999956 0.00000000099999999956 0.00000000099999999956 0.00000000099999999956 
0.00000000099999999995 0.87417761073564015373 0.00000000099999999995 0.00000000582961396119 0.00000000099999999995 0.00000000099999999995 0.00000000099999999995 0.12582237843474608496 
0.00000000099999999979 0.99999999300000008695 0.00000000099999999979 0.00000000099999999979 0.00000000099999999979 0.00000000099999999979 0.00000000099999999979 0.00000000099999999979 
0.00000000099999999996 0.79633594555412468008 0.00000000099999999996 0.01596969105599442204 0.00000000099999999996 0.00000000099999999996 0.00188442330926048580 0.18580993608062054689 
0.00000000099999999998 0.74092435376419008008 0.03905082738392728209 0.02081767233468540673 0.00000172791617962069 0.00000000099999999998 0.00016502950553473885 0.19904038709548282915 
0.00264279051468702337 0.63282985931196733542 0.03353627991166668182 0.04016800367687781842 0.00000000099999999999 0.00000000099999999999 0.07633134544140411648 0.21449171914339701384 
0.00000000099999999995 0.35664578082404152504 0.35718804873831450086 0.27920010474822481994 0.00000000099999999995 0.00000000099999999995 0.00000000099999999995 0.00696606168941917969 
0.00139097134076093701 0.64079556482630006808 0.04193253958899001432 0.06592205140703584487 0.00000000099999999997 0.00000000099999999997 0.00425139893187922394 0.24570747190503397506 
0.00000000099999999998 0.70747024882995990236 0.04451968062715754709 0.01788335967313495201 0.00000000099999999998 0.00000000099999999998 0.00053093570521116015 0.22959577216453655457 
0.00000000099999999996 0.79253464199979128946 0.00000000099999999996 0.00943040417182977771 0.00000000099999999996 0.00000000099999999996 0.08733992342194620007 0.11069502640643297253 
0.00000000099999999989 0.00000000099999999989 0.00000000099999999989 0.00008999342055196365 0.00000000099999999989 0.00000000099999999989 0.00010839631576166205 0.99980160526368644369 
0.00000000099999999996 0.26361527527527611747 0.37541809734533243548 0.20698502718904809861 0.00000000099999999996 0.00000000099999999996 0.08119011701840962714 0.07279148017193373676 
0.04371977454446782096 0.13141897101137517412 0.00199545025582678268 0.00362578055641617518 0.00703995097588646940 0.00746118070046994288 0.20465684902225519948 0.60008204293330236201 
0.00000000099999999991 0.00000000099999999991 0.00000000099999999991 0.00000000099999999991 0.00000000099999999991 0.00000000099999999991 0.00068601856020360349 0.99931397543979638698 
0.00000000099999999996 0.17375709469488848091 0.56023510813800703190 0.24083030421494006079 0.00000000099999999996 0.00000000099999999996 0.01482908795691651946 0.01034840199524793974 
0.00000000099999999996 0.38191670321911963537 0.33677733021235667366 0.13686383064316326452 0.00000000099999999996 0.00000000099999999996 0.11710975107632674852 0.02733238184903362747 
0.00000000099999999997 0.29830094064812373578 0.32897864737508630828 0.19805487044258657248 0.00000000099999999997 0.00000000099999999997 0.11537495820951862435 0.05929058032468478845 
0.00000000099999999996 0.00000000099999999996 0.00000000099999999996 0.01147666441671137995 0.00000000099999999996 0.00000000099999999996 0.00000000099999999996 0.98852332958328859025 
0.00000000099999999989 0.00000000099999999989 0.00000000099999999989 0.00000000099999999989 0.00000000099999999989 0.00000000099999999989 0.99999999299999997593 0.00000000099999999989 
0.00000000099999999993 0.05474884932669159265 0.00000000099999999993 0.00062727143831052090 0.00000000099999999993 0.00000000099999999993 0.00000000099999999993 0.94462387423499794004 
0.00000000099999999970 0.00000000099999999970 0.99999999299999997593 0.00000000099999999970 0.00000000099999999970 0.00000000099999999970 0.00000000099999999970 0.00000000099999999970 
0.00000000099999999995 0.13285534823391384474 0.61114237986504660327 0.25599904515353988366 0.00000000099999999995 0.00000000099999999995 0.00000000256182257720 0.00000322118567716978 
0.03775817037051062280 0.05103515364655936831 0.01517298889143772582 0.05818476640065649297 0.00000000100000000000 0.00405316504295635989 0.20919665465293643680 0.62459909999494300781 
0.00000000099999999998 0.30097035583386710922 0.40008267568398703240 0.18330891505303689715 0.00000000099999999998 0.00000000099999999998 0.04192558564454163667 0.07371246478456740248 
0.00000000099999999995 0.28484325902055018798 0.39435083693615696765 0.21499725828056565069 0.00000000099999999995 0.00000000099999999995 0.05262163696354670017 0.05318700579918034244 
0.00000000099999999991 0.90716948850012313343 0.00000000099999999991 0.00000900239828237303 0.00000000099999999991 0.00000000099999999991 0.09282150410159453746 0.00000000099999999991 
0.00000000099999999984 0.00000000099999999984 0.99999999299999997593 0.00000000099999999984 0.00000000099999999984 0.00000000099999999984 0.00000000099999999984 0.00000000099999999984 
0.00000000099999999968 0.00000000099999999968 0.99999999299999997593 0.00000000099999999968 0.00000000099999999968 0.00000000099999999968 0.00000000099999999968 0.00000000099999999968 
0.00000000099999999974 0.00000000099999999974 0.99999999299999997593 0.00000000099999999974 0.00000000099999999974 0.00000000099999999974 0.00000000099999999974 0.00000000099999999974 
0.00000000099999999996 0.25488810066138734012 0.44896065601995982508 0.19672261530335952151 0.00000000099999999996 0.00000000099999999996 0.04696639931897136216 0.05246222569632189719 
0.00000000099999999997 0.27758643492019474674 0.42239761998121666542 0.17369646299432570102 0.00000000099999999997 0.00000000099999999997 0.01411376638680280834 0.11220571271746034026 
0.00000000099999999995 0.76661968466799357280 0.00000000099999999995 0.01583082545169184341 0.00000000099999999995 0.00000000099999999995 0.17227294914777158130 0.04527653673254311562 
0.00000000099999999995 0.28139457168329179426 0.37264317801734414548 0.19438012059037790280 0.00000000099999999995 0.00000000099999999995 0.10296267793697433390 0.04861944877201171411 
0.00000000099999999996 0.29940682546149349763 0.35227108219240449438 0.17734556297359194144 0.00000000099999999996 0.00000000099999999996 0.08920570743960436200 0.08177081893290563674 
0.00000000099999999993 0.00000000099999999993 0.00000000099999999993 0.00000000099999999993 0.00000000099999999993 0.00000000099999999993 0.00000000099999999993 0.99999999300000008695 
0.00000000099999999988 0.97701640230130848419 0.00000000099999999988 0.00000000099999999988 0.00000000099999999988 0.00000000099999999988 0.02298359169869158836 0.00000000099999999988 
0.00000000099999999991 0.00000000717535296860 0.00000000099999999991 0.00000000099999999991 0.00000000099999999991 0.00000000099999999991 0.99999998682464696920 0.00000000099999999991 
0.00000000099999999992 0.00000000099999999992 0.00000000099999999992 0.00000000099999999992 0.00000000099999999992 0.00000000099999999992 0.00000000099999999992 0.99999999299999997593 
0.00000000099999999972 0.00000000099999999972 0.99999999299999997593 0.00000000099999999972 0.00000000099999999972 0.00000000099999999972 0.00000000099999999972 0.00000000099999999972 
0.00000000099999999994 0.24770986265389138836 0.39522662643455508391 0.26783665940608702982 0.00000000099999999994 0.00000000099999999994 0.08922684750546666654 0.00000000099999999994 
0.00000000099999999997 0.42372940458844088329 0.27931637591620617211 0.10416559302696695721 0.00000000099999999997 0.00000000099999999997 0.08828560573509065812 0.10450301773329551125 
0.00000000099999999989 0.00000000099999999989 0.00000000099999999989 0.00000000099999999989 0.00000000099999999989 0.00000000099999999989 0.99999999299999997593 0.00000000099999999989 
0.00397942541108948621 0.23191747282523619833 0.00000000099999999997 0.04719079019197028324 0.00000000099999999997 0.00000000099999999997 0.43797470365336993448 0.27893760491833402559 
0.00000000099999999982 0.00000000099999999982 0.99999999299999997593 0.00000000099999999982 0.00000000099999999982 0.00000000099999999982 0.00000000099999999982 0.00000000099999999982 
0.00000000099999999995 0.20597327038032742230 0.53100487854896250006 0.22175963980195689818 0.00000000099999999995 0.00000000099999999995 0.01164575733902470552 0.02961645092972853971 
0.37823295350638019841 0.00000000099999999998 0.00000000099999999998 0.00000000099999999998 0.02603660542343164824 0.45497828734097367498 0.08008140447216338664 0.06067074625705091984 
0.99999999300000008695 0.00000000099999999957 0.00000000099999999957 0.00000000099999999957 0.00000000099999999957 0.00000000099999999957 0.00000000099999999957 0.00000000099999999957 
0.99999999300000008695 0.00000000099999999967 0.00000000099999999967 0.00000000099999999967 0.00000000099999999967 0.00000000099999999967 0.00000000099999999967 0.00000000099999999967 
0.36935008389151718911 0.00000000099999999999 0.00000000099999999999 0.00000000099999999999 0.04749451624554060919 0.44250535334522422826 0.07373025290895895978 0.06691979060875898055 
0.99999999300000019797 0.00000000099999999959 0.00000000099999999959 0.00000000099999999959 0.00000000099999999959 0.00000000099999999959 0.00000000099999999959 0.00000000099999999959 
0.99999999300000008695 0.00000000099999999954 0.00000000099999999954 0.00000000099999999954 0.00000000099999999954 0.00000000099999999954 0.00000000099999999954 0.00000000099999999954 
0.99999999300000019797 0.00000000099999999949 0.00000000099999999949 0.00000000099999999949 0.00000000099999999949 0.00000000099999999949 0.00000000099999999949 0.00000000099999999949 
0.37378697534270904912 0.00000000099999999999 0.00000000099999999999 0.00000000099999999999 0.02904642531429865032 0.44437236780453592822 0.06719180827387020993 0.08560242026458610154 
0.99999999300000019797 0.00000000099999999960 0.00000000099999999960 0.00000000099999999960 0.00000000099999999960 0.00000000099999999960 0.00000000099999999960 0.00000000099999999960 
0.36591639361356598226 0.00000000099999999998 0.00000000099999999998 0.00000000099999999998 0.05615887136340364655 0.45558155669781807973 0.04294083112957138709 0.07940234419564094759 
0.99999999300000019797 0.00000000099999999948 0.00000000099999999948 0.00000000099999999948 0.00000000099999999948 0.00000000099999999948 0.00000000099999999948 0.00000000099999999948 
0.00000000099999999971 0.00000000099999999971 0.00000000099999999971 0.00000000099999999971 0.77743167855320927107 0.22256831544679078760 0.00000000099999999971 0.00000000099999999971 
0.00000001911575159320 0.00000000099999999998 0.00000000099999999998 0.00000000099999999998 0.01329517189298527052 0.98525738509660354403 0.00000000099999999998 0.00144741989465958895 
0.00000000099999999946 0.00000000099999999946 0.00000000099999999946 0.00000000099999999946 0.99999999300000008695 0.00000000099999999946 0.00000000099999999946 0.00000000099999999946 
0.00000000099999999994 0.31319210182963130862 0.40315196813233106221 0.25245493596913642920 0.00000000099999999994 0.00000000099999999994 0.00128410121955750646 0.02991688984934378140 
0.00000000099999999987 0.00000000099999999987 0.00000000099999999987 0.00000000099999999987 0.00404458122710072473 0.99595541277289922899 0.00000000099999999987 0.00000000099999999987 
0.04074814707232359695 0.00000000099999999998 0.00000000099999999998 0.00000000099999999998 0.03305876766646827919 0.92511694257222254478 0.00107613868898554302 0.00000000099999999998 
0.00000000099999999994 0.22730952108785110188 0.41296721527451119016 0.30867928127541127692 0.00000000099999999994 0.00000000099999999994 0.05104397836222640539 0.00000000099999999994 
0.03383795935604827498 0.00000000099999999997 0.00000000099999999997 0.00000000099999999997 0.03676677387401934560 0.92939526176993247919 0.00000000099999999997 0.00000000099999999997 
0.00000000099999999994 0.28562955198971740067 0.00000000099999999994 0.00000000099999999994 0.00000000099999999994 0.00000000099999999994 0.45956093355351013141 0.25480950945677222075 
0.00000000099999999995 0.23856888378889315461 0.37313749579455141037 0.29737028781210156358 0.00000000099999999995 0.00000000099999999995 0.05832816764179236252 0.03259516196266146193 
0.00000000099999999995 0.23507080196184149123 0.00000000099999999995 0.00031129487560561936 0.00000000099999999995 0.00000000099999999995 0.58294905777792482837 0.18166884138462804921 
0.00000000099999999992 0.36833185002694746046 0.38535539300500409876 0.21278478792906388439 0.00000000099999999992 0.00000000099999999992 0.03352796503898449604 0.00000000099999999992 
0.00673276933833159754 0.24510089853524630321 0.00000000099999999999 0.01418955017611127356 0.00263044356832892829 0.00000000099999999999 0.43320400555366161965 0.29814233082832025667 
0.03238708949265918513 0.00000000099999999994 0.00000000099999999994 0.00000000099999999994 0.01508884148409381752 0.95252406402324696355 0.00000000099999999994 0.00000000099999999994 
0.00000000099999999986 0.00000000099999999986 0.00000000099999999986 0.00000000099999999986 0.02671003339718467165 0.97328996060281525171 0.00000000099999999986 0.00000000099999999986 
0.00000000099999999994 0.04401519884885852357 0.00000000099999999994 0.00000004444610990465 0.00000000099999999994 0.00000000099999999994 0.94732008709286918968 0.00866466561216251707 
0.00000000099999999994 0.27633151914640291524 0.00000000099999999994 0.00000000099999999994 0.00000000099999999994 0.00000000099999999994 0.46369991479322775207 0.25996856106036930756 
0.00000000099999999993 0.38850317269993817071 0.33006462007848519358 0.23581467426254112962 0.00000000099999999993 0.00000000099999999993 0.04561752261179481682 0.00000000734724049882 
0.99999999300000008695 0.00000000099999999956 0.00000000099999999956 0.00000000099999999956 0.00000000099999999956 0.00000000099999999956 0.00000000099999999956 0.00000000099999999956 
0.05538297903070728972 0.00000000099999999995 0.00000000099999999995 0.00000000099999999995 0.00000000099999999995 0.00000000099999999995 0.08931786858939813611 0.85529914737989465312 
0.99999999300000019797 0.00000000099999999951 0.00000000099999999951 0.00000000099999999951 0.00000000099999999951 0.00000000099999999951 0.00000000099999999951 0.00000000099999999951 
0.99999999300000019797 0.00000000099999999955 0.00000000099999999955 0.00000000099999999955 0.00000000099999999955 0.00000000099999999955 0.00000000099999999955 0.00000000099999999955 
0.05336620658214193819 0.00000000099999999997 0.00000000099999999997 0.00000000099999999997 0.00000000099999999997 0.00000000099999999997 0.12798060416621945268 0.81865318425163868810 
0.99999999300000008695 0.00000000099999999979 0.00000000099999999979 0.00000000099999999979 0.00000000099999999979 0.00000000099999999979 0.00000000099999999979 0.00000000099999999979 
0.05150142090874169215 0.00000000099999999996 0.00000000099999999996 0.00000000099999999996 0.00000000099999999996 0.00000000099999999996 0.06584748961521759425 0.88265108447604068154 
0.99999999300000008695 0.00000000099999999980 0.00000000099999999980 0.00000000099999999980 0.00000000099999999980 0.00000000099999999980 0.00000000099999999980 0.00000000099999999980 
0.05112080136957365684 0.00000000099999999998 0.00000000099999999998 0.00000000099999999998 0.00000000099999999998 0.00000000099999999998 0.10260132900057235272 0.84627786462985410409 
0.00000000099999999982 0.00000000099999999982 0.00000000099999999982 0.00000000099999999982 0.01709610082299008529 0.98290389317700976868 0.00000000099999999982 0.00000000099999999982 
0.00000000099999999988 0.06220939152702537056 0.00000000099999999988 0.93779060247297463260 0.00000000099999999988 0.00000000099999999988 0.00000000099999999988 0.00000000099999999988 
0.04969051691860826292 0.00000000099999999996 0.00000000099999999996 0.00000000099999999996 0.01810401767788769739 0.93220546040350404926 0.00000000099999999996 0.00000000099999999996 
0.00000000099999999979 0.00000000099999999979 0.00000000099999999979 0.00000000099999999979 0.02209179836322147650 0.97790819563677866544 0.00000000099999999979 0.00000000099999999979 
0.00421076151490476155 0.00000000099999999991 0.00000000099999999991 0.00000000099999999991 0.01101950977079953209 0.98476972371429583042 0.00000000099999999991 0.00000000099999999991 
0.04025110795766353305 0.00000000099999999997 0.00000000099999999997 0.00000000099999999997 0.00848316819330297532 0.95126571884903354803 0.00000000099999999997 0.00000000099999999997 
0.00000000099999999987 0.00000000099999999987 0.00000000099999999987 0.00000000099999999987 0.00000000099999999987 0.00000000099999999987 0.00000000099999999987 0.99999999300000008695 
0.06027249023910550424 0.00000000099999999998 0.00000000099999999998 0.00000000099999999998 0.04625828920644822068 0.88655066577886809664 0.00000000099999999998 0.00691855077557829937 
0.00000000099999999991 0.00000000099999999991 0.00000000099999999991 0.00000000099999999991 0.00000000099999999991 0.00000000099999999991 0.00000000099999999991 0.99999999300000008695 
0.00000000099999999964 0.00000000099999999964 0.00000000099999999964 0.00000000099999999964 0.00000000099999999964 0.99999999299999997593 0.00000000099999999964 0.00000000099999999964 
0.00000000099999999985 0.00000000099999999985 0.00000000099999999985 0.00000000099999999985 0.00288216784031493931 0.99711782615968502785 0.00000000099999999985 0.00000000099999999985 
0.00000000099999999964 0.00000000099999999964 0.00000000099999999964 0.00000000099999999964 0.00000000099999999964 0.99999999300000008695 0.00000000099999999964 0.00000000099999999964 
0.00000000099999999987 0.01583758625836750172 0.00000000099999999987 0.00000000099999999987 0.00000000099999999987 0.00000000099999999987 0.00000000099999999987 0.98416240774163255001 
0.00000000099999999983 0.00000000099999999983 0.00000000099999999983 0.00000000099999999983 0.00002823493065161949 0.99997175906934843148 0.00000000099999999983 0.00000000099999999983 
0.03644501900087444846 0.00000000099999999996 0.00000000099999999996 0.00000000099999999996 0.01294765396139495491 0.95060732203773068427 0.00000000099999999996 0.00000000099999999996 
0.00000000099999999987 0.00000000099999999987 0.00000000099999999987 0.00000000099999999987 0.00456413611903697461 0.99543585788096300426 0.00000000099999999987 0.00000000099999999987 
0.00000000099999999989 0.00000000099999999989 0.00000000099999999989 0.00000000099999999989 0.00000000099999999989 0.99999999300000008695 0.00000000099999999989 0.00000000099999999989 
0.00000000099999999987 0.00000000099999999987 0.00000000099999999987 0.00000000099999999987 0.01960682742716136906 0.98039316657283859247 0.00000000099999999987 0.00000000099999999987 
0.00000000099999999989 0.00000000099999999989 0.00000000099999999989 0.00000000099999999989 0.00000020329889665160 0.99999979070110334156 0.00000000099999999989 0.00000000099999999989 
0.00000000099999999992 0.00000000099999999992 0.00000000099999999992 0.00000000099999999992 0.02969437126814020861 0.97030562273185971822 0.00000000099999999992 0.00000000099999999992 
0.00000000099999999987 0.00000000099999999987 0.00000000099999999987 0.00000000099999999987 0.00000000099999999987 0.00000000099999999987 0.00000000099999999987 0.99999999300000008695 
0.00000000099999999993 0.00000000099999999993 0.00000000099999999993 0.00000000099999999993 0.00000000099999999993 0.00000000099999999993 0.00000000099999999993 0.99999999299999997593 
0.00000000099999999989 0.00000000099999999989 0.00000000099999999989 0.00000000099999999989 0.00000000099999999989 0.00000000099999999989 0.00000000099999999989 0.99999999299999997593 
0.00000000099999999988 0.00000000099999999988 0.00000000099999999988 0.00000000099999999988 0.00000000099999999988 0.00000000099999999988 0.00000000099999999988 0.99999999300000008695 
0.00000000099999999992 0.00000000099999999992 0.00000000099999999992 0.00030126735230083648 0.00000000099999999992 0.00000000099999999992 0.00000000099999999992 0.99969872664769909854 
0.00000000099999999991 0.00000000099999999991 0.00000000099999999991 0.00000000099999999991 0.00000000099999999991 0.00000000099999999991 0.00000000099999999991 0.99999999300000008695 
0.00000000099999999990 0.00000000099999999990 0.00000000099999999990 0.00000000099999999990 0.00000000099999999990 0.00000000099999999990 0.00000000099999999990 0.99999999299999997593 
0.00000000099999999986 0.00000000099999999986 0.00000000099999999986 0.00000000099999999986 0.00000000099999999986 0.00000000099999999986 0.00000000099999999986 0.99999999299999997593 
0.00000000099999999982 0.00000000099999999982 0.00000000099999999982 0.00000000099999999982 0.00000000099999999982 0.99999999300000008695 0.00000000099999999982 0.00000000099999999982 
0.00000000099999999923 0.00000000099999999923 0.00000000099999999923 0.00000000099999999923 0.99999999300000008695 0.00000000099999999923 0.00000000099999999923 0.00000000099999999923 
0.00000534538544872050 0.00000000099999999997 0.00000000099999999997 0.00000000099999999997 0.00471839025846936683 0.99527625935608199370 0.00000000099999999997 0.00000000099999999997 
0.00000000099999999993 0.96680448062120716290 0.00000000099999999993 0.03319551337879306230 0.00000000099999999993 0.00000000099999999993 0.00000000099999999993 0.00000000099999999993 
0.00000000099999999987 0.06547670801180967282 0.00000000099999999987 0.93452328598819045524 0.00000000099999999987 0.00000000099999999987 0.00000000099999999987 0.00000000099999999987 
0.03350175792779674228 0.00000000099999999992 0.00000000099999999992 0.00000000099999999992 0.03216004531333129662 0.93433819175887189434 0.00000000099999999992 0.00000000099999999992 
0.00000000099999999993 0.99999965778982013997 0.00000000099999999993 0.00000000099999999993 0.00000000099999999993 0.00000000099999999993 0.00000033621017999452 0.00000000099999999993 
0.06152395288119907879 0.00000001556963291893 0.00000000100000000000 0.00689176353410760924 0.05319942224370870221 0.85442364365241740831 0.00004895611587990731 0.02391224500305439218 
0.00000000099999999989 0.99999999300000019797 0.00000000099999999989 0.00000000099999999989 0.00000000099999999989 0.00000000099999999989 0.00000000099999999989 0.00000000099999999989 
0.00000000099999999989 0.00000000099999999989 0.00000000099999999989 0.00000000099999999989 0.00000000099999999989 0.00000000099999999989 0.00000000099999999989 0.99999999300000008695 
