1.126114	0.663555	0.583183	0.650286	0.585556	0.247570	-0.115537	-0.096725	-0.112438	-0.108546	-0.087278	-0.088208	-0.098292	-0.063326	-0.091413	-0.102486	-0.109150	-0.100456	-0.110631	-0.123125	0.431352	0.056035	0.061689	0.153341	0.043206	-0.059416	-0.057261	-0.061437	-0.042802	-0.057912	-0.094433	-0.093148	-0.097967	-0.094202	-0.089394	-0.065269	-0.022782	-0.081274	-0.053485	-0.071817	-0.023116	-0.055699	-0.058478	-0.042342	-0.054528	-0.060443	-0.065570	-0.078201	-0.057945	-0.059170	-0.056685	-0.069066	-0.067353	-0.058424	-0.073330	-0.109963	-0.104428	-0.096961	-0.118608	-0.128189	-0.107270	-0.107754	-0.109688	-0.116286	-0.108553	-0.117697	-0.104419	-0.107939	-0.118534	-0.116506	-0.082630	-0.072740	-0.060357	-0.095414	-0.080122	-0.110612	-0.105952	-0.115006	-0.108795	-0.105684	-0.121473	-0.109713	-0.104514	-0.121620	-0.100968	0.476510	0.513494	0.497225	0.494487	0.485012	-0.058879	-0.059395	-0.063410	-0.064892	-0.073079	-0.102018	-0.122537	-0.098856	-0.106175	-0.118123	-0.058556	-0.058498	-0.056450	-0.078947	-0.064900	0.095742	0.093363	0.083090	0.087785	0.081536	0.081831	0.074332	0.094692	0.088872	0.090921	-0.107526	-0.092986	-0.102775	-0.103506	-0.095233	-0.088558	-0.057089	-0.062811	-0.052038	0.040262	-0.102278	-0.114169	-0.104819	-0.108882	-0.101855	-0.068505	-0.062755	-0.063149	-0.049036	-0.087283	0.616977	0.581941	0.587186	0.611289	0.573538	-0.054043	-0.048110	-0.056792	-0.066800	-0.067737	-0.051923	0.080349	-0.058716	-0.058026	0.072792	-0.073802	-0.056347	-0.074683	-0.062551	-0.052496	-0.067213	-0.057217	-0.066895	-0.064104	-0.040654	-0.092977	-0.101112	-0.104051	-0.110328	-0.058205	-0.063403	-0.093966	-0.087421	-0.085397	-0.095981	-0.069609	-0.062316	
0.663555	1.255327	0.581786	0.644649	0.598232	0.228282	-0.117075	-0.119806	-0.122523	-0.120423	-0.083508	-0.092730	-0.100141	-0.041576	-0.075268	-0.122354	-0.122202	-0.112862	-0.119229	-0.094137	0.452470	0.064095	0.052328	0.168574	0.042454	-0.066926	-0.065031	-0.065555	-0.064152	-0.054646	-0.107419	-0.109572	-0.100150	-0.091765	-0.096182	-0.060710	-0.026747	-0.075968	-0.046496	-0.052323	-0.009176	-0.050564	-0.039459	-0.057188	-0.065009	-0.059609	-0.028502	-0.064067	-0.078318	-0.065163	-0.053179	-0.066002	-0.047465	-0.066057	-0.066002	-0.093321	-0.120862	-0.093158	-0.115750	-0.114809	-0.106249	-0.123463	-0.123323	-0.132543	-0.115431	-0.093872	-0.107264	-0.113748	-0.087508	-0.120872	-0.067623	-0.081908	-0.085243	-0.078822	-0.081063	-0.120180	-0.119037	-0.128455	-0.122233	-0.110378	-0.091025	-0.129049	-0.119523	-0.098835	-0.119565	0.539811	0.517026	0.497976	0.491671	0.490810	-0.064763	-0.075213	-0.054956	-0.063174	-0.074501	-0.125727	-0.116225	-0.106882	-0.125446	-0.104700	-0.060591	-0.071011	-0.057090	-0.046790	-0.067208	0.071618	0.067229	0.079522	0.075987	0.085142	0.113959	0.068084	0.075763	0.091981	0.090805	-0.086359	-0.102384	-0.105985	-0.092033	-0.094414	-0.089487	-0.071365	-0.081547	-0.077625	0.060225	-0.120926	-0.122232	-0.122376	-0.111752	-0.117461	-0.065755	-0.048516	-0.067573	-0.048019	-0.070903	0.626128	0.602981	0.587400	0.586481	0.580050	-0.057601	-0.060059	-0.061898	-0.040611	-0.053627	-0.063897	0.093589	-0.060284	-0.046852	0.070640	-0.046771	-0.064021	-0.087265	-0.065750	-0.066654	-0.064081	-0.063469	-0.061274	-0.060976	-0.021087	-0.092520	-0.102583	-0.098814	-0.109463	-0.068305	-0.064167	-0.095958	-0.094874	-0.095242	-0.077449	-0.060549	-0.053145	
0.583183	0.581786	1.280651	0.576568	0.530591	0.184052	-0.123884	-0.124020	-0.129211	-0.121551	-0.052646	-0.095981	-0.085555	-0.075295	-0.065972	-0.133989	-0.120047	-0.116878	-0.125607	-0.111449	0.426143	0.028134	0.058076	0.138451	0.048777	-0.070888	-0.071321	-0.073075	-0.075791	-0.074723	-0.112192	-0.111654	-0.097802	-0.093051	-0.106329	-0.075878	0.008802	-0.062205	-0.068757	-0.086340	-0.013848	-0.064258	-0.054237	-0.061216	-0.062413	-0.071254	-0.058413	-0.076651	-0.086393	-0.073344	-0.073430	-0.078278	-0.076910	-0.073511	-0.078498	-0.101707	-0.123881	-0.083956	-0.107682	-0.117710	-0.100206	-0.122759	-0.118410	-0.112384	-0.113953	-0.110712	-0.121683	-0.111532	-0.102652	-0.127610	-0.092472	-0.087164	-0.076291	-0.084274	-0.089036	-0.131923	-0.112219	-0.128208	-0.130028	-0.128738	-0.113157	-0.130505	-0.121401	-0.114012	-0.127109	0.455575	0.466103	0.440999	0.441221	0.441536	-0.082595	-0.081192	-0.074146	-0.081772	-0.082221	-0.123244	-0.122369	-0.121388	-0.124536	-0.115981	-0.072695	-0.089609	-0.070727	-0.080424	-0.066438	0.243244	0.233559	0.241332	0.247131	0.234191	0.246412	0.234779	0.255197	0.250466	0.253894	-0.090302	-0.097717	-0.099637	-0.094888	-0.090470	-0.095076	-0.078874	-0.070739	-0.082686	0.032697	-0.123665	-0.117958	-0.120602	-0.110618	-0.120670	-0.062179	-0.069953	-0.072576	-0.058726	-0.062485	0.521184	0.506969	0.515560	0.525847	0.507140	-0.063508	-0.066839	-0.064259	-0.061479	-0.056143	-0.066312	0.208846	-0.060060	-0.056461	0.240263	-0.059348	-0.070713	-0.090698	-0.078810	-0.082299	-0.076556	-0.080355	-0.054684	-0.087091	-0.041060	-0.088748	-0.099129	-0.115109	-0.120428	-0.067611	-0.067010	-0.093423	-0.092910	-0.096115	-0.093776	-0.079650	-0.069862	
0.650286	0.644649	0.576568	1.175837	0.572612	0.202813	-0.098161	-0.116657	-0.124203	-0.112433	-0.077804	-0.082687	-0.091618	-0.083004	-0.083578	-0.115235	-0.108064	-0.107908	-0.115123	-0.126685	0.460103	0.067733	0.064009	0.183457	0.053539	-0.056439	-0.058394	-0.063214	-0.052583	-0.067054	-0.092371	-0.087762	-0.076330	-0.080108	-0.091224	-0.062840	-0.016726	-0.054282	-0.061908	-0.064331	-0.032116	-0.075414	-0.048224	-0.050386	-0.053398	-0.057479	-0.060606	-0.086962	-0.057939	-0.061846	-0.059092	-0.061067	-0.067427	-0.066716	-0.065100	-0.092997	-0.113236	-0.104002	-0.120461	-0.116702	-0.111837	-0.112890	-0.112276	-0.106895	-0.108976	-0.119735	-0.108175	-0.114413	-0.092492	-0.108473	-0.089471	-0.070655	-0.076288	-0.083730	-0.078198	-0.113045	-0.103936	-0.122527	-0.106279	-0.107077	-0.106852	-0.115556	-0.109262	-0.104176	-0.111688	0.484203	0.514820	0.497715	0.481543	0.496338	-0.067617	-0.060010	-0.067728	-0.069708	-0.061567	-0.115698	-0.124976	-0.102439	-0.120320	-0.114146	-0.055029	-0.058015	-0.047154	-0.077795	-0.056936	0.077384	0.084184	0.079363	0.086300	0.074415	0.074836	0.067980	0.074741	0.066372	0.067708	-0.098333	-0.100134	-0.097136	-0.108921	-0.094959	-0.073583	-0.064106	-0.067140	-0.058964	0.022584	-0.109621	-0.091277	-0.107795	-0.119556	-0.108084	-0.076393	-0.044097	-0.056624	-0.042142	-0.081592	0.576508	0.526977	0.574580	0.591653	0.556134	-0.054983	-0.048425	-0.057270	-0.048353	-0.059925	-0.058986	0.080956	-0.065019	-0.057707	0.083639	-0.061146	-0.064949	-0.060936	-0.058361	-0.063010	-0.066914	-0.059281	-0.058766	-0.058238	-0.026004	-0.081490	-0.089977	-0.094900	-0.111036	-0.056213	-0.071697	-0.089149	-0.080687	-0.083420	-0.091272	-0.058902	-0.046998	
0.585556	0.598232	0.530591	0.572612	1.245322	0.177804	-0.117412	-0.107986	-0.119300	-0.116653	-0.042719	-0.071815	-0.067794	-0.014538	-0.053575	-0.111668	-0.121755	-0.100134	-0.105759	-0.096628	0.432321	0.065289	0.044849	0.144528	0.069183	-0.071393	-0.053746	-0.051529	-0.058153	-0.063180	-0.101567	-0.094774	-0.074896	-0.062297	-0.099679	-0.061023	-0.008726	-0.073967	-0.053218	-0.057254	-0.013309	-0.063942	-0.049638	-0.036796	-0.004837	-0.057329	-0.054461	-0.044884	-0.065630	-0.068461	-0.044796	-0.059032	-0.051098	-0.063896	-0.067162	-0.078843	-0.112407	-0.054940	-0.107246	-0.130389	-0.103414	-0.111705	-0.101077	-0.116204	-0.105912	-0.112150	-0.109146	-0.101669	-0.097756	-0.110051	-0.077675	-0.076748	-0.080756	-0.090667	-0.080884	-0.125579	-0.106731	-0.097438	-0.108665	-0.103688	-0.110826	-0.100703	-0.095708	-0.067237	-0.100266	0.434788	0.462913	0.450040	0.444367	0.444067	-0.067242	-0.070980	-0.064710	-0.069775	-0.073937	-0.101678	-0.106736	-0.112439	-0.103662	-0.127752	-0.030341	-0.050995	-0.047877	-0.049901	-0.058132	0.061444	0.067366	0.062455	0.069634	0.046107	0.080787	0.055813	0.063503	0.058626	0.051588	-0.099928	-0.075011	-0.090886	-0.086508	-0.100290	-0.066079	-0.057606	-0.059736	-0.057742	0.006527	-0.109190	-0.096303	-0.103185	-0.118186	-0.115498	-0.028932	-0.046055	-0.045994	-0.052315	-0.084721	0.526805	0.528999	0.524221	0.541935	0.529238	-0.053075	-0.054765	-0.059854	-0.035169	-0.031503	-0.059527	0.043793	-0.050766	-0.020169	0.067291	-0.052964	-0.062546	-0.051926	-0.049528	-0.065694	-0.065641	-0.044620	-0.067310	-0.042354	-0.023821	-0.075612	-0.083367	-0.080179	-0.069447	-0.053659	-0.056745	-0.073252	-0.088847	-0.092943	-0.088321	-0.042166	-0.051451	
0.247570	0.228282	0.184052	0.202813	0.177804	1.049990	0.031105	0.039180	0.021485	0.039031	-0.023983	-0.029092	-0.037756	-0.007651	-0.015192	0.018186	0.011029	0.024908	0.016666	0.028192	0.138883	-0.015693	0.019836	0.024119	-0.033514	-0.043388	-0.067610	-0.049807	-0.052060	-0.049843	-0.021833	-0.024003	-0.013335	-0.013626	-0.025775	-0.037924	-0.035392	-0.049387	-0.055725	-0.039214	-0.065540	-0.049173	-0.025994	-0.039005	-0.052357	-0.037313	-0.040693	-0.043560	-0.051631	-0.053728	-0.051748	-0.045424	-0.052463	-0.054449	-0.057790	-0.005722	0.003192	-0.019933	-0.004579	0.015994	0.015233	0.013111	0.009908	0.014868	0.024270	0.030080	0.016269	0.031696	0.030015	0.008331	-0.027482	-0.032134	-0.002639	-0.050260	-0.031661	0.000608	0.018664	0.018253	0.001800	0.006863	0.013936	0.027905	0.019659	0.020172	0.019771	0.128639	0.146717	0.139198	0.129026	0.140790	-0.055098	-0.046970	-0.060544	-0.070272	-0.072380	0.011169	0.011164	0.016163	0.008071	0.018928	-0.052162	-0.049621	-0.054435	-0.049317	-0.050079	-0.064639	-0.058261	-0.072130	-0.071341	-0.064174	-0.060965	-0.077496	-0.075767	-0.065682	-0.072789	-0.052345	-0.027072	-0.042407	-0.047468	-0.037005	-0.053382	-0.051131	-0.064949	-0.056617	0.014293	0.011765	0.021427	0.014943	0.019816	0.020360	-0.042476	-0.033432	-0.040802	-0.057220	-0.049040	0.188226	0.193134	0.176528	0.168165	0.174274	-0.052883	-0.048237	-0.054055	-0.038414	-0.053904	-0.050028	-0.063676	-0.045418	-0.046576	-0.067717	-0.037227	-0.053493	-0.027396	-0.053642	-0.036110	-0.049319	-0.045690	-0.053441	-0.053898	-0.043254	-0.024700	-0.031126	0.057946	0.064161	-0.050698	-0.029181	-0.060837	-0.059634	-0.058452	-0.044145	-0.053538	-0.030935	
-0.115537	-0.117075	-0.123884	-0.098161	-0.117412	0.031105	0.856406	0.148807	0.190584	0.160549	-0.032297	0.006363	-0.003361	-0.005675	0.001847	0.132746	0.134537	0.138207	0.128099	0.128597	-0.104273	-0.063351	-0.027708	-0.065335	-0.054794	-0.054977	-0.049815	-0.053036	-0.049320	-0.055755	0.042103	0.050116	0.027489	0.055505	0.040549	-0.050980	-0.076093	-0.040801	-0.048911	-0.040416	-0.091427	-0.056223	-0.039909	-0.043397	-0.068412	-0.036084	-0.055556	-0.071159	-0.049053	-0.053717	-0.051470	-0.045833	-0.059682	-0.038906	-0.036005	0.047297	0.122446	0.051344	0.058860	0.097843	0.124047	0.128676	0.134646	0.122624	0.117886	0.127017	0.137484	0.145288	0.142341	0.148759	0.013976	0.013129	0.029797	0.019658	0.013979	0.130616	0.125475	0.127431	0.126914	0.122528	0.126891	0.121140	0.114771	0.104415	0.124363	-0.126154	-0.111365	-0.120484	-0.122222	-0.113750	-0.061076	-0.058269	-0.060847	-0.055176	-0.049189	0.122999	0.137691	0.117237	0.124152	0.113761	-0.055405	-0.045323	-0.054175	-0.047048	-0.061401	-0.160612	-0.159318	-0.161923	-0.165699	-0.169919	-0.171260	-0.166099	-0.160446	-0.155173	-0.162747	0.005956	0.018052	0.013109	0.015688	0.014968	0.001047	-0.045406	-0.047207	-0.048220	-0.060412	0.143353	0.134847	0.121519	0.117631	0.131469	-0.036439	-0.039304	-0.051207	-0.038983	-0.000966	-0.117554	-0.121855	-0.113107	-0.113670	-0.110693	-0.050266	-0.049628	-0.053184	-0.052953	-0.042914	-0.053685	-0.139926	-0.059288	-0.050457	-0.140911	-0.046623	-0.036309	-0.027186	-0.048107	-0.039565	-0.049909	-0.038924	-0.062486	-0.042166	-0.044807	0.012543	0.015982	0.112075	0.135576	-0.045863	-0.047225	-0.017545	-0.022125	-0.009080	-0.016493	-0.047520	-0.037693	
-0.096725	-0.119806	-0.124020	-0.116657	-0.107986	0.039180	0.148807	0.766810	0.146158	0.203816	-0.036883	0.002118	-0.000424	-0.005494	-0.002298	0.136873	0.139187	0.139181	0.130478	0.122038	-0.111721	-0.070953	-0.030096	-0.078434	-0.056651	-0.048591	-0.048036	-0.048766	-0.029521	-0.051416	0.047080	0.043304	0.033422	0.043132	0.037829	-0.046246	-0.108709	-0.051950	-0.047937	-0.037433	-0.077591	-0.067541	-0.054675	-0.050965	-0.049027	-0.046908	-0.056030	-0.048121	-0.034546	-0.041296	-0.037214	-0.051855	-0.049197	-0.048740	-0.033160	0.050772	0.139148	0.036147	0.048947	0.101397	0.111130	0.126677	0.124720	0.119931	0.124099	0.138690	0.140570	0.133600	0.122963	0.131418	0.004498	0.008982	0.000355	0.018845	0.018452	0.111580	0.114477	0.132181	0.123018	0.126743	0.119942	0.138790	0.116814	0.097728	0.117420	-0.117078	-0.107043	-0.112403	-0.104544	-0.109378	-0.049697	-0.043527	-0.039802	-0.044347	-0.047156	0.123966	0.108443	0.116326	0.115832	0.115170	-0.054466	-0.047395	-0.035847	-0.067225	-0.057401	-0.161657	-0.160123	-0.164619	-0.160422	-0.168876	-0.173994	-0.163386	-0.160491	-0.158636	-0.165058	0.020022	0.011868	0.013063	0.007845	0.022172	-0.007377	-0.043942	-0.047984	-0.036791	-0.076919	0.137235	0.121828	0.138215	0.110486	0.142176	-0.049501	-0.055576	-0.062177	-0.022766	-0.030123	-0.114778	-0.125972	-0.104062	-0.097773	-0.100702	-0.050910	-0.051843	-0.048942	-0.068187	-0.060344	-0.039938	-0.158436	-0.049982	-0.057754	-0.161116	-0.039987	-0.038689	-0.046483	-0.037507	-0.021369	-0.045700	-0.050713	-0.053681	-0.054318	-0.046017	0.011345	0.018262	0.182046	0.142456	-0.053107	-0.046333	-0.001300	-0.004408	-0.003390	-0.013630	-0.061791	-0.046082	
-0.112438	-0.122523	-0.129211	-0.124203	-0.119300	0.021485	0.190584	0.146158	0.861216	0.168210	-0.024967	0.002527	0.001005	-0.000567	-0.030577	0.129717	0.124640	0.125590	0.135818	0.107522	-0.108378	-0.070781	-0.012627	-0.057850	-0.052919	-0.045820	-0.053901	-0.043747	-0.058151	-0.056337	0.048005	0.036378	0.031919	0.050341	0.046816	-0.060110	-0.102173	-0.043932	-0.056785	-0.045131	-0.080298	-0.070790	-0.064824	-0.039686	-0.058127	-0.037199	-0.054375	-0.050347	-0.050034	-0.045633	-0.042301	-0.044225	-0.052374	-0.047124	-0.039785	0.085731	0.129214	0.051289	0.073259	0.103203	0.120526	0.121196	0.131133	0.129957	0.118982	0.131401	0.131701	0.153833	0.128233	0.129796	0.017097	0.015981	0.030303	0.015843	0.012640	0.130369	0.130770	0.138146	0.134985	0.135095	0.136828	0.129718	0.125731	0.125202	0.131283	-0.121457	-0.121571	-0.123265	-0.114153	-0.117067	-0.055349	-0.046466	-0.056958	-0.058707	-0.044391	0.116585	0.125971	0.130456	0.122663	0.114222	-0.049036	-0.062392	-0.044407	-0.060762	-0.063521	-0.153448	-0.161967	-0.164962	-0.166360	-0.175294	-0.176232	-0.168685	-0.155188	-0.165812	-0.175580	0.016627	0.012381	0.020969	0.010372	0.033884	-0.000864	-0.056503	-0.045776	-0.051087	-0.067533	0.138364	0.144011	0.132184	0.101491	0.142008	-0.034339	-0.048123	-0.055400	-0.047392	-0.043914	-0.120335	-0.132425	-0.107356	-0.114557	-0.105232	-0.053722	-0.054854	-0.056487	-0.052652	-0.062381	-0.050811	-0.150344	-0.059977	-0.067607	-0.154236	-0.057240	-0.038229	-0.047067	-0.048955	-0.031555	-0.046963	-0.038411	-0.052268	-0.053705	-0.048330	0.021406	0.029877	0.123724	0.116989	-0.033805	-0.063749	-0.003433	0.003884	-0.000790	0.000131	-0.050135	-0.038514	
-0.108546	-0.120423	-0.121551	-0.112433	-0.116653	0.039031	0.160549	0.203816	0.168210	0.790587	-0.019396	0.001154	-0.008375	-0.015068	-0.019408	0.137836	0.137343	0.143638	0.136278	0.122190	-0.109589	-0.070475	-0.018499	-0.087525	-0.060640	-0.055129	-0.059145	-0.053042	-0.041670	-0.056933	0.040801	0.038047	0.035567	0.034649	0.028498	-0.047476	-0.085065	-0.050712	-0.041768	-0.039307	-0.076196	-0.059445	-0.060217	-0.047186	-0.056437	-0.055482	-0.063975	-0.058027	-0.043258	-0.042438	-0.045560	-0.041538	-0.046285	-0.042536	-0.044430	0.064890	0.137732	0.067410	0.071588	0.086517	0.121944	0.126783	0.134342	0.127565	0.124370	0.142626	0.138684	0.143737	0.150438	0.146926	0.004857	0.007913	0.004082	-0.001345	0.013901	0.135220	0.115157	0.127938	0.132055	0.123702	0.132944	0.126511	0.129928	0.090193	0.123232	-0.116861	-0.113270	-0.115549	-0.106319	-0.114542	-0.051759	-0.038277	-0.052165	-0.051205	-0.057598	0.125941	0.126454	0.136497	0.135566	0.124107	-0.060014	-0.053999	-0.046307	-0.055360	-0.050308	-0.168513	-0.157924	-0.172434	-0.166224	-0.167754	-0.171024	-0.165694	-0.168851	-0.166308	-0.169193	0.014756	0.013213	0.022282	0.020740	0.020103	-0.006414	-0.054018	-0.043537	-0.048903	-0.078341	0.159975	0.128523	0.139460	0.125060	0.149491	-0.053851	-0.052880	-0.065596	-0.044046	-0.047802	-0.118953	-0.130691	-0.110613	-0.108468	-0.101727	-0.057075	-0.052261	-0.062430	-0.070296	-0.055726	-0.042506	-0.147059	-0.063520	-0.059916	-0.158751	-0.046484	-0.051451	-0.050151	-0.041745	-0.027866	-0.051924	-0.053123	-0.056367	-0.058724	-0.054405	0.019190	0.023878	0.155016	0.158864	-0.047442	-0.055785	-0.009233	-0.006786	-0.006903	-0.009158	-0.047978	-0.056408	
-0.087278	-0.083508	-0.052646	-0.077804	-0.042719	-0.023983	-0.032297	-0.036883	-0.024967	-0.019396	1.299178	0.465583	0.506978	0.506670	0.537096	-0.035731	-0.016443	-0.027931	-0.026604	0.002963	-0.018728	-0.081789	0.229021	-0.046021	-0.066976	-0.089778	-0.097127	-0.088099	-0.098421	-0.111959	-0.053353	-0.031032	-0.016649	-0.038744	-0.022839	-0.064608	-0.078049	-0.063813	-0.083323	-0.077536	-0.084748	-0.108349	-0.097249	-0.082359	-0.082838	-0.092880	-0.101052	-0.067209	-0.093237	-0.092169	-0.087949	-0.076305	-0.089226	-0.087263	-0.101481	0.218165	0.019856	0.176669	0.164822	0.126349	-0.024686	-0.032507	-0.034875	-0.031057	-0.032373	0.043847	-0.010776	-0.010987	0.012291	0.040805	-0.060039	-0.056054	-0.046034	-0.093739	-0.063227	0.019107	0.026981	0.028079	0.009221	0.009804	-0.008030	-0.036503	-0.039413	0.030019	-0.022668	-0.072489	-0.057072	-0.071839	-0.067993	-0.068673	-0.082236	-0.095544	-0.102002	-0.110342	-0.093866	0.026159	0.012834	0.011317	0.014795	-0.004344	-0.075803	-0.092414	-0.105741	-0.067018	-0.071953	-0.091577	-0.093213	-0.095602	-0.092099	-0.096200	-0.095852	-0.076035	-0.093805	-0.062432	-0.104670	0.383126	0.358787	0.374560	0.402814	0.364479	-0.050202	-0.084053	-0.102596	-0.079466	-0.088619	-0.037812	-0.010927	-0.042308	-0.034377	-0.035716	-0.097073	-0.060879	-0.045030	-0.073369	-0.050240	-0.053447	-0.064656	-0.082956	-0.072654	-0.076837	-0.090962	-0.095010	-0.090580	-0.047416	-0.073373	-0.099085	-0.060738	-0.100795	-0.033739	-0.084477	-0.088197	-0.098915	-0.020431	-0.086037	-0.083825	-0.071788	-0.092710	-0.077418	-0.060867	-0.096134	0.405650	0.394308	0.012238	0.031068	-0.055497	-0.067475	0.450454	0.460077	0.443428	0.431830	-0.102200	-0.069125	
-0.088208	-0.092730	-0.095981	-0.082687	-0.071815	-0.029092	0.006363	0.002118	0.002527	0.001154	0.465583	1.187819	0.491429	0.456115	0.490079	-0.003117	0.005783	-0.009796	-0.010698	-0.017374	-0.077532	-0.083149	0.277459	-0.081801	-0.097954	-0.110881	-0.100446	-0.095593	-0.095412	-0.115648	-0.053930	-0.044265	-0.058140	-0.076018	-0.053746	-0.102234	-0.108339	-0.078249	-0.098504	-0.096873	-0.110184	-0.105723	-0.106580	-0.104784	-0.095349	-0.095492	-0.103680	-0.093826	-0.093474	-0.102257	-0.100997	-0.087266	-0.095480	-0.090912	-0.093059	0.251230	0.048987	0.230260	0.212435	0.123038	-0.016716	-0.009211	-0.017455	-0.005444	-0.014269	0.025814	0.034870	0.016407	0.007611	0.032936	-0.058679	-0.069824	-0.041564	-0.055312	-0.065294	0.038164	0.059620	0.057915	0.054246	0.047983	-0.021102	-0.008645	-0.022029	-0.001542	-0.011720	-0.098195	-0.087333	-0.081264	-0.085882	-0.088353	-0.101635	-0.096876	-0.102540	-0.094856	-0.092183	0.057552	0.036262	0.042803	0.037230	0.022203	-0.102966	-0.117527	-0.104796	-0.099422	-0.098435	-0.105856	-0.094940	-0.105335	-0.103618	-0.107372	-0.110662	-0.101840	-0.104768	-0.108095	-0.115942	0.413948	0.439722	0.429786	0.431028	0.429321	-0.070454	-0.103837	-0.093110	-0.097074	-0.074518	-0.020191	-0.000930	-0.008152	-0.014315	-0.008933	-0.081328	-0.096701	-0.095269	-0.076165	-0.078624	-0.089747	-0.101260	-0.088185	-0.084175	-0.083927	-0.081528	-0.078641	-0.070462	-0.062040	-0.084974	-0.072599	-0.098609	-0.084788	-0.077243	-0.102224	-0.087536	-0.093506	-0.081406	-0.089776	-0.098323	-0.091407	-0.100602	-0.102042	-0.091552	-0.093041	0.480693	0.465544	0.002853	-0.005369	-0.094389	-0.096434	0.541280	0.545278	0.563076	0.531959	-0.087820	-0.093425	
-0.098292	-0.100141	-0.085555	-0.091618	-0.067794	-0.037756	-0.003361	-0.000424	0.001005	-0.008375	0.506978	0.491429	1.230763	0.567167	0.591454	-0.022077	-0.013614	-0.010023	-0.009015	-0.016715	-0.062046	-0.059989	0.228738	-0.054728	-0.065263	-0.090382	-0.099039	-0.108838	-0.091610	-0.105055	-0.053712	-0.044190	-0.017587	-0.064664	-0.048104	-0.079968	-0.074202	-0.069445	-0.086155	-0.099982	-0.079951	-0.071858	-0.080480	-0.082594	-0.048141	-0.047924	-0.090770	-0.063037	-0.101588	-0.094659	-0.109018	-0.094139	-0.086593	-0.091611	-0.094071	0.216143	0.025982	0.205919	0.203750	0.167958	-0.014023	-0.008757	-0.022968	-0.014008	-0.015938	0.034851	0.015161	-0.000257	0.035077	0.009684	-0.059825	-0.068937	-0.064407	-0.087347	-0.070819	0.025260	0.035321	0.041751	0.019828	0.045039	-0.008014	-0.015264	-0.036238	-0.010830	0.000266	-0.103853	-0.091132	-0.077216	-0.092288	-0.095473	-0.091637	-0.104113	-0.108078	-0.105352	-0.097935	0.034351	0.024453	0.015810	0.035014	0.019006	-0.066358	-0.114107	-0.105728	-0.098652	-0.080414	-0.101940	-0.100944	-0.107676	-0.109400	-0.101340	-0.120129	-0.105415	-0.104428	-0.106090	-0.120505	0.403134	0.387320	0.382644	0.394654	0.404020	-0.057349	-0.104027	-0.098965	-0.096292	-0.070771	-0.012821	-0.007471	-0.012609	-0.023558	-0.019126	-0.074104	-0.107701	-0.089417	-0.061676	-0.069730	-0.097078	-0.071922	-0.089899	-0.095306	-0.083504	-0.063994	-0.075200	-0.082110	-0.076025	-0.061022	-0.087486	-0.092052	-0.085962	-0.069314	-0.112924	-0.090788	-0.092284	-0.029986	-0.090651	-0.096897	-0.096810	-0.072781	-0.103877	-0.095344	-0.093052	0.438427	0.437861	0.029577	0.044149	-0.076203	-0.080210	0.516424	0.509151	0.518882	0.490784	-0.093435	-0.082946	
-0.063326	-0.041576	-0.075295	-0.083004	-0.014538	-0.007651	-0.005675	-0.005494	-0.000567	-0.015068	0.506670	0.456115	0.567167	1.170960	0.551616	-0.011208	-0.019571	-0.009939	-0.019835	0.013838	-0.067004	-0.046709	0.231380	-0.044457	-0.045966	-0.101315	-0.090301	-0.089372	-0.088698	-0.096440	-0.049937	-0.048175	-0.066947	-0.060278	-0.043816	-0.076426	-0.104178	-0.069771	-0.076640	-0.071945	-0.074318	-0.067040	-0.052268	-0.060083	-0.061650	-0.047760	-0.030386	-0.044758	-0.096600	-0.093100	-0.092219	-0.097272	-0.063874	-0.091356	-0.096039	0.185132	0.030556	0.186387	0.195541	0.154111	-0.022436	-0.010030	-0.019274	-0.013304	-0.017217	0.048033	0.017101	-0.004443	0.020494	-0.000634	-0.066492	-0.067117	-0.054185	-0.079022	-0.068209	0.017063	0.013314	0.036235	0.013016	0.024371	-0.013796	-0.024787	-0.025190	-0.044680	-0.010096	-0.062587	-0.058944	-0.065001	-0.065200	-0.060516	-0.086072	-0.086102	-0.096381	-0.085815	-0.100894	0.040168	0.017357	0.018198	0.019286	0.027815	-0.076123	-0.094439	-0.096229	-0.097875	-0.072857	-0.122063	-0.118718	-0.101953	-0.118071	-0.101121	-0.103730	-0.115759	-0.107868	-0.109468	-0.104569	0.370391	0.349914	0.374495	0.360967	0.346097	-0.069683	-0.082137	-0.100163	-0.092888	-0.067269	-0.029947	-0.015646	-0.002144	-0.024724	-0.021312	-0.068371	-0.118485	-0.084502	-0.036352	-0.031493	-0.069176	-0.050225	-0.078634	-0.081389	-0.067229	-0.065123	-0.080901	-0.068419	-0.072276	-0.079852	-0.090834	-0.091972	-0.080271	-0.033702	-0.104567	-0.099893	-0.100704	-0.050758	-0.078416	-0.088020	-0.086354	-0.071364	-0.099278	-0.094817	-0.101635	0.420514	0.375937	0.038880	0.063623	-0.098360	-0.076656	0.447807	0.445633	0.443909	0.429185	-0.085457	-0.068968	
-0.091413	-0.075268	-0.065972	-0.083578	-0.053575	-0.015192	0.001847	-0.002298	-0.030577	-0.019408	0.537096	0.490079	0.591454	0.551616	1.240019	-0.013258	-0.023720	-0.000158	-0.019930	-0.042798	-0.050801	-0.079022	0.250239	-0.055270	-0.075244	-0.087485	-0.080196	-0.100253	-0.093798	-0.094461	-0.046596	-0.052241	-0.028875	-0.047044	-0.046431	-0.095124	-0.084930	-0.091203	-0.096827	-0.078337	-0.072997	-0.079441	-0.091344	-0.054710	-0.054704	-0.062772	-0.087655	-0.061402	-0.108803	-0.095520	-0.094075	-0.095845	-0.113079	-0.080677	-0.096561	0.211418	0.015532	0.214927	0.194571	0.135144	-0.018327	-0.026480	-0.030385	-0.017029	-0.024780	0.032075	0.010748	-0.004016	0.030278	-0.005400	-0.062114	-0.080283	-0.075232	-0.096905	-0.071683	0.009922	0.033972	0.034128	0.024640	0.026663	-0.018361	-0.031189	-0.040847	-0.052745	-0.008665	-0.071013	-0.071689	-0.072917	-0.080142	-0.075897	-0.094018	-0.101128	-0.102267	-0.099115	-0.106146	0.037503	0.006942	0.008198	0.028380	0.015888	-0.083487	-0.091613	-0.100152	-0.088000	-0.066203	-0.078983	-0.082665	-0.082574	-0.086392	-0.091143	-0.074188	-0.078361	-0.071528	-0.095903	-0.082191	0.382740	0.356494	0.359937	0.383236	0.353792	-0.057320	-0.086292	-0.087154	-0.100225	-0.078484	-0.011847	-0.012987	-0.021284	-0.026641	-0.019872	-0.076627	-0.081086	-0.100943	-0.068046	-0.059199	-0.081006	-0.093282	-0.080554	-0.098586	-0.063149	-0.061322	-0.062412	-0.069156	-0.034142	-0.057030	-0.077357	-0.068265	-0.056740	-0.046812	-0.093698	-0.069572	-0.094350	-0.066988	-0.093750	-0.092882	-0.094881	-0.088385	-0.069794	-0.092693	-0.095007	0.432681	0.376165	0.032635	0.023947	-0.102440	-0.079917	0.465102	0.459435	0.471333	0.433223	-0.095322	-0.097020	
-0.102486	-0.122354	-0.133989	-0.115235	-0.111668	0.018186	0.132746	0.136873	0.129717	0.137836	-0.035731	-0.003117	-0.022077	-0.011208	-0.013258	0.798565	0.183633	0.169417	0.229797	0.259390	-0.120866	-0.077614	-0.020581	-0.071729	-0.055365	-0.045627	-0.051725	-0.045199	-0.044863	-0.044189	0.054640	0.053635	0.046282	0.045411	0.035704	-0.048682	-0.092962	-0.042034	-0.042197	-0.035788	-0.073148	-0.049286	-0.051604	-0.048274	-0.058393	-0.024583	-0.044416	-0.057790	-0.040472	-0.044482	-0.042557	-0.038695	-0.047903	-0.036680	-0.043095	0.056000	0.118130	0.044350	0.046369	0.089344	0.129786	0.146234	0.138945	0.135082	0.141440	0.117072	0.116364	0.122147	0.115656	0.123419	0.018158	0.017234	0.006857	0.005019	0.017561	0.122839	0.090303	0.116303	0.103108	0.121556	0.113983	0.134257	0.131011	0.101124	0.134519	-0.122499	-0.111734	-0.116277	-0.114268	-0.120602	-0.049769	-0.036422	-0.047586	-0.042080	-0.038498	0.112857	0.093901	0.101233	0.115008	0.101556	-0.055979	-0.040693	-0.036909	-0.051471	-0.053126	-0.163372	-0.166776	-0.169955	-0.161937	-0.167400	-0.175507	-0.174346	-0.166068	-0.167737	-0.165893	0.003985	0.000363	0.008785	0.006183	0.005962	-0.008864	-0.038811	-0.044951	-0.044248	-0.072936	0.150108	0.131716	0.137988	0.130297	0.144462	-0.036667	-0.052041	-0.051877	-0.041030	-0.046874	-0.113627	-0.114904	-0.108920	-0.110052	-0.100274	-0.042858	-0.042746	-0.044886	-0.063553	-0.054170	-0.038383	-0.159989	-0.042027	-0.041276	-0.149652	-0.044959	-0.031803	-0.031989	-0.027739	-0.024017	-0.043217	-0.041827	-0.035455	-0.059389	-0.048892	-0.004131	0.015523	0.107433	0.102295	-0.044705	-0.048754	-0.016114	-0.022205	-0.022292	-0.028439	-0.054006	-0.038134	
-0.109150	-0.122202	-0.120047	-0.108064	-0.121755	0.011029	0.134537	0.139187	0.124640	0.137343	-0.016443	0.005783	-0.013614	-0.019571	-0.023720	0.183633	0.818709	0.181198	0.183783	0.173546	-0.111108	-0.065609	-0.027911	-0.086827	-0.056596	-0.056821	-0.053258	-0.044327	-0.043565	-0.053182	0.054249	0.060416	0.051793	0.043108	0.054699	-0.042501	-0.101523	-0.040160	-0.053792	-0.025757	-0.075786	-0.053078	-0.050812	-0.059223	-0.043637	-0.033408	-0.033985	-0.051581	-0.043097	-0.047584	-0.045532	-0.040689	-0.041386	-0.041254	-0.040156	0.061230	0.117197	0.049450	0.077063	0.083222	0.135367	0.141498	0.148871	0.144853	0.152785	0.117956	0.127022	0.123378	0.117264	0.131547	0.021164	0.023312	0.018667	0.022956	0.021849	0.112352	0.101581	0.115560	0.112933	0.111822	0.119235	0.144543	0.130933	0.102677	0.134230	-0.114965	-0.108781	-0.111283	-0.116258	-0.113771	-0.048772	-0.049670	-0.043384	-0.048983	-0.044686	0.109375	0.110880	0.108731	0.112160	0.100520	-0.041827	-0.046518	-0.049870	-0.059821	-0.047518	-0.170781	-0.167237	-0.166776	-0.164350	-0.168269	-0.181181	-0.172930	-0.169383	-0.180969	-0.173229	0.004459	-0.001860	0.011257	0.015736	0.007439	0.001633	-0.041139	-0.041195	-0.037856	-0.073629	0.161276	0.149562	0.143537	0.138699	0.150855	-0.049548	-0.053921	-0.054720	-0.039992	-0.036508	-0.111111	-0.114338	-0.101911	-0.107842	-0.102153	-0.054972	-0.051057	-0.059123	-0.051967	-0.050508	-0.041158	-0.168579	-0.064572	-0.055541	-0.156544	-0.038428	-0.042957	-0.014049	-0.037076	-0.029958	-0.042405	-0.053448	-0.048095	-0.059250	-0.045771	-0.002878	0.013531	0.099826	0.102276	-0.049939	-0.047550	-0.022846	-0.019267	-0.021359	-0.030872	-0.059102	-0.040190	
-0.100456	-0.112862	-0.116878	-0.107908	-0.100134	0.024908	0.138207	0.139181	0.125590	0.143638	-0.027931	-0.009796	-0.010023	-0.009939	-0.000158	0.169417	0.181198	0.786772	0.166243	0.147662	-0.110056	-0.059966	-0.034850	-0.082217	-0.046363	-0.055273	-0.050778	-0.040326	-0.032691	-0.056833	0.063145	0.061506	0.048023	0.056521	0.054577	-0.047468	-0.081401	-0.038984	-0.039829	-0.040800	-0.071679	-0.060308	-0.052714	-0.049804	-0.048507	-0.057245	-0.033968	-0.041177	-0.032940	-0.043517	-0.039584	-0.043180	-0.048911	-0.042963	-0.041149	0.049633	0.112030	0.034050	0.055175	0.066234	0.129711	0.146193	0.146364	0.142612	0.143567	0.110183	0.111604	0.117780	0.110521	0.122646	0.020295	0.022984	0.025766	-0.005276	0.017031	0.109570	0.095884	0.110958	0.122880	0.108697	0.108991	0.136106	0.127956	0.112113	0.132213	-0.118596	-0.114458	-0.111770	-0.104105	-0.114472	-0.048056	-0.035230	-0.058954	-0.047397	-0.048747	0.118029	0.102225	0.105528	0.124344	0.110673	-0.046903	-0.050259	-0.044951	-0.055737	-0.051181	-0.167082	-0.167554	-0.163839	-0.172057	-0.176894	-0.177280	-0.167010	-0.171581	-0.172613	-0.173469	0.005072	0.002862	0.008531	0.001645	0.002912	-0.001745	-0.053520	-0.039118	-0.040464	-0.078436	0.157162	0.148621	0.134624	0.143155	0.141952	-0.051177	-0.038314	-0.056839	-0.033380	-0.027615	-0.102316	-0.117591	-0.109115	-0.103009	-0.098717	-0.041434	-0.040801	-0.038803	-0.065279	-0.048937	-0.045906	-0.164846	-0.047613	-0.056150	-0.158294	-0.038972	-0.039511	-0.024798	-0.032979	-0.030080	-0.049383	-0.036872	-0.036937	-0.046638	-0.053316	-0.004507	0.017654	0.096387	0.112251	-0.041801	-0.037699	-0.012405	-0.025297	-0.013919	-0.026342	-0.048849	-0.047348	
-0.110631	-0.119229	-0.125607	-0.115123	-0.105759	0.016666	0.128099	0.130478	0.135818	0.136278	-0.026604	-0.010698	-0.009015	-0.019835	-0.019930	0.229797	0.183783	0.166243	0.839767	0.215269	-0.113743	-0.083730	-0.023442	-0.059139	-0.051438	-0.050223	-0.057120	-0.050406	-0.052598	-0.054712	0.055646	0.057900	0.050911	0.053814	0.059843	-0.048346	-0.091124	-0.043300	-0.044674	-0.029791	-0.077764	-0.047250	-0.062827	-0.047615	-0.039375	-0.054917	-0.052045	-0.053857	-0.040004	-0.037081	-0.041662	-0.050890	-0.035625	-0.040871	-0.043041	0.036966	0.116925	0.042364	0.047466	0.082667	0.120291	0.139092	0.143800	0.134776	0.132727	0.123195	0.114590	0.117234	0.116572	0.110198	0.026776	0.029932	0.032831	0.016264	0.020243	0.109760	0.110321	0.115869	0.112822	0.113842	0.117163	0.132215	0.129556	0.124171	0.133292	-0.124951	-0.112382	-0.112201	-0.108109	-0.116792	-0.053197	-0.046798	-0.053956	-0.047584	-0.048236	0.102348	0.088661	0.106618	0.111836	0.105234	-0.035267	-0.052242	-0.039045	-0.027997	-0.051735	-0.161951	-0.169713	-0.172495	-0.165395	-0.168009	-0.170782	-0.164827	-0.166585	-0.168954	-0.168910	0.002929	0.005934	-0.000010	0.013192	0.009688	0.001670	-0.047148	-0.044594	-0.039827	-0.069927	0.159087	0.146915	0.137008	0.119781	0.132615	-0.030597	-0.036333	-0.053710	-0.049309	-0.031951	-0.116448	-0.111265	-0.108044	-0.115738	-0.103840	-0.051439	-0.047935	-0.043522	-0.049105	-0.046121	-0.044295	-0.156126	-0.054403	-0.050609	-0.169646	-0.039419	-0.043851	-0.018496	-0.034251	-0.030338	-0.046267	-0.048075	-0.034411	-0.054830	-0.034826	-0.005539	0.011492	0.104309	0.103053	-0.052180	-0.055339	-0.017509	-0.019214	-0.023739	-0.015500	-0.053361	-0.043619	
-0.123125	-0.094137	-0.111449	-0.126685	-0.096628	0.028192	0.128597	0.122038	0.107522	0.122190	0.002963	-0.017374	-0.016715	0.013838	-0.042798	0.259390	0.173546	0.147662	0.215269	0.941938	-0.104855	-0.075434	-0.006659	-0.067534	-0.067395	-0.050823	-0.053620	-0.060458	-0.050062	-0.042412	0.037829	0.053022	0.064033	0.023767	0.049610	-0.047816	-0.093049	-0.038300	-0.020655	-0.023927	-0.066511	-0.011439	-0.036784	-0.057202	-0.033255	-0.031871	0.057081	-0.046459	-0.059337	-0.048266	-0.052716	-0.047651	0.003352	-0.041486	-0.055569	0.067353	0.078718	0.025645	0.113664	0.180416	0.133303	0.123335	0.130679	0.111725	0.136533	0.146391	0.098141	0.106129	0.157727	0.080301	0.029661	0.011018	0.020879	0.068057	0.023414	0.098130	0.074426	0.086622	0.103870	0.091299	0.145951	0.112657	0.110629	0.088387	0.100956	-0.094146	-0.111858	-0.122717	-0.121284	-0.120250	-0.051642	-0.060060	-0.032576	-0.054356	-0.056355	0.077354	0.100916	0.092302	0.088201	0.104715	-0.061755	-0.058086	-0.060180	-0.041672	-0.042364	-0.182532	-0.182703	-0.178323	-0.178520	-0.172023	-0.147281	-0.187320	-0.193326	-0.181634	-0.160973	0.047707	-0.003661	0.018922	0.023452	0.000166	-0.018374	-0.054794	-0.055664	-0.058355	-0.042822	0.135779	0.128906	0.096997	0.174983	0.111532	-0.035632	-0.016743	-0.044536	-0.031990	-0.043977	-0.107021	-0.045561	-0.122674	-0.119410	-0.119058	-0.070064	-0.042326	-0.058450	-0.063166	-0.037952	-0.052629	-0.155015	-0.053527	-0.049121	-0.154909	-0.003779	-0.032699	-0.053400	-0.050082	-0.038819	-0.059906	-0.050985	-0.054686	-0.064114	-0.037812	0.002041	-0.001553	0.118593	0.141441	-0.053186	-0.065051	-0.017083	-0.028297	-0.026166	0.021654	-0.034640	-0.043255	
0.431352	0.452470	0.426143	0.460103	0.432321	0.138883	-0.104273	-0.111721	-0.108378	-0.109589	-0.018728	-0.077532	-0.062046	-0.067004	-0.050801	-0.120866	-0.111108	-0.110056	-0.113743	-0.104855	1.281140	0.122565	0.134966	0.267905	0.097038	-0.076561	-0.074611	-0.078494	-0.079484	-0.074300	-0.080221	-0.085366	-0.095010	-0.063439	-0.077897	-0.056043	-0.012793	-0.074116	-0.077821	-0.077084	-0.037840	-0.057579	-0.069620	-0.059837	-0.060867	-0.066611	-0.061185	-0.065987	-0.057823	-0.073259	-0.063139	-0.077221	-0.070514	-0.067231	-0.073535	-0.107059	-0.117564	-0.067184	-0.109532	-0.165252	-0.108005	-0.106275	-0.109568	-0.107798	-0.112942	-0.116837	-0.110043	-0.106413	-0.076663	-0.116970	-0.073561	-0.079686	-0.049903	-0.098296	-0.073320	-0.109152	-0.109948	-0.126113	-0.106560	-0.109643	-0.105562	-0.123026	-0.111630	-0.074047	-0.111661	0.621865	0.612175	0.622350	0.625140	0.607410	-0.070921	-0.076453	-0.082586	-0.078623	-0.084213	-0.124363	-0.122410	-0.118090	-0.116401	-0.118032	-0.070584	-0.051945	-0.070763	-0.050273	-0.074087	0.122099	0.131005	0.123412	0.123438	0.129416	0.118189	0.120012	0.112662	0.136903	0.121474	-0.089696	-0.080552	-0.089501	-0.082858	-0.085522	-0.083797	-0.080724	-0.069529	-0.068271	0.077619	-0.105737	-0.104439	-0.117434	-0.098802	-0.118446	-0.052031	-0.028218	-0.040200	-0.044363	-0.075936	0.455783	0.421449	0.437035	0.442393	0.431024	-0.064309	-0.070356	-0.083332	-0.058017	-0.081410	-0.064892	0.118585	-0.069063	-0.054998	0.127673	-0.049454	-0.060919	-0.094048	-0.073989	-0.070939	-0.069132	-0.056537	-0.056566	-0.064122	-0.050173	-0.077828	-0.096898	-0.111723	-0.088624	-0.064110	-0.057454	-0.076628	-0.072428	-0.086512	-0.077018	-0.051439	-0.061353	
0.056035	0.064095	0.028134	0.067733	0.065289	-0.015693	-0.063351	-0.070953	-0.070781	-0.070475	-0.081789	-0.083149	-0.059989	-0.046709	-0.079022	-0.077614	-0.065609	-0.059966	-0.083730	-0.075434	0.122565	1.125184	-0.015885	0.105430	0.030245	0.001911	0.006736	0.001839	-0.000784	-0.017554	-0.027759	-0.024434	-0.016973	-0.038230	-0.016407	0.012136	0.011721	0.006638	0.001885	0.017127	-0.006849	-0.021480	0.005774	0.011150	0.006237	0.002703	0.017652	0.005543	0.005561	0.007276	-0.003310	0.006457	0.009840	0.006789	-0.014273	-0.077956	-0.081630	-0.055340	-0.056638	-0.079716	-0.048727	-0.065370	-0.033867	-0.071602	-0.066267	-0.067319	-0.090463	-0.058192	-0.067158	-0.047687	-0.012403	-0.019306	-0.025868	-0.002430	-0.021239	-0.066550	-0.067363	-0.075306	-0.053268	-0.082746	-0.052024	-0.055282	-0.066092	-0.004925	-0.048190	0.107989	0.111275	0.097339	0.104356	0.127691	0.001504	-0.044474	-0.014313	-0.015326	0.000591	-0.080621	-0.057788	-0.085556	-0.075216	-0.068074	-0.008450	0.005320	0.019322	-0.000846	0.019542	-0.039304	-0.064633	-0.069452	-0.067374	-0.067129	-0.060088	-0.048300	-0.059442	-0.068067	-0.068496	-0.093452	-0.087103	-0.091787	-0.103651	-0.093447	-0.000955	0.017041	0.006523	0.010469	0.040626	-0.086707	-0.065540	-0.057180	-0.076038	-0.071989	0.012684	0.040964	0.063162	-0.011654	-0.006423	0.059812	0.089606	0.063850	0.065292	0.071464	0.371617	0.377492	0.372549	0.349769	0.382012	0.247198	-0.032542	0.247769	0.189387	-0.036795	-0.007708	0.009631	0.019870	-0.022954	-0.022802	-0.005898	0.009904	-0.000146	0.016417	0.027931	-0.062939	-0.084781	-0.052216	-0.082770	0.017860	0.018366	-0.109472	-0.089832	-0.095204	-0.076542	-0.014161	0.001034	
0.061689	0.052328	0.058076	0.064009	0.044849	0.019836	-0.027708	-0.030096	-0.012627	-0.018499	0.229021	0.277459	0.228738	0.231380	0.250239	-0.020581	-0.027911	-0.034850	-0.023442	-0.006659	0.134966	-0.015885	1.181726	0.035599	-0.000288	-0.076205	-0.080789	-0.097030	-0.082625	-0.064016	-0.049901	-0.043984	-0.049972	-0.052850	-0.053823	-0.080732	-0.062901	-0.052127	-0.067376	-0.075154	-0.065418	-0.046484	-0.087822	-0.083473	-0.050944	-0.059754	-0.053548	-0.050822	-0.071753	-0.077506	-0.090044	-0.089557	-0.071061	-0.075891	-0.084917	0.082889	-0.019839	0.112150	0.082280	0.045793	-0.036243	-0.020683	-0.038477	-0.051201	-0.036178	-0.009220	-0.014763	-0.006880	-0.021339	-0.019314	-0.051462	-0.061239	-0.018355	-0.068199	-0.056825	-0.016840	0.010717	0.004912	-0.003173	-0.017756	-0.030138	-0.034727	-0.034678	0.002885	-0.028683	0.103973	0.107553	0.089717	0.099816	0.087730	-0.082242	-0.084052	-0.090402	-0.094842	-0.085335	-0.019521	0.003984	0.013184	-0.019293	0.002159	-0.097494	-0.087773	-0.089828	-0.067474	-0.074707	-0.029845	-0.028471	-0.020600	-0.033610	-0.019432	-0.036964	-0.034560	-0.041779	-0.021391	-0.045354	0.208641	0.196675	0.193811	0.187718	0.204875	-0.016798	-0.078650	-0.075516	-0.082755	-0.022606	-0.048749	-0.019905	-0.040633	-0.012791	-0.042898	-0.050973	-0.091170	-0.070286	-0.061456	-0.083610	0.053496	0.048677	0.064129	0.057081	0.056641	-0.080653	-0.075106	-0.072863	-0.079069	-0.067749	-0.080717	-0.040254	-0.070016	-0.043226	-0.014404	-0.058807	-0.071445	-0.015757	-0.081624	-0.071571	-0.077147	-0.093405	-0.095707	-0.055867	-0.052205	0.262485	0.326570	0.003240	-0.033491	-0.079566	-0.068746	0.247812	0.278067	0.249664	0.257035	-0.074485	-0.067554	
