1.067494	0.036126	0.034296	-0.055703	0.016449	-0.219983	-0.187964	-0.165105	-0.029448	0.032324	-0.157995	-0.160343	0.113438	-0.192015	0.174153	0.255296	-0.113406	0.416586	-0.113355	-0.083771	0.108342	0.321825	-0.172425	-0.125722	0.001746	0.052323	-0.322514	0.439011	0.028658	-0.216139	0.012622	-0.352130	0.236071	-0.084420	-0.038227	-0.042150	-0.293108	0.196700	-0.227494	0.127682	0.046323	-0.147019	0.102490	-0.160296	-0.085082	-0.079821	-0.097762	-0.345611	-0.045561	-0.089239	0.768290	-0.129500	0.053948	-0.264602	-0.181478	-0.174279	-0.208981	0.083793	0.167755	0.054232	0.058739	-0.009115	-0.228970	-0.056655	0.025486	0.097438	-0.092680	0.197034	-0.140195	-0.053081	-0.259037	-0.054049	0.151370	-0.115612	0.019761	-0.178416	-0.184740	-0.053913	-0.012152	0.007757	-0.297891	-0.116328	-0.079646	-0.127444	0.468099	0.000424	0.128848	0.175487	0.220942	-0.305667	-0.152291	-0.166336	-0.185669	0.021765	0.162513	0.014946	-0.074723	-0.022061	0.388244	0.269781	-0.018791	0.331845	0.281101	-0.146779	0.065462	0.272479	0.055682	-0.191448	0.104022	-0.465218	0.015558	-0.092445	-0.027132	-0.253047	-0.023295	-0.162354	-0.206364	-0.064430	0.374502	0.286184	-0.110522	-0.103227	0.077104	-0.345339	-0.362386	-0.091883	0.002988	-0.037836	-0.187495	-0.296978	0.030929	-0.077680	-0.220008	-0.175718	-0.241280	0.127012	0.023047	0.357570	-0.016313	-0.218228	0.416284	0.192850	0.025029	0.168587	0.459428	0.756709	-0.084599	0.302660	-0.154031	0.022833	-0.034029	0.201648	-0.253849	-0.219091	-0.215218	-0.009885	0.388550	0.003667	-0.111470	0.216185	0.048035	0.363837	-0.179865	-0.167763	0.024283	0.023160	0.298862	0.051524	0.097001	0.026227	-0.136169	0.158274	
0.036126	0.911667	-0.165987	-0.105060	-0.077243	0.170499	0.246953	0.037756	-0.123140	-0.018811	-0.090521	-0.105747	-0.120177	-0.149458	-0.039318	0.164848	0.136547	-0.140142	-0.016202	-0.085218	0.167696	0.201358	-0.278337	0.020455	-0.121511	-0.093756	-0.075199	-0.188025	-0.168752	-0.124867	-0.044494	-0.099122	0.303545	0.156265	-0.092000	0.354235	-0.047671	-0.250468	0.207422	0.007318	-0.124580	0.106178	-0.018343	-0.061368	0.096561	0.008108	-0.197481	0.283046	-0.001057	-0.146355	0.181177	-0.080025	-0.167496	-0.030163	0.550896	0.018695	0.035668	-0.154944	-0.169577	0.122487	-0.034953	-0.249317	-0.057883	-0.113939	-0.174797	-0.349729	-0.029966	-0.099933	0.248534	-0.066232	0.127815	0.128888	-0.080471	0.251957	-0.246117	0.063782	-0.085812	-0.161345	0.013890	0.224301	-0.195620	-0.063776	-0.025050	-0.206049	-0.042420	-0.228779	0.157494	-0.058128	-0.122978	0.440479	0.100419	-0.118288	-0.240907	-0.070148	0.014557	0.077324	0.200807	-0.010528	-0.135151	0.107642	-0.107361	0.356422	-0.241195	-0.102274	0.310899	-0.147565	-0.039888	-0.203894	-0.189372	0.222722	-0.286565	0.160266	0.191088	0.168993	-0.001875	0.072084	-0.156890	0.023498	0.055941	-0.194316	-0.154761	-0.039097	-0.197529	-0.110901	0.028096	0.002026	0.062466	0.004721	0.210768	-0.062539	-0.087798	0.183299	0.020334	0.101277	-0.006841	-0.234360	-0.177236	-0.115686	0.086278	0.180013	0.036160	-0.472613	0.376061	0.728230	0.096711	-0.056829	-0.143830	0.172658	0.093284	0.342841	0.356453	0.053794	0.008726	0.057905	0.061777	-0.012797	0.223751	-0.051571	-0.166709	0.324749	-0.265242	-0.114024	0.013109	0.076210	-0.288805	0.413642	-0.215014	-0.225353	-0.205087	-0.277327	-0.233204	0.249546	
0.034296	-0.165987	0.561629	0.066603	-0.037429	-0.088898	-0.056879	0.098086	0.087737	-0.021554	-0.035688	-0.209100	0.064681	-0.106222	0.003918	0.044404	-0.167284	-0.098450	0.008951	0.196678	-0.134035	-0.099683	0.146894	-0.039904	0.137686	-0.063476	0.033756	0.155616	-0.101042	0.086009	0.143707	-0.038791	-0.145884	0.004951	0.092858	0.088935	-0.162023	0.080900	0.128777	0.030593	-0.179079	-0.195776	-0.131230	-0.029211	-0.205170	0.051264	0.233838	-0.290347	0.040231	0.041846	-0.264908	-0.183378	0.045413	-0.133516	-0.050393	-0.088486	0.064333	0.029914	-0.127886	0.000353	0.004861	-0.062993	-0.092094	0.256684	0.156571	0.152702	0.028845	0.154067	-0.009110	0.082859	0.043111	0.055337	-0.183825	-0.124146	-0.042897	-0.227173	-0.053655	0.209278	-0.100462	-0.041000	-0.166806	-0.039639	0.042660	-0.241527	0.195955	0.342794	0.013049	0.126730	0.145365	-0.117045	-0.016351	0.225404	0.116479	-0.026991	0.046714	-0.033811	0.056362	-0.163789	0.053050	-0.003493	0.103515	-0.089663	0.025682	-0.060986	-0.136651	0.038759	0.172866	-0.136185	0.241946	0.062115	-0.100241	0.043495	-0.066031	-0.121962	0.245901	0.139794	-0.089180	0.066655	0.156493	0.161605	0.020563	0.019079	0.213980	-0.043191	-0.231301	-0.145762	-0.085322	0.047956	0.168775	-0.165892	0.158458	0.098749	0.082140	-0.044633	0.060868	0.003102	0.379318	0.132168	0.172309	-0.266985	0.430578	-0.287755	-0.234717	-0.174832	-0.356009	0.118671	0.051342	0.052214	-0.022946	-0.118895	-0.010956	-0.093993	-0.304411	-0.088005	0.312116	0.099501	-0.212800	0.359938	0.019615	0.005292	0.175565	-0.116768	-0.094073	-0.036677	-0.077928	-0.178953	0.128627	-0.182197	-0.176272	-0.021862	-0.018985	-0.043839	
-0.055703	-0.105060	0.066603	0.965498	-0.307270	-0.053356	0.048484	-0.033279	-0.182104	0.246024	-0.125687	0.006284	-0.025317	-0.043038	0.192279	0.285174	-0.061922	-0.045282	0.411936	-0.155181	0.115652	-0.226357	-0.003693	0.023280	-0.142149	0.016501	-0.152962	-0.069164	-0.040114	0.003770	0.017034	-0.001933	-0.073666	0.068136	0.131325	-0.037739	0.061120	-0.026724	-0.178648	0.128196	0.044283	0.044994	-0.078062	0.006332	-0.141986	0.086807	-0.242095	0.120398	-0.239603	-0.084828	-0.211740	-0.122451	0.105432	-0.072589	-0.132632	-0.051627	0.389153	-0.077710	0.395806	-0.107271	0.043328	-0.145232	-0.256352	0.171399	-0.113269	0.232678	0.092029	0.001099	-0.278951	0.192124	0.078653	-0.064486	-0.148283	-0.089513	0.480796	0.013597	0.477797	-0.070557	-0.227135	0.012168	-0.086829	0.424352	0.283430	-0.243645	0.359054	0.009983	0.073977	0.036732	-0.018893	-0.053861	-0.296186	-0.153521	0.154947	0.026177	-0.079960	0.184499	0.117290	-0.249074	-0.073624	-0.085732	0.013517	-0.054121	0.015881	-0.172597	-0.263325	-0.051240	0.046193	-0.075257	-0.040310	-0.289744	0.125828	-0.041790	-0.151316	0.101182	-0.072909	0.013120	0.254670	-0.060019	-0.162318	0.071607	-0.249277	0.072247	-0.281046	-0.169865	0.112549	-0.228001	0.020041	-0.083409	0.144273	-0.292566	0.089252	-0.028834	0.117682	0.178511	0.242503	0.166201	-0.115708	0.187305	0.040944	0.136000	0.423702	0.092771	-0.171533	0.074855	0.073910	0.025339	-0.024969	-0.074459	-0.292786	-0.204180	-0.200600	0.191211	0.113499	0.281230	0.147858	-0.064757	0.002584	-0.135088	-0.088010	0.452713	-0.169572	-0.019165	-0.057214	0.024250	0.122755	-0.305627	-0.151208	-0.129028	-0.096296	-0.329286	0.324865	-0.151464	
0.016449	-0.077243	-0.037429	-0.307270	0.923938	-0.000154	0.031866	-0.089069	0.190382	0.107109	-0.118007	0.104830	0.008381	-0.114460	-0.004320	0.279514	0.106424	-0.154750	-0.218412	-0.030685	0.190259	-0.302493	-0.094870	0.044282	0.245335	-0.121241	-0.102685	0.137109	0.001603	0.003691	-0.059102	-0.042568	-0.057139	0.426168	0.036558	-0.113875	0.006863	0.103276	-0.007664	-0.051725	0.339873	-0.026890	-0.004032	-0.006835	0.366463	-0.006501	-0.175004	-0.372666	0.182410	-0.160964	0.087476	0.315516	-0.197619	-0.044772	0.038351	0.053693	-0.130021	0.383764	-0.184186	-0.017493	0.278569	0.064205	0.233938	0.019381	-0.046239	-0.221171	-0.015125	-0.127418	0.079634	-0.087014	0.503407	0.234860	-0.095080	-0.075624	-0.231806	0.086758	-0.256464	0.022122	-0.156762	0.218663	-0.223106	-0.074859	-0.039658	-0.109048	-0.403103	-0.071301	-0.044716	0.070430	0.047378	-0.077696	-0.034288	-0.134021	-0.112349	-0.084757	-0.156096	-0.091576	-0.001403	-0.021610	0.075426	0.123706	0.021197	-0.147428	-0.070840	0.314719	-0.192951	0.165957	0.130467	0.006683	-0.166896	-0.020203	0.067179	-0.014890	-0.178618	-0.033217	-0.174780	0.057476	0.238651	0.008890	0.440189	-0.065758	-0.182247	0.252724	0.393502	-0.125509	-0.142556	0.127947	0.003423	0.039719	-0.114175	0.148038	-0.119037	-0.104061	-0.066547	0.124253	-0.021450	-0.264483	-0.048678	-0.130835	-0.090694	-0.178241	-0.168480	0.066095	0.236647	0.098043	0.407438	-0.036786	-0.158980	-0.175148	0.065799	0.023284	-0.147397	-0.005249	-0.322348	-0.144306	-0.140433	-0.183449	0.101130	0.076987	0.187035	-0.223536	-0.101931	0.011896	0.281632	-0.094443	0.024717	-0.090209	-0.031547	0.170188	-0.047609	-0.119849	-0.062849	0.270092	
-0.219983	0.170499	-0.088898	-0.053356	-0.000154	0.409804	0.136441	0.117700	-0.046051	0.032892	-0.013432	0.133558	-0.043088	-0.069513	0.040627	-0.091261	0.026035	-0.063052	0.035502	-0.008129	0.053090	-0.054751	-0.030169	-0.094150	-0.041566	0.145549	0.001890	-0.053026	-0.091663	-0.047778	0.032595	0.149047	0.209651	0.041660	-0.014911	0.133867	0.191634	-0.011163	0.096910	-0.103194	0.123589	-0.004334	0.058746	0.177937	-0.018045	0.247413	-0.057289	0.037292	0.078887	-0.069266	-0.074932	-0.002936	-0.278008	0.046926	0.142926	0.266863	-0.026173	0.084361	0.069728	0.064334	0.042136	-0.172227	0.019206	-0.033995	-0.097708	-0.110424	0.049978	0.139372	0.028165	-0.180838	0.069662	-0.279083	0.158834	0.006203	-0.006812	-0.046730	0.153493	-0.081400	0.090980	0.003932	0.043685	-0.010158	0.052040	0.042119	-0.136313	0.010526	0.046982	0.018961	-0.045888	0.017399	-0.128112	-0.035269	-0.163818	0.006941	0.091646	-0.143045	0.090295	-0.125133	-0.058062	-0.112727	-0.030272	0.262529	-0.001890	0.145894	0.054790	-0.070476	0.037201	-0.126805	-0.049180	0.002353	-0.209476	-0.068265	-0.231993	0.220697	-0.116480	0.149174	0.082415	0.100587	-0.518128	-0.117227	-0.077672	0.037992	-0.120440	-0.033811	0.267401	-0.108486	-0.048046	0.084665	0.152615	0.014550	-0.147349	-0.224672	-0.037819	0.152981	0.070248	-0.182656	-0.100147	-0.035741	0.166223	0.231717	-0.219949	-0.233308	-0.198008	-0.040389	-0.113828	-0.322424	-0.008831	-0.083451	0.170374	-0.080239	0.262560	-0.056718	0.062344	-0.052608	-0.048735	0.064292	0.129858	0.025518	0.072596	0.043255	-0.017073	-0.224537	0.261277	0.153299	-0.049500	0.157533	-0.135070	-0.148264	0.034218	-0.200238	0.006101	0.155653	
-0.187964	0.246953	-0.056879	0.048484	0.031866	0.136441	0.543663	0.002436	-0.014031	0.277899	0.018587	-0.139805	-0.011068	0.009772	-0.074637	-0.014807	0.433258	-0.174200	-0.050260	-0.119276	0.132376	-0.165899	0.029363	-0.014864	-0.008361	0.202954	0.033909	-0.074875	-0.015208	0.171843	-0.078552	-0.134441	0.079455	0.120946	0.017108	0.022719	0.105872	-0.141359	0.316531	0.116427	-0.159899	0.072120	-0.052401	-0.095426	0.061241	-0.025950	-0.079979	0.139131	0.112093	-0.180413	-0.186079	0.073518	0.129214	0.123380	0.362547	-0.016624	0.201022	-0.045835	-0.203636	-0.065862	0.074156	0.047394	0.095660	0.193761	-0.065688	-0.053019	0.129264	0.009176	0.060185	0.241467	-0.203702	0.128140	-0.114530	0.063608	-0.280175	0.029724	0.067731	-0.048195	-0.020168	-0.107216	0.101090	0.243923	0.128494	-0.046819	-0.078908	-0.119670	0.123436	0.050981	0.030566	0.096684	-0.094906	-0.154966	-0.131798	-0.104206	-0.019502	-0.111025	0.166749	0.102622	-0.169210	0.106894	0.001747	-0.010834	-0.275253	0.010876	-0.056357	-0.038456	-0.073946	-0.050351	-0.071870	-0.108795	0.010145	0.159490	-0.004238	0.134935	0.111275	0.038026	-0.190948	-0.010560	-0.290373	-0.085207	-0.045652	-0.073155	-0.088420	-0.144959	-0.005962	0.111135	0.359176	-0.030599	0.022419	-0.096597	0.219901	-0.005051	-0.311182	0.067219	-0.040899	-0.125251	-0.068127	-0.151005	0.050959	0.145955	-0.187930	-0.363504	-0.118723	0.038897	-0.284147	-0.289218	-0.179150	-0.194598	0.202393	0.147516	-0.010803	0.350505	-0.026594	0.023846	0.027719	0.140746	-0.143505	0.057538	-0.057600	0.288261	-0.152092	-0.004916	-0.022211	0.229753	-0.179696	0.046386	-0.101864	-0.259411	0.091623	0.019383	-0.267262	0.025456	
-0.165105	0.037756	0.098086	-0.033279	-0.089069	0.117700	0.002436	0.472700	0.040732	-0.223023	0.176024	-0.168777	-0.032129	-0.043848	-0.085321	-0.056300	0.089702	-0.052833	0.058546	0.181523	-0.037198	0.107712	-0.172727	0.008478	-0.029791	-0.004405	0.014515	-0.046788	0.145043	-0.011206	0.046681	0.335124	-0.089865	-0.101144	-0.154521	0.151703	0.043063	-0.166921	-0.038558	-0.068675	-0.136050	0.008060	0.123948	0.180794	-0.163145	0.101231	0.069971	0.060402	-0.047060	0.092659	-0.014682	0.059658	-0.073666	0.061219	0.009162	-0.027308	0.127864	-0.169648	-0.234971	0.113131	-0.045213	0.036032	0.032472	0.162293	0.063164	-0.092461	0.143792	-0.162748	0.041763	-0.174419	-0.057641	-0.276541	0.009047	-0.099089	0.216749	-0.035906	0.003832	0.121987	0.106904	0.016956	-0.110366	-0.126930	0.092308	-0.117917	-0.119309	0.234729	0.061600	-0.119394	0.015438	-0.071630	-0.120001	0.197867	0.172004	0.020077	0.107918	-0.135464	0.106517	-0.099468	-0.047334	-0.053876	0.158560	0.116907	-0.107481	-0.148277	0.069375	-0.010060	0.127067	0.058452	-0.079365	0.040781	-0.052743	-0.215297	-0.015390	-0.078411	0.086907	0.193040	0.005732	0.117191	-0.130941	-0.083227	0.083942	0.381289	0.039590	0.154890	0.121636	-0.049802	-0.188883	-0.041282	0.002922	0.027644	0.039147	-0.068502	-0.017167	-0.148635	0.111191	-0.117544	0.060635	0.030966	0.240698	-0.066983	-0.037819	-0.347470	-0.172343	-0.131640	-0.267709	-0.085153	-0.052969	-0.048200	0.189239	-0.054574	0.116616	-0.197876	-0.096914	-0.042001	-0.012199	0.079552	-0.172614	0.039342	0.071552	0.066910	0.056912	-0.170150	-0.032894	0.171855	0.020544	0.175922	-0.109081	0.060883	-0.070036	0.006984	0.230140	-0.145864	
-0.029448	-0.123140	0.087737	-0.182104	0.190382	-0.046051	-0.014031	0.040732	1.185878	0.061212	0.007159	0.311401	-0.037516	-0.162057	-0.051917	-0.057793	0.060527	-0.200647	-0.093246	-0.130705	0.102213	-0.348390	-0.142467	0.435903	-0.035788	-0.167138	0.244094	0.089512	0.126769	0.128857	-0.105000	-0.105086	-0.103036	-0.101031	-0.009339	-0.159772	-0.264220	0.309848	-0.053562	0.073441	-0.134644	-0.297973	0.342747	-0.277918	-0.160736	-0.052398	-0.224432	0.145176	0.134813	0.270793	-0.183607	0.044433	-0.243516	-0.090669	-0.007546	0.006096	0.519170	0.112681	-0.230083	-0.063390	0.232672	0.018308	-0.274433	0.190389	-0.092136	-0.096005	0.155884	-0.173316	0.033737	0.232160	-0.059086	-0.273511	-0.140977	-0.121521	0.286036	-0.184325	-0.302362	0.151924	-0.202659	-0.289707	-0.269003	0.054943	0.085508	0.471946	-0.277938	0.053865	-0.090613	0.024533	0.001480	0.829954	-0.122334	-0.128740	0.012817	-0.130654	-0.201993	-0.137473	-0.047300	-0.069207	-0.195657	0.077808	0.146362	-0.193326	-0.116737	0.033596	-0.238848	0.120060	0.255633	-0.093337	-0.216323	0.357431	-0.203904	-0.021280	-0.173533	-0.079114	-0.044979	0.182641	0.138631	-0.037008	0.264082	0.059408	0.249510	-0.084584	-0.114868	0.392333	-0.188454	0.474726	0.435180	-0.007878	-0.160073	0.269631	0.010764	-0.375144	-0.166567	-0.146830	0.103716	0.253359	-0.094575	-0.125750	-0.085610	0.253516	-0.043315	0.187688	-0.290552	-0.130398	-0.119760	0.459787	-0.206577	-0.049983	0.019902	-0.024313	-0.193294	-0.051146	-0.003174	-0.190203	-0.015267	0.248308	-0.169953	0.031090	-0.084048	-0.098370	0.027871	-0.034001	0.000509	-0.140340	0.149883	-0.136106	-0.079144	-0.100895	-0.093506	0.226930	0.539971	-0.000991	
0.032324	-0.018811	-0.021554	0.246024	0.107109	0.032892	0.277899	-0.223023	0.061212	0.660403	-0.247177	-0.087310	0.024256	0.096553	0.012143	0.020517	0.352457	-0.138875	0.147280	-0.239996	0.210406	-0.286618	0.284367	-0.128648	-0.056173	0.099406	-0.231855	0.208627	0.060035	0.062123	-0.043228	-0.241824	-0.024093	0.157578	0.052433	-0.098000	0.147369	0.056181	0.050767	0.006707	-0.105459	-0.048599	-0.133202	-0.053930	-0.052543	0.026545	-0.100736	0.035583	0.048456	-0.145089	-0.266880	0.148762	0.193459	0.013660	0.096783	0.087963	0.192110	0.336669	-0.006095	0.160598	0.149399	0.122637	-0.170104	0.079976	-0.030364	0.144521	0.195888	0.050672	-0.049535	0.278100	-0.006161	0.018420	-0.062034	0.145024	-0.053715	-0.079997	0.109228	-0.111832	-0.140887	-0.227935	0.142586	0.348511	0.018774	-0.154202	-0.037411	0.106790	0.013716	0.086305	0.105809	-0.017100	-0.058274	-0.273126	-0.241518	-0.213926	-0.140221	-0.220746	0.057029	0.038986	-0.133885	0.182137	-0.107973	-0.114383	0.107251	0.115463	-0.177076	0.036787	0.146342	-0.160071	-0.092627	-0.374559	-0.099575	0.196123	-0.118022	0.187430	-0.114184	-0.071694	0.046511	-0.120280	-0.061926	-0.049883	-0.166372	-0.338919	-0.198141	-0.254679	-0.109510	0.186378	0.249456	0.056181	-0.081129	-0.206318	0.341580	-0.125770	-0.113642	0.264759	-0.150620	0.101209	-0.032803	-0.114372	-0.074232	0.042407	-0.152606	0.019000	-0.031942	-0.074887	-0.151062	-0.060772	-0.087462	-0.159274	-0.063371	0.083879	-0.114351	0.240784	0.016440	0.059171	0.063043	-0.125018	-0.091009	-0.052182	-0.005104	0.184713	0.082756	0.215372	0.082376	-0.036011	0.057763	-0.219378	-0.015084	-0.184168	0.318083	-0.061417	-0.029803	0.077952	
-0.157995	-0.090521	-0.035688	-0.125687	-0.118007	-0.013432	0.018587	0.176024	0.007159	-0.247177	0.931658	-0.109836	0.165099	-0.188588	-0.230061	-0.001377	0.054380	0.001967	0.109368	0.048112	-0.031094	0.108765	-0.168998	-0.187439	-0.163784	-0.134520	0.030234	-0.230299	-0.035422	0.005432	0.049913	0.039146	0.387762	-0.229028	0.154738	-0.127154	-0.085404	-0.291232	-0.020943	0.408196	0.222013	0.060685	-0.022432	-0.099101	-0.000085	-0.175823	-0.083937	-0.068684	-0.043331	-0.184088	-0.156110	-0.117758	0.208517	-0.067896	0.025073	-0.172048	-0.180223	-0.195708	0.104672	-0.069537	-0.075717	0.421958	-0.095616	0.021186	0.208975	0.346410	-0.043311	0.039145	0.056510	-0.004905	-0.182511	-0.109433	-0.118205	0.339676	0.067055	0.018289	0.017759	0.262427	-0.023843	0.210256	0.188152	0.351949	0.141924	-0.245180	-0.245319	0.047718	-0.214038	0.080950	-0.306908	-0.200607	0.199433	0.205402	0.313928	0.213266	-0.169374	0.197282	-0.170725	0.202412	-0.319082	-0.230580	0.348977	-0.160707	-0.099086	-0.144548	-0.060032	-0.008487	-0.052756	-0.070564	0.270022	-0.087604	-0.181131	-0.190483	0.148234	-0.202539	0.236851	0.059216	0.117745	-0.160433	-0.311335	0.394163	0.516513	0.274075	-0.092095	0.300767	-0.009637	0.198197	-0.165899	0.102625	-0.127454	-0.100272	0.004389	0.261853	-0.002490	-0.270255	-0.019709	-0.145465	-0.071802	-0.067244	-0.051783	0.266661	0.013102	0.100165	-0.317083	-0.071892	-0.253068	-0.080741	-0.045926	-0.173408	0.198718	-0.050845	-0.014478	0.005271	0.548346	-0.167430	0.148810	-0.196728	-0.113536	-0.092335	-0.061275	0.114091	0.319646	0.271152	-0.177635	-0.107721	-0.012308	0.042711	-0.257288	0.195094	-0.099653	-0.171893	-0.099875	-0.124416	
-0.160343	-0.105747	-0.209100	0.006284	0.104830	0.133558	-0.139805	-0.168777	0.311401	-0.087310	-0.109836	1.149637	0.016552	0.068824	-0.084028	-0.031621	-0.250211	-0.003413	0.095141	-0.059189	0.114939	-0.330997	-0.154823	0.510067	0.067306	0.122903	-0.020757	-0.177680	-0.211865	0.085619	-0.087607	0.359087	0.113248	-0.082994	-0.135113	-0.142379	0.140574	0.571475	0.074264	-0.043554	0.185437	0.124448	0.215941	0.126877	-0.098098	0.127211	-0.354785	-0.238954	0.217225	0.541785	0.307449	0.102048	-0.120813	0.180323	-0.133320	0.142209	0.358775	0.189345	0.129367	-0.211912	-0.078066	-0.292429	-0.003441	-0.158649	-0.217910	-0.230627	-0.236499	0.042968	-0.092037	-0.305492	0.174645	-0.145686	0.038631	-0.090201	-0.103216	0.491694	-0.122753	0.056937	-0.185266	-0.092472	0.021038	0.051691	0.111680	0.484513	-0.412559	-0.265720	-0.073220	0.078601	-0.166090	0.388090	0.010226	-0.164717	-0.284020	0.066581	-0.184600	-0.083405	-0.029907	0.013205	0.046921	-0.232929	0.029368	-0.013717	0.057750	0.517758	-0.221455	0.242763	-0.083001	-0.021821	-0.153000	0.428947	-0.104492	-0.192919	-0.356647	0.100494	-0.402957	0.028972	0.187399	-0.019615	-0.409256	-0.057587	0.123737	-0.058412	-0.240642	-0.154013	-0.008845	-0.228688	0.309406	-0.039989	-0.123631	0.119534	-0.433826	-0.095890	0.320764	0.257964	-0.049954	-0.458902	-0.220349	0.026107	-0.120254	0.612967	-0.160310	0.051518	-0.059671	0.254986	0.211012	-0.260575	-0.133485	0.049946	-0.105872	-0.204893	-0.013686	0.002922	-0.037630	-0.172810	-0.168937	0.265701	0.414684	-0.094684	0.177580	-0.053149	-0.303550	-0.164897	0.370149	-0.122947	0.083897	-0.118713	0.003268	0.136562	-0.242028	-0.222884	0.363553	0.260636	
0.113438	-0.120177	0.064681	-0.025317	0.008381	-0.043088	-0.011068	-0.032129	-0.037516	0.024256	0.165099	0.016552	0.436531	0.092897	0.051425	0.098993	0.024724	0.273400	0.209738	-0.007562	0.099975	-0.054185	0.112488	-0.233769	0.033257	-0.164175	0.000579	0.051187	-0.080097	-0.039243	0.043008	-0.169006	0.079769	0.052458	0.138668	-0.011765	0.029985	-0.019799	-0.050599	0.085183	0.002249	0.176074	-0.052088	0.016288	-0.157663	-0.049435	0.040328	-0.269402	0.087738	0.087344	-0.185766	0.008630	0.045567	0.058492	-0.004583	-0.040979	-0.228334	0.075725	0.097766	0.045852	0.050671	-0.017495	-0.125272	-0.025144	0.202070	-0.119061	-0.101047	0.154534	0.182898	-0.021570	-0.082142	-0.270548	0.008183	0.022518	0.011381	0.144677	-0.154354	-0.072550	0.091546	0.038143	0.025202	0.016972	0.097250	-0.275934	-0.300993	-0.007956	-0.087650	0.352383	-0.180520	-0.122220	0.182768	-0.022814	-0.009085	0.052151	-0.053985	0.045332	-0.044337	0.035331	-0.047650	-0.104192	0.304302	-0.190363	0.172347	-0.013479	0.055357	0.117901	0.047614	-0.115239	0.084669	-0.288323	-0.054743	0.091002	-0.071529	-0.076151	-0.269452	0.014542	-0.214433	-0.034045	-0.207248	0.216195	0.066062	0.073356	0.034293	-0.022246	-0.039293	0.046247	-0.039512	0.095463	-0.157110	0.026116	-0.053347	0.098904	-0.189622	0.001177	-0.064384	-0.201138	0.199630	0.161560	0.015198	-0.041333	0.113472	0.084095	-0.035598	0.006495	-0.121999	0.023346	-0.053087	-0.073038	0.169063	0.080224	-0.044134	0.131659	0.081211	0.104003	-0.038323	-0.226384	0.012852	0.034053	0.065113	-0.086628	-0.036240	0.255083	-0.046565	-0.137377	-0.056983	0.013055	0.024198	0.043144	0.015736	-0.201549	-0.144549	0.001972	
-0.192015	-0.149458	-0.106222	-0.043038	-0.114460	-0.069513	0.009772	-0.043848	-0.162057	0.096553	-0.188588	0.068824	0.092897	1.281518	0.039705	0.085877	0.097038	0.072193	0.006174	-0.032672	-0.063565	-0.081021	0.146849	-0.268544	-0.145428	0.113986	0.090293	-0.074733	0.136804	0.986344	0.019771	0.071816	-0.277079	0.028691	-0.029495	-0.037030	0.200815	-0.193831	0.037220	-0.271464	-0.217125	0.714062	0.047790	-0.007939	-0.143196	-0.076096	-0.126021	-0.109660	0.190541	0.328741	-0.090839	0.228817	0.195142	0.493370	-0.178052	-0.052698	-0.038472	-0.044622	-0.109945	-0.075602	-0.070604	0.053255	0.302800	-0.004043	0.036255	-0.102220	0.894758	-0.199545	0.016373	-0.000332	-0.110014	0.003674	-0.016343	-0.286302	-0.149383	0.201695	0.009649	0.030254	0.070107	-0.171777	0.310378	-0.135170	0.084069	-0.110299	-0.290890	-0.131403	-0.115726	0.005632	0.032661	-0.152705	0.282940	-0.050542	-0.182721	-0.157250	-0.080815	-0.312791	-0.070809	0.138134	-0.074244	-0.036653	-0.044229	-0.222243	0.017545	0.089324	0.032578	0.075605	0.074695	0.793011	-0.275356	-0.323831	-0.035520	0.116570	-0.254245	-0.103801	-0.429641	-0.009750	-0.197057	-0.060135	-0.100477	-0.135600	-0.104791	-0.135259	-0.137736	-0.047899	-0.065578	-0.075192	-0.019724	0.083744	-0.336228	0.002253	0.018746	-0.257235	0.041517	-0.023609	0.651200	0.411059	0.033725	-0.051687	-0.010002	-0.254196	-0.242127	-0.222444	0.410225	-0.212715	-0.020969	-0.297320	0.690454	0.162419	0.002025	-0.079964	-0.070598	-0.028717	-0.135126	0.825823	-0.064572	-0.065048	-0.198004	-0.137985	-0.105774	-0.255089	-0.165522	-0.045124	-0.058285	0.027255	0.080747	-0.011291	0.127001	-0.116443	0.087717	0.125376	-0.124585	-0.171255	
0.174153	-0.039318	0.003918	0.192279	-0.004320	0.040627	-0.074637	-0.085321	-0.051917	0.012143	-0.230061	-0.084028	0.051425	0.039705	0.725600	0.001467	-0.138985	0.286749	-0.035299	0.181884	0.050811	-0.122494	-0.089174	-0.154168	-0.031052	0.022613	0.105555	0.039643	0.156810	-0.103856	0.129911	-0.244359	-0.166939	0.143067	0.400372	0.073110	-0.035207	0.172337	-0.115632	-0.161324	-0.102749	-0.070209	-0.105062	-0.049411	0.190740	0.034044	-0.169089	-0.089654	0.037689	0.024277	0.012337	-0.007206	-0.303872	-0.005644	-0.067912	0.057442	-0.126128	0.065518	0.575950	-0.117074	0.359263	-0.182767	-0.196214	-0.091699	-0.005218	0.069399	0.035735	-0.089405	-0.025100	-0.087988	0.000126	-0.087699	0.198213	-0.327775	0.128872	-0.102769	0.244966	-0.122598	0.028635	-0.061637	-0.188636	-0.219579	-0.000341	-0.089523	0.200455	-0.172875	0.250442	0.115772	0.204280	-0.038329	-0.033234	-0.046822	0.095533	-0.047110	0.285354	0.117076	0.039331	-0.166331	0.291924	-0.121063	-0.085702	-0.112103	0.232101	-0.063528	-0.008895	-0.077247	0.184835	0.070219	-0.160980	-0.213691	0.304213	0.028914	-0.297313	0.006338	-0.319501	0.100390	0.232810	0.050005	-0.386175	0.230568	-0.146263	-0.176732	-0.179209	-0.089372	0.212676	-0.116665	-0.104134	0.193884	0.093639	-0.039219	-0.226354	-0.298708	-0.111335	0.086531	0.338268	0.202543	-0.007748	0.062689	0.104374	-0.144056	0.187739	0.311838	-0.088790	-0.098339	0.152324	-0.182944	0.033462	0.009567	-0.039448	-0.121437	-0.112071	0.142902	-0.178194	0.361279	0.045568	0.106570	-0.087864	-0.027845	-0.147247	-0.339498	-0.208590	0.169431	0.051855	-0.057155	0.096009	-0.052764	0.230177	-0.157916	-0.148306	-0.373638	0.153669	-0.061115	
0.255296	0.164848	0.044404	0.285174	0.279514	-0.091261	-0.014807	-0.056300	-0.057793	0.020517	-0.001377	-0.031621	0.098993	0.085877	0.001467	1.205155	-0.125213	0.079029	0.186430	-0.030871	0.090465	0.084642	-0.043002	-0.106328	-0.165170	-0.167914	-0.336959	-0.147240	0.084196	0.128081	-0.005166	-0.193178	0.221626	0.482102	-0.052672	-0.059938	0.023215	-0.211139	-0.241939	0.064905	0.484575	-0.018297	-0.100261	-0.178084	0.271981	-0.097609	-0.323174	-0.105109	-0.110689	-0.107027	0.099259	0.001860	-0.104369	0.051722	-0.195923	-0.090937	0.106041	-0.115616	0.049593	-0.291686	-0.140669	-0.167431	0.330431	0.148377	-0.135469	0.048263	0.220944	-0.036807	-0.154640	0.015001	0.503221	0.188187	-0.186188	-0.315020	-0.011927	-0.049694	-0.014926	-0.093578	-0.102825	0.452442	-0.124734	0.190493	0.407740	-0.242506	0.199529	-0.174432	-0.135824	0.161042	-0.041092	-0.119496	-0.126823	-0.177428	-0.175560	0.003978	-0.102159	-0.146008	-0.092511	-0.314709	-0.095823	-0.107931	0.137827	0.094662	-0.022025	-0.211906	0.194184	-0.073439	0.170503	0.049054	-0.121390	-0.165434	-0.204680	0.087125	-0.368887	-0.124325	-0.290481	0.137431	-0.091543	-0.082218	0.639801	0.195917	-0.271477	0.512521	0.159228	-0.045554	-0.233664	-0.291291	-0.043250	0.045506	-0.348450	-0.168256	-0.031438	-0.238634	-0.066733	-0.046996	0.058505	-0.367614	-0.137908	0.164284	0.017922	-0.089506	0.426393	-0.253443	0.782523	0.354759	0.653184	0.388305	-0.103045	0.383050	-0.168475	-0.269815	0.094693	0.127920	-0.079911	-0.090369	0.084567	-0.086956	0.297877	-0.157287	-0.272425	0.413894	-0.208881	-0.082456	-0.096523	0.002051	-0.223458	0.151882	-0.174229	-0.151228	-0.134201	-0.351486	-0.167858	0.143829	
-0.113406	0.136547	-0.167284	-0.061922	0.106424	0.026035	0.433258	0.089702	0.060527	0.352457	0.054380	-0.250211	0.024724	0.097038	-0.138985	-0.125213	0.654013	-0.138407	-0.014468	-0.083484	0.209696	-0.130106	0.116628	-0.129359	-0.122855	0.092549	0.069702	0.002444	0.205547	0.061438	-0.188957	-0.097323	-0.030950	0.006451	-0.093297	-0.087686	0.141665	-0.251764	0.206126	0.006021	-0.274394	0.107912	0.022157	-0.059634	-0.053254	-0.136356	0.010643	0.174924	0.047746	-0.144621	-0.111521	0.294274	0.349970	0.159172	0.252141	-0.080972	0.134200	0.028723	-0.314041	0.154894	0.148714	0.268150	0.131452	0.079266	-0.029896	-0.163425	0.206584	-0.101230	0.095977	0.126973	-0.314107	0.017734	-0.078737	0.284364	-0.059419	0.065516	-0.042674	-0.112542	0.015625	-0.217621	0.136882	0.179576	0.018088	-0.009701	-0.189313	0.101085	0.013030	-0.059425	0.105124	-0.017810	-0.057789	-0.116421	-0.096006	-0.214612	-0.129907	-0.221431	0.056343	0.189888	-0.279615	0.181452	0.037540	-0.121240	-0.054497	-0.053472	-0.020565	0.036102	0.000612	-0.014559	-0.138692	-0.219200	0.045938	0.044995	0.032880	0.024529	0.046928	-0.072379	-0.116390	-0.120965	-0.061441	-0.195613	-0.009860	-0.037363	-0.052628	-0.109166	0.029830	0.331891	0.248771	-0.094946	-0.087987	-0.060805	0.448833	0.030742	-0.421588	-0.043187	-0.151305	0.095505	-0.032335	-0.265500	-0.063536	0.035549	-0.298335	-0.142748	-0.031457	-0.075598	-0.206828	-0.211899	-0.293644	-0.305004	0.238185	0.234781	0.024989	0.240099	0.010524	0.059639	-0.082687	0.030341	-0.253910	-0.052868	-0.021808	0.177856	0.076840	0.215840	-0.086558	0.119348	0.041060	0.082178	-0.166212	-0.038655	0.312379	0.240139	-0.046507	-0.084949	
0.416586	-0.140142	-0.098450	-0.045282	-0.154750	-0.063052	-0.174200	-0.052833	-0.200647	-0.138875	0.001967	-0.003413	0.273400	0.072193	0.286749	0.079029	-0.138407	0.719715	0.189774	0.219358	0.079271	0.145246	-0.056686	-0.026952	-0.135917	-0.080422	-0.162553	0.109534	0.146823	-0.202375	0.023043	-0.189710	-0.083363	0.078323	-0.024463	-0.031729	0.010020	0.063954	-0.213730	0.141446	0.209066	0.156110	-0.072052	-0.003677	0.077661	-0.069400	-0.135352	-0.042482	-0.081435	0.067380	0.260549	-0.011335	-0.117564	0.038527	-0.167714	-0.061683	-0.249834	-0.087407	0.324686	-0.117280	-0.112460	-0.180626	0.074159	-0.194317	0.038938	-0.035308	-0.121751	0.210798	0.019766	-0.190743	-0.102106	-0.186795	0.454499	-0.140613	-0.008584	0.124713	-0.174319	-0.241723	0.290977	0.018178	-0.137929	-0.152201	0.077285	0.186912	0.002155	-0.171088	0.139270	0.189251	0.046400	-0.142924	0.013595	0.002331	-0.172217	0.032187	0.172935	-0.117800	-0.064302	0.093678	0.398666	-0.047928	0.141171	0.009068	0.399267	-0.182652	0.035393	-0.045230	0.027649	0.111681	-0.091011	-0.308288	0.029010	-0.078171	-0.013182	-0.096116	-0.211104	-0.005423	-0.234397	-0.054009	-0.148901	0.299948	-0.097070	0.053392	0.090557	-0.042210	-0.059257	-0.116885	0.016752	0.074759	-0.320241	0.006151	0.005001	-0.064228	-0.209587	-0.018787	-0.084349	0.102010	0.036499	0.368377	-0.005506	-0.061298	-0.049659	0.167849	-0.056302	-0.014209	0.084818	0.081694	-0.073791	0.126393	0.005931	0.138572	-0.064098	0.215412	0.060507	0.084038	-0.058287	0.000536	0.212283	-0.129078	-0.098018	-0.249759	0.022108	0.338836	-0.067269	-0.157341	-0.000719	-0.006910	0.111053	0.023179	0.072000	-0.145285	-0.164514	-0.161160	
-0.113355	-0.016202	0.008951	0.411936	-0.218412	0.035502	-0.050260	0.058546	-0.093246	0.147280	0.109368	0.095141	0.209738	0.006174	-0.035299	0.186430	-0.014468	0.189774	0.646992	0.079874	0.207801	-0.137811	0.045518	0.051456	-0.201936	-0.228753	-0.226214	-0.128951	0.007340	-0.094973	-0.040618	0.089893	0.015191	0.160284	-0.088125	-0.095391	0.108574	-0.084376	-0.089790	0.217054	0.136431	0.280050	-0.135714	0.094877	-0.049837	0.029154	-0.146738	0.167852	-0.147455	0.003718	-0.269392	-0.074997	0.006376	-0.025135	-0.043775	0.040521	0.125033	0.011147	0.176356	-0.018726	-0.176122	-0.244288	-0.208898	-0.082938	-0.024724	-0.012575	-0.010372	0.089956	-0.043895	-0.062213	0.167511	-0.309740	0.086773	0.145542	0.261033	0.248652	-0.075765	-0.130344	0.007920	-0.045484	-0.039375	0.321951	0.184686	-0.194434	-0.194508	0.098529	0.016325	0.125589	-0.264147	0.038288	-0.052425	-0.058165	-0.064816	-0.031475	-0.137612	-0.181461	0.059638	-0.005313	-0.131276	-0.330985	0.248572	-0.111773	0.250936	-0.080448	-0.028269	-0.108892	0.135050	-0.027803	-0.102397	-0.200887	-0.281536	-0.144191	-0.059491	0.190039	-0.132697	0.101978	0.035220	-0.117671	-0.265043	0.160464	-0.160732	0.160793	-0.192501	0.065191	0.039297	0.007055	-0.078703	0.008740	-0.221687	-0.057511	0.138464	0.059712	0.060030	0.267368	0.023052	0.092948	-0.027163	0.127518	-0.018844	0.224858	0.057742	0.019518	-0.122321	0.167003	-0.153668	-0.034448	-0.084756	0.014398	-0.057731	0.039581	0.034456	0.092467	0.357261	0.207978	0.236715	-0.310010	0.091442	-0.192740	0.000536	0.207459	0.074189	0.215891	0.034935	-0.221003	0.049503	-0.070571	-0.210995	-0.040483	-0.048842	-0.428342	0.105103	-0.062606	
-0.083771	-0.085218	0.196678	-0.155181	-0.030685	-0.008129	-0.119276	0.181523	-0.130705	-0.239996	0.048112	-0.059189	-0.007562	-0.032672	0.181884	-0.030871	-0.083484	0.219358	0.079874	0.895716	-0.212097	-0.019226	0.071975	0.051587	-0.007256	-0.025499	0.117557	-0.222852	0.216766	-0.132432	-0.078077	0.278172	-0.208281	-0.073111	-0.125583	0.023194	0.290130	0.188020	0.066379	-0.187848	-0.257141	0.256377	-0.196971	0.276432	-0.027204	-0.170520	0.166304	0.183504	-0.186300	-0.033741	0.141421	0.112731	-0.017297	-0.062593	-0.112791	-0.166548	-0.174511	0.036659	0.043724	-0.062356	-0.213580	-0.281746	0.134873	-0.121784	-0.062182	0.034635	0.112606	0.091670	-0.081354	-0.295609	0.193022	-0.062729	0.133983	-0.040346	0.037561	0.068936	-0.119395	-0.169190	0.126505	-0.106740	-0.083006	-0.266171	-0.032614	0.483400	0.233932	0.280084	0.038149	-0.091711	0.170465	-0.195107	-0.091270	0.190648	-0.102274	-0.248776	0.227858	-0.398762	-0.165422	-0.238708	0.303336	-0.368444	0.031272	-0.155404	0.343490	-0.053992	0.090316	-0.326192	0.097592	0.406809	0.016969	0.368070	0.153076	-0.183036	-0.292886	-0.197236	0.029257	0.064520	0.060731	-0.155129	0.163164	0.190049	-0.042146	0.099536	-0.004773	0.027733	-0.004334	-0.218005	-0.303763	-0.030106	-0.040132	0.130217	0.245362	0.261225	0.085541	0.105278	-0.014406	0.333787	0.160565	-0.097830	0.104134	-0.186216	0.065627	0.112072	-0.161167	-0.019369	-0.434071	-0.259797	-0.178657	-0.023060	0.060855	-0.193814	0.216011	-0.065550	-0.069038	-0.017082	0.236841	0.280645	-0.062889	-0.005013	0.026047	-0.203615	0.262469	0.057874	0.061391	-0.102418	-0.150172	0.048014	0.006187	-0.032597	-0.092472	-0.084571	-0.094571	-0.037094	
0.108342	0.167696	-0.134035	0.115652	0.190259	0.053090	0.132376	-0.037198	0.102213	0.210406	-0.031094	0.114939	0.099975	-0.063565	0.050811	0.090465	0.209696	0.079271	0.207801	-0.212097	0.587524	-0.260447	-0.197401	0.060807	-0.086619	-0.220951	-0.201708	0.043500	0.054912	-0.091392	-0.008042	-0.231416	0.032028	0.243845	-0.057308	-0.064843	-0.173160	-0.221644	0.091382	0.232192	0.145874	0.172890	0.235571	-0.187364	0.181844	0.046508	-0.284842	-0.138669	0.090544	-0.113676	0.096942	0.146925	0.080894	0.006819	0.139102	0.111056	0.132401	0.069231	0.048745	-0.113360	0.193667	-0.028636	-0.143302	-0.078756	-0.143171	-0.324582	0.039591	-0.040855	-0.012636	-0.024721	-0.097378	-0.096265	-0.045352	0.207408	-0.000639	0.290747	-0.212713	-0.075909	-0.109318	0.027361	-0.326589	0.219088	0.198625	-0.326361	-0.513253	-0.169161	0.201427	0.164322	0.102382	0.176646	-0.166545	-0.081872	-0.211730	0.151857	-0.108627	-0.003685	0.246344	0.080709	-0.102057	0.033068	0.113265	-0.099639	0.166289	-0.014566	-0.146848	0.263387	0.188549	-0.173346	-0.074986	-0.201228	-0.259078	-0.114345	-0.082337	0.213352	-0.078352	0.112854	0.067214	0.062468	-0.340314	0.023090	-0.284216	0.062683	-0.126297	-0.076908	-0.094587	0.232015	0.102879	0.096544	-0.213624	-0.026756	-0.020465	-0.055608	-0.249288	0.143128	0.031005	-0.174949	-0.145700	0.113106	-0.038885	0.249460	-0.083437	-0.073700	-0.154998	0.310312	0.216039	0.017460	-0.109797	-0.128386	-0.026984	0.127329	-0.099607	0.280389	0.074917	0.098149	0.102165	-0.136994	0.111102	-0.015381	-0.134783	0.054018	-0.204733	0.298169	0.105254	-0.044691	-0.069587	-0.040300	-0.131643	0.182717	-0.144592	-0.219507	-0.011927	-0.048651	
0.321825	0.201358	-0.099683	-0.226357	-0.302493	-0.054751	-0.165899	0.107712	-0.348390	-0.286618	0.108765	-0.330997	-0.054185	-0.081021	-0.122494	0.084642	-0.130106	0.145246	-0.137811	-0.019226	-0.260447	1.259150	-0.209900	-0.116193	-0.137195	-0.172496	-0.154252	0.108256	-0.247804	-0.350117	0.300149	-0.029166	0.356633	-0.074892	-0.172206	0.123082	0.018322	-0.184163	-0.205429	0.092200	-0.130651	-0.015431	-0.097084	0.151134	-0.042935	-0.070632	0.031368	-0.281066	-0.234650	0.066147	0.321832	-0.159077	0.135743	-0.109215	-0.159413	-0.214897	-0.251162	-0.235149	0.028555	0.037531	-0.260203	0.096479	0.082460	-0.195595	0.316043	-0.005087	-0.113142	0.039257	-0.127976	-0.192022	-0.249849	-0.434912	0.059872	-0.312154	-0.033615	-0.202872	-0.019508	0.045646	0.299278	-0.006853	0.148710	-0.203271	-0.250299	-0.060508	0.243280	-0.016277	-0.108848	-0.138333	-0.201718	-0.296138	-0.139620	-0.045642	0.104889	0.198668	0.428417	-0.020536	-0.065535	-0.059536	0.150548	-0.049161	-0.186414	0.497077	-0.175202	-0.335867	0.724448	-0.226305	-0.120093	0.064610	0.256324	0.047570	0.128449	0.129043	0.345969	0.103698	0.309869	-0.153166	-0.382140	-0.055242	0.195360	0.003817	0.336079	0.028361	0.089324	0.088385	-0.050956	0.013711	-0.130990	0.210192	-0.165430	-0.141591	0.013610	0.189079	-0.210820	-0.166530	-0.232091	-0.136573	0.035266	0.180596	0.155038	0.045500	0.102464	-0.059064	0.496452	-0.008387	0.090640	0.599881	0.213577	0.659405	0.014232	-0.014643	0.277401	-0.359057	0.171260	-0.063704	-0.206030	-0.091537	0.217897	-0.130311	-0.099251	0.058408	0.030716	-0.235633	-0.220484	-0.002531	-0.148462	0.682146	-0.146254	0.467999	0.427857	0.357082	-0.165747	0.024296	
-0.172425	-0.278337	0.146894	-0.003693	-0.094870	-0.030169	0.029363	-0.172727	-0.142467	0.284367	-0.168998	-0.154823	0.112488	0.146849	-0.089174	-0.043002	0.116628	-0.056686	0.045518	0.071975	-0.197401	-0.209900	1.033456	-0.402380	-0.125085	0.038809	0.080417	0.002784	0.473192	0.000144	-0.109108	-0.160433	-0.089265	-0.105145	-0.009905	-0.165909	0.240160	-0.006017	0.027344	-0.251874	-0.176267	-0.157616	-0.344081	0.031406	-0.323348	-0.036751	0.677165	0.394952	-0.052860	-0.063130	-0.482710	0.099938	0.185267	0.101499	-0.158461	0.451913	-0.115135	0.143192	-0.070601	0.112212	-0.051013	0.072846	0.144455	0.016301	0.055845	0.085594	-0.010445	0.221795	0.035963	0.020012	-0.070669	-0.006201	0.023002	0.135038	-0.110038	-0.190176	0.048994	-0.213148	0.406495	-0.300656	0.700467	0.052645	-0.044810	0.173067	0.595717	0.289937	-0.244605	0.025222	0.137308	-0.286541	0.030177	0.062476	-0.163130	-0.286129	-0.209694	0.172066	-0.199688	-0.105268	-0.203123	-0.017063	-0.024639	-0.182898	0.290415	0.014146	0.368966	-0.167796	-0.054184	-0.078666	0.044668	-0.219184	-0.015930	0.136914	-0.233901	-0.064457	-0.176524	-0.138629	-0.157712	-0.189014	0.121776	-0.116010	-0.085201	-0.264138	0.115380	0.288489	0.439034	-0.055602	-0.000134	-0.045135	0.085112	0.338641	0.338770	-0.004119	-0.182130	0.015736	-0.220477	0.089600	0.286841	-0.185523	-0.143838	-0.214852	0.010989	-0.034630	0.018354	-0.346551	0.112423	-0.276976	0.325584	-0.229452	0.021615	-0.060374	0.202273	-0.009127	-0.094268	-0.045854	0.040075	0.039598	-0.158660	0.115132	0.082040	-0.067274	0.272023	-0.025534	-0.018940	-0.101624	0.005569	-0.140170	-0.116401	-0.245322	0.275531	0.115501	-0.085241	0.016560	
-0.125722	0.020455	-0.039904	0.023280	0.044282	-0.094150	-0.014864	0.008478	0.435903	-0.128648	-0.187439	0.510067	-0.233769	-0.268544	-0.154168	-0.106328	-0.129359	-0.026952	0.051456	0.051587	0.060807	-0.116193	-0.402380	1.814840	0.840786	-0.304219	-0.348948	-0.005890	-0.106744	-0.061234	-0.091309	0.108844	-0.301716	0.097297	-0.204548	-0.148110	-0.086874	0.423960	-0.055859	0.303368	0.048271	0.072673	-0.226013	-0.037106	0.758304	-0.036759	0.373292	-0.108511	-0.114436	0.298402	0.096405	0.041396	-0.380690	-0.140421	-0.008139	-0.093924	0.714877	-0.036297	-0.284999	-0.388442	-0.145388	-0.303718	-0.103470	0.018996	-0.226438	-0.230451	-0.128282	-0.147077	-0.159876	-0.115684	0.125857	-0.219981	0.034929	-0.318149	-0.284824	0.190530	-0.295981	-0.030234	-0.029038	-0.282857	-0.473829	0.004654	0.042281	0.497817	-0.191601	-0.266844	0.118160	-0.169421	-0.172700	0.592848	-0.329397	-0.114904	0.625200	-0.117913	-0.191895	-0.273455	0.163077	0.112001	0.275722	-0.014493	-0.043080	0.044614	-0.359269	0.022962	-0.294088	-0.198198	0.026893	0.090338	-0.420497	1.300600	-0.108820	-0.267248	0.122173	0.066111	0.203595	0.143012	0.139083	0.721999	-0.004979	-0.133255	0.127862	-0.070137	-0.022491	-0.046750	-0.241827	-0.107039	0.678505	-0.108436	-0.296891	0.059530	0.047933	-0.091852	0.078369	0.229413	0.061163	-0.109084	-0.228968	0.123940	-0.070647	0.411062	-0.175809	-0.365732	-0.401981	0.260949	-0.135465	-0.044255	-0.196267	0.129293	-0.174224	0.158621	-0.246847	-0.053354	-0.272324	-0.049091	0.132323	0.275084	0.238406	-0.098648	0.015475	-0.038354	-0.095737	-0.227388	0.142782	0.614840	-0.003722	-0.187540	0.501179	-0.045341	-0.256125	-0.267068	0.385735	0.037635	
