1.021927	0.018529	-0.008754	0.016064	0.004638	-0.011954	-0.031928	-0.004534	-0.051788	-0.051419	-0.039397	-0.053620	-0.016883	-0.029926	-0.010457	-0.050297	0.008856	-0.039389	-0.044541	-0.010707	-0.034449	-0.041627	-0.009160	-0.037127	-0.011084	-0.028460	-0.014693	-0.028561	-0.018534	-0.040946	-0.004182	-0.016639	-0.002221	-0.011106	-0.034262	-0.029529	-0.038798	-0.059386	-0.047860	-0.032857	-0.026020	-0.009906	-0.023209	-0.037861	-0.016095	-0.018708	-0.025515	-0.029593	
0.018529	1.055282	0.007318	-0.005705	-0.012281	-0.051557	-0.016914	-0.054538	-0.030851	-0.026903	-0.031931	-0.050124	-0.018636	0.008025	-0.051108	-0.011213	0.001210	-0.027581	0.003309	-0.009276	-0.019691	0.003282	-0.036373	-0.019371	-0.021605	-0.023036	-0.017993	-0.032824	-0.025457	-0.043934	-0.041973	-0.020416	-0.020048	-0.043075	-0.030985	-0.024813	-0.047705	-0.048391	0.008598	-0.028011	-0.031050	-0.034009	-0.032856	-0.042992	-0.027076	-0.022758	-0.018700	-0.015325	
-0.008754	0.007318	1.013571	0.025952	-0.005591	-0.020195	-0.028938	-0.014196	-0.046533	-0.035166	-0.051223	-0.029283	-0.077486	-0.032453	-0.007241	-0.051606	-0.035348	-0.031276	-0.033381	-0.029869	-0.032057	-0.044362	-0.018905	-0.017308	-0.009667	-0.016867	-0.014884	-0.010208	-0.029981	-0.023486	-0.021157	-0.015487	-0.010807	-0.022634	-0.027376	-0.018449	-0.027606	-0.038278	-0.023772	-0.040922	-0.028395	-0.029578	-0.024439	-0.050939	-0.015264	-0.003539	-0.014343	-0.021665	
0.016064	-0.005705	0.025952	1.003628	-0.000975	-0.013711	-0.031005	-0.020934	-0.044631	-0.035356	-0.017505	-0.022588	-0.017532	-0.030496	-0.014350	-0.012683	-0.042921	-0.028408	-0.010065	-0.033597	-0.017563	0.006437	-0.031399	-0.009296	-0.028006	-0.022883	-0.035998	-0.014192	-0.033334	-0.016676	-0.034846	-0.027691	-0.021986	-0.026784	-0.025164	-0.023375	-0.044052	-0.052027	-0.013118	-0.033625	-0.032667	-0.040004	-0.033644	-0.050055	-0.020976	-0.002304	-0.020752	-0.031248	
0.004638	-0.012281	-0.005591	-0.000975	1.005602	-0.013447	-0.017064	0.004432	-0.030882	-0.034928	-0.028221	-0.034903	-0.035856	-0.052058	-0.038305	-0.044125	-0.024417	-0.027748	-0.017604	-0.040025	-0.030565	-0.031607	-0.015310	-0.012036	-0.021119	-0.025265	-0.029553	-0.016688	-0.035194	-0.040761	-0.031732	-0.032833	-0.020300	-0.014312	-0.020508	-0.019469	-0.028539	-0.032468	-0.038961	-0.035741	-0.038416	-0.015266	-0.030921	-0.032134	-0.009204	-0.013019	-0.023457	-0.003966	
-0.011954	-0.051557	-0.020195	-0.013711	-0.013447	0.904644	-0.003622	0.000921	-0.031741	-0.036639	-0.048354	-0.035372	-0.059499	-0.034462	-0.035558	-0.048603	-0.037764	-0.010702	-0.046226	-0.007748	-0.015585	-0.029470	-0.002895	0.000433	-0.018989	-0.016113	-0.015034	-0.007807	-0.020559	-0.031850	-0.027259	-0.013217	0.008549	-0.005961	-0.003920	-0.004894	-0.038116	-0.033578	-0.042390	-0.046018	-0.028852	-0.045567	-0.029537	-0.042046	-0.011367	-0.002519	-0.001795	-0.011861	
-0.031928	-0.016914	-0.028938	-0.031005	-0.017064	-0.003622	0.903725	-0.006654	-0.019716	-0.027699	-0.061482	-0.034794	-0.007132	-0.024016	-0.039349	-0.033014	-0.023757	-0.022611	-0.034503	-0.031736	-0.020743	-0.033616	0.006509	-0.004188	0.001696	-0.027402	-0.001033	-0.021286	-0.023144	-0.031222	-0.024841	-0.023581	0.004549	-0.006033	-0.008880	0.001727	-0.053274	-0.033631	-0.046069	-0.055350	-0.025015	-0.038074	-0.028908	-0.026416	-0.019246	-0.011811	-0.007108	-0.007424	
-0.004534	-0.054538	-0.014196	-0.020934	0.004432	0.000921	-0.006654	0.993238	-0.037506	-0.038270	-0.049765	-0.040137	-0.017940	-0.044854	-0.029588	-0.065447	-0.025851	-0.023135	-0.041723	-0.045696	-0.014399	-0.011887	-0.012873	-0.004910	-0.029240	-0.026689	-0.028299	-0.020660	-0.022583	-0.020293	-0.032301	-0.022770	-0.000192	-0.021114	-0.034174	-0.025206	-0.021093	-0.013329	-0.025907	-0.045167	-0.032538	-0.010179	-0.049933	-0.034009	-0.022213	-0.012584	-0.007137	-0.003991	
-0.051788	-0.030851	-0.046533	-0.044631	-0.030882	-0.031741	-0.019716	-0.037506	1.094131	0.085643	0.006891	0.094257	-0.040153	-0.054127	-0.048621	-0.019748	-0.017267	-0.035939	-0.023540	-0.056874	-0.041353	-0.052128	-0.028751	-0.025878	-0.054949	-0.047497	-0.049854	-0.056837	-0.040148	-0.058045	-0.056824	-0.056042	-0.029961	-0.030754	-0.019438	-0.037077	-0.011340	-0.007710	-0.013292	0.012359	-0.003869	-0.002691	-0.002525	0.010338	-0.028410	-0.049112	-0.028219	-0.019652	
-0.051419	-0.026903	-0.035166	-0.035356	-0.034928	-0.036639	-0.027699	-0.038270	0.085643	1.013585	0.042263	0.109120	-0.044406	-0.057907	-0.049910	-0.028141	-0.019890	-0.037916	-0.030169	-0.028809	-0.028811	-0.054549	-0.030662	-0.019672	-0.053035	-0.044260	-0.046787	-0.060411	-0.070569	-0.058058	-0.043539	-0.066045	-0.049477	-0.026995	-0.029719	-0.031318	0.012403	0.015168	-0.010129	0.010894	-0.004588	0.004408	0.009441	0.009944	-0.034883	-0.017804	-0.031643	-0.025837	
-0.039397	-0.031931	-0.051223	-0.017505	-0.028221	-0.048354	-0.061482	-0.049765	0.006891	0.042263	1.222303	0.048339	0.011478	-0.060024	-0.045620	-0.012733	-0.058267	-0.043288	0.214623	0.002425	-0.034176	-0.026083	-0.047993	-0.046833	-0.056803	-0.068612	-0.059106	-0.065658	-0.060007	0.003778	-0.063662	-0.052977	-0.034010	-0.050342	-0.046013	-0.054072	-0.022176	-0.020806	0.010025	0.007095	-0.031489	-0.008324	-0.029259	-0.027396	-0.049607	-0.046594	-0.042131	-0.051303	
-0.053620	-0.050124	-0.029283	-0.022588	-0.034903	-0.035372	-0.034794	-0.040137	0.094257	0.109120	0.048339	1.014722	-0.055958	-0.056607	-0.042506	-0.075788	-0.033467	-0.026952	-0.020246	-0.046996	-0.037240	-0.036126	-0.055432	-0.038691	-0.049492	-0.057351	-0.048937	-0.048384	-0.048095	-0.049096	-0.057534	-0.041152	-0.040865	-0.038401	-0.023593	-0.035922	0.007905	0.021201	0.005210	0.030257	0.000708	0.002246	0.010214	0.001505	-0.032636	-0.025695	-0.033590	-0.020408	
-0.016883	-0.018636	-0.077486	-0.017532	-0.035856	-0.059499	-0.007132	-0.017940	-0.040153	-0.044406	0.011478	-0.055958	1.162038	0.190585	0.214604	0.138613	-0.030686	-0.052627	-0.012322	-0.012911	-0.029059	-0.027951	-0.042983	-0.059130	-0.041563	-0.066790	-0.044341	-0.050242	-0.024584	-0.019532	-0.016440	-0.024684	-0.056478	-0.044080	-0.027964	-0.050175	-0.052987	-0.058060	-0.048810	-0.010621	-0.035350	-0.063385	-0.046361	-0.056131	-0.052576	-0.044731	-0.048769	-0.030243	
-0.029926	0.008025	-0.032453	-0.030496	-0.052058	-0.034462	-0.024016	-0.044854	-0.054127	-0.057907	-0.060024	-0.056607	0.190585	1.056022	0.184727	0.278363	-0.027042	-0.027647	-0.030631	-0.025923	-0.018228	-0.031298	-0.025272	-0.038121	-0.031470	-0.009607	-0.033025	-0.034621	-0.025832	-0.016971	-0.004430	-0.015116	-0.034936	-0.033063	-0.035814	-0.031078	-0.053849	-0.041193	-0.043300	-0.039109	-0.057496	-0.055981	-0.053813	-0.047578	-0.049806	-0.038091	-0.055265	-0.026211	
-0.010457	-0.051108	-0.007241	-0.014350	-0.038305	-0.035558	-0.039349	-0.029588	-0.048621	-0.049910	-0.045620	-0.042506	0.214604	0.184727	0.999487	0.197240	-0.031957	-0.027493	-0.039777	-0.044186	-0.030814	-0.019547	-0.033885	-0.036754	-0.035971	-0.037552	-0.048613	-0.027647	-0.008603	-0.022680	-0.003675	-0.005927	-0.044262	-0.023958	-0.016462	-0.047460	-0.050859	-0.060611	-0.073383	-0.018138	-0.021834	-0.044144	-0.031290	-0.055622	-0.019673	-0.031019	-0.056783	-0.052179	
-0.050297	-0.011213	-0.051606	-0.012683	-0.044125	-0.048603	-0.033014	-0.065447	-0.019748	-0.028141	-0.012733	-0.075788	0.138613	0.278363	0.197240	1.049756	-0.041448	-0.038012	-0.014132	0.004467	-0.034185	-0.000003	-0.056252	-0.008586	-0.047847	-0.039605	-0.050082	-0.041854	-0.024575	-0.026945	-0.040267	-0.033600	-0.054285	-0.048967	-0.033663	-0.043367	-0.045306	-0.061159	-0.080677	-0.024593	-0.027899	-0.053068	-0.059879	-0.005797	-0.055963	-0.047932	-0.028314	-0.016257	
0.008856	0.001210	-0.035348	-0.042921	-0.024417	-0.037764	-0.023757	-0.025851	-0.017267	-0.019890	-0.058267	-0.033467	-0.030686	-0.027042	-0.031957	-0.041448	1.032863	0.036647	-0.014723	0.046171	-0.023478	-0.018036	-0.016175	-0.019592	-0.045437	-0.046697	-0.053251	-0.055635	-0.039521	-0.044214	-0.057684	-0.053746	-0.021958	-0.000188	-0.007303	-0.038399	-0.016064	-0.027914	-0.002348	-0.030133	-0.022556	-0.028793	-0.020581	-0.033227	-0.016637	-0.019311	0.006386	-0.016215	
-0.039389	-0.027581	-0.031276	-0.028408	-0.027748	-0.010702	-0.022611	-0.023135	-0.035939	-0.037916	-0.043288	-0.026952	-0.052627	-0.027647	-0.027493	-0.038012	0.036647	0.930974	0.012392	0.063963	-0.014045	-0.030168	-0.024719	-0.026103	-0.029580	-0.022962	-0.025474	-0.035451	-0.022141	-0.047055	-0.048792	-0.036125	-0.019002	-0.024097	-0.018406	0.001283	-0.002482	-0.008015	-0.047770	-0.021951	-0.023085	-0.018818	-0.026725	-0.045828	-0.016802	-0.022314	-0.014955	-0.018810	
-0.044541	0.003309	-0.033381	-0.010065	-0.017604	-0.046226	-0.034503	-0.041723	-0.023540	-0.030169	0.214623	-0.020246	-0.012322	-0.030631	-0.039777	-0.014132	-0.014723	0.012392	1.155584	0.027032	-0.020707	-0.013385	-0.037283	-0.037611	-0.056397	-0.053083	-0.056510	-0.054117	-0.056773	0.039997	-0.062218	-0.061672	-0.032514	-0.035066	-0.042077	-0.041029	-0.032127	-0.040560	-0.017812	-0.001700	-0.034448	-0.020732	-0.048284	-0.038782	-0.050317	-0.049232	-0.026637	-0.038797	
-0.010707	-0.009276	-0.029869	-0.033597	-0.040025	-0.007748	-0.031736	-0.045696	-0.056874	-0.028809	0.002425	-0.046996	-0.012911	-0.025923	-0.044186	0.004467	0.046171	0.063963	0.027032	1.128128	-0.014369	-0.023748	-0.032404	-0.021837	-0.055084	-0.047278	-0.053896	-0.056664	-0.017792	-0.044486	-0.032317	-0.059365	-0.045523	-0.018890	-0.040946	-0.033899	-0.028920	-0.023287	-0.036732	-0.002212	-0.038695	-0.021996	-0.034422	-0.024594	-0.034386	-0.044016	-0.012352	-0.042179	
-0.034449	-0.019691	-0.032057	-0.017563	-0.030565	-0.015585	-0.020743	-0.014399	-0.041353	-0.028811	-0.034176	-0.037240	-0.029059	-0.018228	-0.030814	-0.034185	-0.023478	-0.014045	-0.020707	-0.014369	0.974653	0.011342	-0.008802	-0.010800	-0.023583	-0.027391	-0.027419	-0.041407	-0.032359	-0.027807	-0.032955	-0.031609	-0.005554	-0.000316	-0.007456	-0.011093	-0.031288	-0.048110	-0.033630	-0.018593	-0.020530	-0.018956	-0.029860	-0.030696	-0.018170	-0.027996	-0.028401	-0.010720	
-0.041627	0.003282	-0.044362	0.006437	-0.031607	-0.029470	-0.033616	-0.011887	-0.052128	-0.054549	-0.026083	-0.036126	-0.027951	-0.031298	-0.019547	-0.000003	-0.018036	-0.030168	-0.013385	-0.023748	0.011342	1.136082	-0.026769	-0.016709	-0.036952	-0.041631	-0.029917	-0.035790	-0.024819	-0.035270	-0.014979	-0.025427	-0.013540	-0.013907	-0.020849	-0.030394	-0.047823	-0.044325	-0.044126	-0.043601	-0.019056	-0.008871	-0.020072	-0.031656	-0.016048	-0.028108	-0.021554	-0.046721	
-0.009160	-0.036373	-0.018905	-0.031399	-0.015310	-0.002895	0.006509	-0.012873	-0.028751	-0.030662	-0.047993	-0.055432	-0.042983	-0.025272	-0.033885	-0.056252	-0.016175	-0.024719	-0.037283	-0.032404	-0.008802	-0.026769	0.940906	0.012557	-0.013090	-0.025233	-0.020965	-0.026680	-0.024226	-0.046457	-0.043104	-0.031874	-0.007595	0.008992	-0.008336	-0.001468	-0.019808	-0.033199	-0.037980	-0.047299	-0.021868	-0.016094	-0.028087	-0.026613	-0.024615	-0.009256	-0.024183	-0.010499	
-0.037127	-0.019371	-0.017308	-0.009296	-0.012036	0.000433	-0.004188	-0.004910	-0.025878	-0.019672	-0.046833	-0.038691	-0.059130	-0.038121	-0.036754	-0.008586	-0.019592	-0.026103	-0.037611	-0.021837	-0.010800	-0.016709	0.012557	0.977286	-0.044222	-0.030040	-0.038891	-0.021136	-0.029944	-0.039298	-0.035323	-0.042825	-0.017224	-0.020071	0.009132	-0.006953	-0.027691	-0.033422	-0.039197	-0.037910	-0.027722	-0.038236	-0.024594	-0.010708	-0.022705	-0.005419	-0.023710	-0.012520	
-0.011084	-0.021605	-0.009667	-0.028006	-0.021119	-0.018989	0.001696	-0.029240	-0.054949	-0.053035	-0.056803	-0.049492	-0.041563	-0.031470	-0.035971	-0.047847	-0.045437	-0.029580	-0.056397	-0.055084	-0.023583	-0.036952	-0.013090	-0.044222	0.884547	0.079585	0.211293	0.071979	-0.027549	-0.019095	-0.026813	-0.029434	-0.016820	-0.016128	-0.016473	-0.008596	-0.039852	-0.034248	-0.057735	-0.055981	-0.059582	-0.044451	-0.038148	-0.038619	-0.027190	-0.036756	-0.017647	-0.025768	
-0.028460	-0.023036	-0.016867	-0.022883	-0.025265	-0.016113	-0.027402	-0.026689	-0.047497	-0.044260	-0.068612	-0.057351	-0.066790	-0.009607	-0.037552	-0.039605	-0.046697	-0.022962	-0.053083	-0.047278	-0.027391	-0.041631	-0.025233	-0.030040	0.079585	0.865431	0.080239	0.208335	-0.017314	-0.012529	-0.022953	-0.016287	-0.019452	-0.025752	-0.023637	-0.017080	-0.030386	-0.021968	-0.043245	-0.046316	-0.046659	-0.045841	-0.048861	-0.035994	-0.027260	-0.028751	-0.018555	-0.028833	
-0.014693	-0.017993	-0.014884	-0.035998	-0.029553	-0.015034	-0.001033	-0.028299	-0.049854	-0.046787	-0.059106	-0.048937	-0.044341	-0.033025	-0.048613	-0.050082	-0.053251	-0.025474	-0.056510	-0.053896	-0.027419	-0.029917	-0.020965	-0.038891	0.211293	0.080239	0.882971	0.103360	-0.026958	-0.021995	-0.012187	-0.031261	-0.004384	-0.026871	-0.023689	-0.011860	-0.046160	-0.035060	-0.045072	-0.053982	-0.062248	-0.057847	-0.038125	-0.029864	-0.029208	-0.034432	-0.014798	-0.028711	
-0.028561	-0.032824	-0.010208	-0.014192	-0.016688	-0.007807	-0.021286	-0.020660	-0.056837	-0.060411	-0.065658	-0.048384	-0.050242	-0.034621	-0.027647	-0.041854	-0.055635	-0.035451	-0.054117	-0.056664	-0.041407	-0.035790	-0.026680	-0.021136	0.071979	0.208335	0.103360	0.934454	-0.026145	-0.032671	-0.022962	-0.027001	-0.030678	-0.030311	-0.030498	-0.024935	-0.049363	-0.045897	-0.041912	-0.050913	-0.031436	-0.037097	-0.023914	-0.036881	-0.023059	-0.022665	-0.018341	-0.041793	
-0.018534	-0.025457	-0.029981	-0.033334	-0.035194	-0.020559	-0.023144	-0.022583	-0.040148	-0.070569	-0.060007	-0.048095	-0.024584	-0.025832	-0.008603	-0.024575	-0.039521	-0.022141	-0.056773	-0.017792	-0.032359	-0.024819	-0.024226	-0.029944	-0.027549	-0.017314	-0.026958	-0.026145	1.007269	0.124752	0.112409	0.128203	-0.041248	-0.026770	-0.027963	-0.023506	-0.055203	-0.062893	-0.047828	-0.035942	-0.058212	-0.043319	-0.046845	-0.060414	-0.038325	-0.031893	-0.034802	-0.039013	
-0.040946	-0.043934	-0.023486	-0.016676	-0.040761	-0.031850	-0.031222	-0.020293	-0.058045	-0.058058	0.003778	-0.049096	-0.019532	-0.016971	-0.022680	-0.026945	-0.044214	-0.047055	0.039997	-0.044486	-0.027807	-0.035270	-0.046457	-0.039298	-0.019095	-0.012529	-0.021995	-0.032671	0.124752	1.000255	0.140337	0.122547	-0.030648	-0.044387	-0.040020	-0.032017	-0.052182	-0.068953	-0.061518	-0.032893	-0.052652	-0.058265	-0.042065	-0.055307	-0.033263	-0.034229	-0.033742	-0.044976	
-0.004182	-0.041973	-0.021157	-0.034846	-0.031732	-0.027259	-0.024841	-0.032301	-0.056824	-0.043539	-0.063662	-0.057534	-0.016440	-0.004430	-0.003675	-0.040267	-0.057684	-0.048792	-0.062218	-0.032317	-0.032955	-0.014979	-0.043104	-0.035323	-0.026813	-0.022953	-0.012187	-0.022962	0.112409	0.140337	1.024352	0.140588	-0.028901	-0.027169	-0.029240	-0.048656	-0.050978	-0.046036	-0.045270	-0.042192	-0.060107	-0.052780	-0.052287	-0.044322	-0.031327	-0.041654	-0.033983	-0.033347	
-0.016639	-0.020416	-0.015487	-0.027691	-0.032833	-0.013217	-0.023581	-0.022770	-0.056042	-0.066045	-0.052977	-0.041152	-0.024684	-0.015116	-0.005927	-0.033600	-0.053746	-0.036125	-0.061672	-0.059365	-0.031609	-0.025427	-0.031874	-0.042825	-0.029434	-0.016287	-0.031261	-0.027001	0.128203	0.122547	0.140588	0.954466	-0.014453	-0.025336	-0.025966	-0.025323	-0.048697	-0.055853	-0.061462	-0.045526	-0.048957	-0.030984	-0.034824	-0.042551	-0.037095	-0.034698	-0.032718	-0.035252	
-0.002221	-0.020048	-0.010807	-0.021986	-0.020300	0.008549	0.004549	-0.000192	-0.029961	-0.049477	-0.034010	-0.040865	-0.056478	-0.034936	-0.044262	-0.054285	-0.021958	-0.019002	-0.032514	-0.045523	-0.005554	-0.013540	-0.007595	-0.017224	-0.016820	-0.019452	-0.004384	-0.030678	-0.041248	-0.030648	-0.028901	-0.014453	0.893618	0.000675	0.011351	0.002021	-0.038771	-0.029224	-0.051145	-0.038288	-0.048899	-0.027190	-0.023649	-0.031692	-0.003020	-0.016360	-0.004244	-0.019493	
-0.011106	-0.043075	-0.022634	-0.026784	-0.014312	-0.005961	-0.006033	-0.021114	-0.030754	-0.026995	-0.050342	-0.038401	-0.044080	-0.033063	-0.023958	-0.048967	-0.000188	-0.024097	-0.035066	-0.018890	-0.000316	-0.013907	0.008992	-0.020071	-0.016128	-0.025752	-0.026871	-0.030311	-0.026770	-0.044387	-0.027169	-0.025336	0.000675	0.914288	0.015612	0.019544	-0.045822	-0.030920	-0.057946	-0.033245	-0.028540	-0.024502	-0.030111	-0.035383	-0.013315	-0.024527	-0.016548	-0.012863	
-0.034262	-0.030985	-0.027376	-0.025164	-0.020508	-0.003920	-0.008880	-0.034174	-0.019438	-0.029719	-0.046013	-0.023593	-0.027964	-0.035814	-0.016462	-0.033663	-0.007303	-0.018406	-0.042077	-0.040946	-0.007456	-0.020849	-0.008336	0.009132	-0.016473	-0.023637	-0.023689	-0.030498	-0.027963	-0.040020	-0.029240	-0.025966	0.011351	0.015612	0.909522	0.026153	-0.037210	-0.042598	-0.038842	-0.047661	-0.031361	-0.037601	-0.021732	-0.045167	0.002046	-0.019494	-0.024871	-0.006356	
-0.029529	-0.024813	-0.018449	-0.023375	-0.019469	-0.004894	0.001727	-0.025206	-0.037077	-0.031318	-0.054072	-0.035922	-0.050175	-0.031078	-0.047460	-0.043367	-0.038399	0.001283	-0.041029	-0.033899	-0.011093	-0.030394	-0.001468	-0.006953	-0.008596	-0.017080	-0.011860	-0.024935	-0.023506	-0.032017	-0.048656	-0.025323	0.002021	0.019544	0.026153	0.912088	-0.033318	-0.032138	-0.028646	-0.029712	-0.035618	-0.031562	-0.023014	-0.024357	-0.021391	-0.010901	-0.016791	-0.019046	
-0.038798	-0.047705	-0.027606	-0.044052	-0.028539	-0.038116	-0.053274	-0.021093	-0.011340	0.012403	-0.022176	0.007905	-0.052987	-0.053849	-0.050859	-0.045306	-0.016064	-0.002482	-0.032127	-0.028920	-0.031288	-0.047823	-0.019808	-0.027691	-0.039852	-0.030386	-0.046160	-0.049363	-0.055203	-0.052182	-0.050978	-0.048697	-0.038771	-0.045822	-0.037210	-0.033318	1.063703	0.192300	0.120420	-0.016546	-0.024024	-0.028074	-0.021333	-0.014890	-0.029692	-0.032489	-0.042453	-0.023198	
-0.059386	-0.048391	-0.038278	-0.052027	-0.032468	-0.033578	-0.033631	-0.013329	-0.007710	0.015168	-0.020806	0.021201	-0.058060	-0.041193	-0.060611	-0.061159	-0.027914	-0.008015	-0.040560	-0.023287	-0.048110	-0.044325	-0.033199	-0.033422	-0.034248	-0.021968	-0.035060	-0.045897	-0.062893	-0.068953	-0.046036	-0.055853	-0.029224	-0.030920	-0.042598	-0.032138	0.192300	1.056718	0.168879	-0.009983	-0.045144	-0.023823	-0.018459	-0.015382	-0.025478	-0.032900	-0.022414	-0.032839	
-0.047860	0.008598	-0.023772	-0.013118	-0.038961	-0.042390	-0.046069	-0.025907	-0.013292	-0.010129	0.010025	0.005210	-0.048810	-0.043300	-0.073383	-0.080677	-0.002348	-0.047770	-0.017812	-0.036732	-0.033630	-0.044126	-0.037980	-0.039197	-0.057735	-0.043245	-0.045072	-0.041912	-0.047828	-0.061518	-0.045270	-0.061462	-0.051145	-0.057946	-0.038842	-0.028646	0.120420	0.168879	1.240590	-0.052415	-0.008326	-0.032720	-0.031182	-0.032667	-0.055266	-0.053967	-0.032574	-0.059076	
-0.032857	-0.028011	-0.040922	-0.033625	-0.035741	-0.046018	-0.055350	-0.045167	0.012359	0.010894	0.007095	0.030257	-0.010621	-0.039109	-0.018138	-0.024593	-0.030133	-0.021951	-0.001700	-0.002212	-0.018593	-0.043601	-0.047299	-0.037910	-0.055981	-0.046316	-0.053982	-0.050913	-0.035942	-0.032893	-0.042192	-0.045526	-0.038288	-0.033245	-0.047661	-0.029712	-0.016546	-0.009983	-0.052415	1.066566	0.031250	0.013253	0.042232	0.006672	-0.032438	-0.012812	-0.042087	-0.034665	
-0.026020	-0.031050	-0.028395	-0.032667	-0.038416	-0.028852	-0.025015	-0.032538	-0.003869	-0.004588	-0.031489	0.000708	-0.035350	-0.057496	-0.021834	-0.027899	-0.022556	-0.023085	-0.034448	-0.038695	-0.020530	-0.019056	-0.021868	-0.027722	-0.059582	-0.046659	-0.062248	-0.031436	-0.058212	-0.052652	-0.060107	-0.048957	-0.048899	-0.028540	-0.031361	-0.035618	-0.024024	-0.045144	-0.008326	0.031250	1.062644	0.045687	0.051922	0.072653	-0.005961	-0.038762	-0.029077	-0.022032	
-0.009906	-0.034009	-0.029578	-0.040004	-0.015266	-0.045567	-0.038074	-0.010179	-0.002691	0.004408	-0.008324	0.002246	-0.063385	-0.055981	-0.044144	-0.053068	-0.028793	-0.018818	-0.020732	-0.021996	-0.018956	-0.008871	-0.016094	-0.038236	-0.044451	-0.045841	-0.057847	-0.037097	-0.043319	-0.058265	-0.052780	-0.030984	-0.027190	-0.024502	-0.037601	-0.031562	-0.028074	-0.023823	-0.032720	0.013253	0.045687	1.056710	0.018484	-0.000695	-0.024747	-0.024251	-0.019137	-0.021847	
-0.023209	-0.032856	-0.024439	-0.033644	-0.030921	-0.029537	-0.028908	-0.049933	-0.002525	0.009441	-0.029259	0.010214	-0.046361	-0.053813	-0.031290	-0.059879	-0.020581	-0.026725	-0.048284	-0.034422	-0.029860	-0.020072	-0.028087	-0.024594	-0.038148	-0.048861	-0.038125	-0.023914	-0.046845	-0.042065	-0.052287	-0.034824	-0.023649	-0.030111	-0.021732	-0.023014	-0.021333	-0.018459	-0.031182	0.042232	0.051922	0.018484	0.993322	0.022283	-0.016572	-0.017647	-0.017521	-0.037992	
-0.037861	-0.042992	-0.050939	-0.050055	-0.032134	-0.042046	-0.026416	-0.034009	0.010338	0.009944	-0.027396	0.001505	-0.056131	-0.047578	-0.055622	-0.005797	-0.033227	-0.045828	-0.038782	-0.024594	-0.030696	-0.031656	-0.026613	-0.010708	-0.038619	-0.035994	-0.029864	-0.036881	-0.060414	-0.055307	-0.044322	-0.042551	-0.031692	-0.035383	-0.045167	-0.024357	-0.014890	-0.015382	-0.032667	0.006672	0.072653	-0.000695	0.022283	1.107017	-0.033797	-0.036632	-0.034118	0.026983	
-0.016095	-0.027076	-0.015264	-0.020976	-0.009204	-0.011367	-0.019246	-0.022213	-0.028410	-0.034883	-0.049607	-0.032636	-0.052576	-0.049806	-0.019673	-0.055963	-0.016637	-0.016802	-0.050317	-0.034386	-0.018170	-0.016048	-0.024615	-0.022705	-0.027190	-0.027260	-0.029208	-0.023059	-0.038325	-0.033263	-0.031327	-0.037095	-0.003020	-0.013315	0.002046	-0.021391	-0.029692	-0.025478	-0.055266	-0.032438	-0.005961	-0.024747	-0.016572	-0.033797	0.970279	0.009624	0.006700	0.005295	
-0.018708	-0.022758	-0.003539	-0.002304	-0.013019	-0.002519	-0.011811	-0.012584	-0.049112	-0.017804	-0.046594	-0.025695	-0.044731	-0.038091	-0.031019	-0.047932	-0.019311	-0.022314	-0.049232	-0.044016	-0.027996	-0.028108	-0.009256	-0.005419	-0.036756	-0.028751	-0.034432	-0.022665	-0.031893	-0.034229	-0.041654	-0.034698	-0.016360	-0.024527	-0.019494	-0.010901	-0.032489	-0.032900	-0.053967	-0.012812	-0.038762	-0.024251	-0.017647	-0.036632	0.009624	0.981957	-0.005000	0.021712	
-0.025515	-0.018700	-0.014343	-0.020752	-0.023457	-0.001795	-0.007108	-0.007137	-0.028219	-0.031643	-0.042131	-0.033590	-0.048769	-0.055265	-0.056783	-0.028314	0.006386	-0.014955	-0.026637	-0.012352	-0.028401	-0.021554	-0.024183	-0.023710	-0.017647	-0.018555	-0.014798	-0.018341	-0.034802	-0.033742	-0.033983	-0.032718	-0.004244	-0.016548	-0.024871	-0.016791	-0.042453	-0.022414	-0.032574	-0.042087	-0.029077	-0.019137	-0.017521	-0.034118	0.006700	-0.005000	0.950828	-0.012348	
-0.029593	-0.015325	-0.021665	-0.031248	-0.003966	-0.011861	-0.007424	-0.003991	-0.019652	-0.025837	-0.051303	-0.020408	-0.030243	-0.026211	-0.052179	-0.016257	-0.016215	-0.018810	-0.038797	-0.042179	-0.010720	-0.046721	-0.010499	-0.012520	-0.025768	-0.028833	-0.028711	-0.041793	-0.039013	-0.044976	-0.033347	-0.035252	-0.019493	-0.012863	-0.006356	-0.019046	-0.023198	-0.032839	-0.059076	-0.034665	-0.022032	-0.021847	-0.037992	0.026983	0.005295	0.021712	-0.012348	0.933681	
